nan
nan
nan
nan
nan
nan
nan
nan
nan
nan
nan
nan
nan
nan
nan
nan
nan
nan
nan
nan
nan
nan
nan
nan
nan
nan
nan
1.057519836425781250e+02
1.024450683593750000e+02
1.012230911254882812e+02
9.826907348632812500e+01
9.923951721191406250e+01
9.974678802490234375e+01
9.942420196533203125e+01
1.004810867309570312e+02
1.036091537475585938e+02
1.017973632812500000e+02
1.022041854858398438e+02
1.032437820434570312e+02
1.057292022705078125e+02
1.012782287597656250e+02
9.836533355712890625e+01
9.898683929443359375e+01
1.037728652954101562e+02
1.051928329467773438e+02
1.044683609008789062e+02
1.036678314208984375e+02
1.041017303466796875e+02
1.056148452758789062e+02
1.023371353149414062e+02
1.008540039062500000e+02
1.004997634887695312e+02
1.033859558105468750e+02
1.065661392211914062e+02
1.082544784545898438e+02
1.111788864135742188e+02
1.095909652709960938e+02
1.076663436889648438e+02
1.040903625488281250e+02
1.038644561767578125e+02
1.054359207153320312e+02
1.063450317382812500e+02
1.042980880737304688e+02
1.033551254272460938e+02
1.033646240234375000e+02
1.041579437255859375e+02
1.053376770019531250e+02
1.049030990600585938e+02
1.032173919677734375e+02
1.020621414184570312e+02
1.019488677978515625e+02
1.038867492675781250e+02
1.037768936157226562e+02
1.034611053466796875e+02
1.048521499633789062e+02
1.054043121337890625e+02
1.068432235717773438e+02
1.050500030517578125e+02
1.038270874023437500e+02
1.018228836059570312e+02
1.055342407226562500e+02
1.054858856201171875e+02
1.040300903320312500e+02
1.028115463256835938e+02
1.037571640014648438e+02
1.050905456542968750e+02
1.022996597290039062e+02
1.026323394775390625e+02
1.026918716430664062e+02
1.039019165039062500e+02
1.048623275756835938e+02
1.047143936157226562e+02
1.049419708251953125e+02
1.069423141479492188e+02
1.079604797363281250e+02
1.078799285888671875e+02
1.084897384643554688e+02
1.078508300781250000e+02
1.070470046997070312e+02
1.050970611572265625e+02
1.041468582153320312e+02
1.017396163940429688e+02
1.014617996215820312e+02
1.033715744018554688e+02
1.060930099487304688e+02
1.070637664794921875e+02
1.057619247436523438e+02
1.034420089721679688e+02
1.021509094238281250e+02
1.018611679077148438e+02
1.025700378417968750e+02
1.048416213989257812e+02
1.062294616699218750e+02
1.055698013305664062e+02
1.048771133422851562e+02
1.059315948486328125e+02
1.062674942016601562e+02
1.059963378906250000e+02
1.044843139648437500e+02
1.032244338989257812e+02
1.018607177734375000e+02
1.032104873657226562e+02
1.031666870117187500e+02
1.036025009155273438e+02
1.031074523925781250e+02
1.073205337524414062e+02
1.092912597656250000e+02
1.075794448852539062e+02
1.057542419433593750e+02
1.042372055053710938e+02
1.058522567749023438e+02
1.049257049560546875e+02
1.038328857421875000e+02
1.038044433593750000e+02
1.058479385375976562e+02
1.067976150512695312e+02
1.064897994995117188e+02
1.056185836791992188e+02
1.047202148437500000e+02
1.058475952148437500e+02
1.052766876220703125e+02
1.034455490112304688e+02
1.037510070800781250e+02
1.023251647949218750e+02
1.038776321411132812e+02
1.049253082275390625e+02
1.051895904541015625e+02
1.052309951782226562e+02
1.054807739257812500e+02
1.046018676757812500e+02
1.044021759033203125e+02
1.051191406250000000e+02
1.048314208984375000e+02
1.059303207397460938e+02
1.063396453857421875e+02
1.065557098388671875e+02
1.076355285644531250e+02
1.072627563476562500e+02
1.076459503173828125e+02
1.065178070068359375e+02
1.073093338012695312e+02
1.082149200439453125e+02
1.084015121459960938e+02
1.080288391113281250e+02
1.066477661132812500e+02
1.070639724731445312e+02
1.064631271362304688e+02
1.072633438110351562e+02
1.065685195922851562e+02
1.069521636962890625e+02
1.070882568359375000e+02
1.082102966308593750e+02
1.082338943481445312e+02
1.065809173583984375e+02
1.060023117065429688e+02
1.053202285766601562e+02
1.062384567260742188e+02
1.067468948364257812e+02
1.069065551757812500e+02
1.085621948242187500e+02
1.088963851928710938e+02
1.084172515869140625e+02
1.059066390991210938e+02
1.045242843627929688e+02
1.032128372192382812e+02
1.045290985107421875e+02
1.051684341430664062e+02
1.047932662963867188e+02
1.059717483520507812e+02
1.062120513916015625e+02
1.082580947875976562e+02
1.094822921752929688e+02
1.098347015380859375e+02
1.094072799682617188e+02
1.082691802978515625e+02
1.093410949707031250e+02
1.097988662719726562e+02
1.103187789916992188e+02
1.111215286254882812e+02
1.101947479248046875e+02
1.095985565185546875e+02
1.070255050659179688e+02
1.060132369995117188e+02
1.061118316650390625e+02
1.060786666870117188e+02
1.056882400512695312e+02
1.046935424804687500e+02
1.032594909667968750e+02
1.020553131103515625e+02
1.029547348022460938e+02
1.042636337280273438e+02
1.058796310424804688e+02
1.065059661865234375e+02
1.065763168334960938e+02
1.056557769775390625e+02
1.051772994995117188e+02
1.052735824584960938e+02
1.061522064208984375e+02
1.074913558959960938e+02
1.072620315551757812e+02
1.061534652709960938e+02
1.048533325195312500e+02
1.053704757690429688e+02
1.053463211059570312e+02
1.055078659057617188e+02
1.048590698242187500e+02
1.054808731079101562e+02
1.058994369506835938e+02
1.081723861694335938e+02
1.093340759277343750e+02
1.077703781127929688e+02
1.073377685546875000e+02
1.071654510498046875e+02
1.066345138549804688e+02
1.047187805175781250e+02
1.037851638793945312e+02
1.053049774169921875e+02
1.067273864746093750e+02
1.075658187866210938e+02
1.075977859497070312e+02
1.063580551147460938e+02
1.050886993408203125e+02
1.037465896606445312e+02
1.047978591918945312e+02
1.069085388183593750e+02
1.081699066162109375e+02
1.086264114379882812e+02
1.103686065673828125e+02
1.111954498291015625e+02
1.120497741699218750e+02
1.134321823120117188e+02
1.160028457641601562e+02
1.201864166259765625e+02
1.218499984741210938e+02
1.206893157958984375e+02
1.171569213867187500e+02
1.123029708862304688e+02
1.091831665039062500e+02
1.063192672729492188e+02
1.047444610595703125e+02
1.048010025024414062e+02
1.056418991088867188e+02
1.059703445434570312e+02
1.052939910888671875e+02
1.055587692260742188e+02
1.056181335449218750e+02
1.057815170288085938e+02
1.059746627807617188e+02
1.052631301879882812e+02
1.052574768066406250e+02
1.047254104614257812e+02
1.043146667480468750e+02
1.053291854858398438e+02
1.060634765625000000e+02
1.054863128662109375e+02
1.045900421142578125e+02
1.036281127929687500e+02
1.031996841430664062e+02
1.047681427001953125e+02
1.066870956420898438e+02
1.060692367553710938e+02
1.065489044189453125e+02
1.058113555908203125e+02
1.059948120117187500e+02
1.057720642089843750e+02
1.047640457153320312e+02
1.052679672241210938e+02
1.047053909301757812e+02
1.043730010986328125e+02
1.040730361938476562e+02
1.041649169921875000e+02
1.031750335693359375e+02
1.036885147094726562e+02
1.024744110107421875e+02
1.025474014282226562e+02
1.018486404418945312e+02
1.013048782348632812e+02
1.015062179565429688e+02
1.020408554077148438e+02
1.045965194702148438e+02
1.060972595214843750e+02
1.064858932495117188e+02
1.042875595092773438e+02
1.018796691894531250e+02
1.011035842895507812e+02
9.991165924072265625e+01
1.008242111206054688e+02
1.008794174194335938e+02
1.019881057739257812e+02
1.017588424682617188e+02
1.011006546020507812e+02
1.004965515136718750e+02
9.893955230712890625e+01
9.860737609863281250e+01
9.806003570556640625e+01
9.830650329589843750e+01
9.825441741943359375e+01
9.828260803222656250e+01
9.981826782226562500e+01
1.012296447753906250e+02
1.004455108642578125e+02
1.000405502319335938e+02
9.843534088134765625e+01
9.851911926269531250e+01
9.902720642089843750e+01
9.931729888916015625e+01
9.908747100830078125e+01
9.820542907714843750e+01
9.883353424072265625e+01
1.003453445434570312e+02
1.001763000488281250e+02
9.917958831787109375e+01
9.825901794433593750e+01
9.913232421875000000e+01
1.005470352172851562e+02
1.011006698608398438e+02
9.989227294921875000e+01
9.765754699707031250e+01
9.616650390625000000e+01
9.611083984375000000e+01
9.758808135986328125e+01
9.862056732177734375e+01
9.783957672119140625e+01
9.687795257568359375e+01
9.635361480712890625e+01
9.699038696289062500e+01
9.629634094238281250e+01
9.650846099853515625e+01
9.668563079833984375e+01
9.725835418701171875e+01
9.727281188964843750e+01
9.696897888183593750e+01
9.752136230468750000e+01
9.748777770996093750e+01
9.871538543701171875e+01
9.904171752929687500e+01
9.934596252441406250e+01
9.946807861328125000e+01
9.855261230468750000e+01
9.774122619628906250e+01
9.631676483154296875e+01
9.486277770996093750e+01
9.366559600830078125e+01
9.409167480468750000e+01
9.530146789550781250e+01
9.663510894775390625e+01
9.616878509521484375e+01
9.578727722167968750e+01
9.486334991455078125e+01
9.434420013427734375e+01
9.409258270263671875e+01
9.385088348388671875e+01
9.420817565917968750e+01
9.480492401123046875e+01
9.446651458740234375e+01
9.363397979736328125e+01
9.372439575195312500e+01
9.310486602783203125e+01
9.414191436767578125e+01
9.512494659423828125e+01
9.626476287841796875e+01
9.670895385742187500e+01
9.499572753906250000e+01
9.340634155273437500e+01
9.376174926757812500e+01
9.235531616210937500e+01
9.212112426757812500e+01
9.099807739257812500e+01
9.000690460205078125e+01
9.008795928955078125e+01
8.986827850341796875e+01
9.105126190185546875e+01
9.127682495117187500e+01
9.149261474609375000e+01
9.135955810546875000e+01
9.199763488769531250e+01
9.136955261230468750e+01
9.098683929443359375e+01
8.948653411865234375e+01
8.877404022216796875e+01
8.891701507568359375e+01
8.945903778076171875e+01
8.998074340820312500e+01
9.034875488281250000e+01
8.938801574707031250e+01
8.882343292236328125e+01
8.948986053466796875e+01
8.974428558349609375e+01
9.057240295410156250e+01
9.015824890136718750e+01
8.908359527587890625e+01
8.813000488281250000e+01
8.737043762207031250e+01
8.757097625732421875e+01
8.688197326660156250e+01
8.698979187011718750e+01
8.783721160888671875e+01
8.975598144531250000e+01
9.122470855712890625e+01
9.194453430175781250e+01
9.179515075683593750e+01
9.340814208984375000e+01
9.384598541259765625e+01
9.248889923095703125e+01
8.991996002197265625e+01
8.919200134277343750e+01
8.976869964599609375e+01
8.913933563232421875e+01
8.958786773681640625e+01
8.814871978759765625e+01
8.921686553955078125e+01
8.830980682373046875e+01
8.909127044677734375e+01
8.879809570312500000e+01
9.010736083984375000e+01
8.941128540039062500e+01
8.951848602294921875e+01
8.926033782958984375e+01
8.931794738769531250e+01
8.843307495117187500e+01
8.765260314941406250e+01
8.726758575439453125e+01
8.692611694335937500e+01
8.738941192626953125e+01
8.815425109863281250e+01
8.787957000732421875e+01
8.768410491943359375e+01
8.703244781494140625e+01
8.787713623046875000e+01
8.679552459716796875e+01
8.698583221435546875e+01
8.762018585205078125e+01
8.724911499023437500e+01
8.597674560546875000e+01
8.602419281005859375e+01
8.623993682861328125e+01
8.770111083984375000e+01
8.760262298583984375e+01
8.764444732666015625e+01
8.770561218261718750e+01
8.855315399169921875e+01
9.024729919433593750e+01
9.004275512695312500e+01
9.002236938476562500e+01
8.882250213623046875e+01
8.894250488281250000e+01
8.920481109619140625e+01
8.777708435058593750e+01
8.711521148681640625e+01
8.619958496093750000e+01
8.665336608886718750e+01
8.712412261962890625e+01
8.850555419921875000e+01
8.961200714111328125e+01
9.026834106445312500e+01
8.934291839599609375e+01
8.948352050781250000e+01
8.905444335937500000e+01
8.622328186035156250e+01
8.412401580810546875e+01
8.353420257568359375e+01
8.429251861572265625e+01
8.532884216308593750e+01
8.694001770019531250e+01
8.738545989990234375e+01
8.692938232421875000e+01
8.703601837158203125e+01
8.572455596923828125e+01
8.495573425292968750e+01
8.433261871337890625e+01
8.555778503417968750e+01
8.592076873779296875e+01
8.613634490966796875e+01
8.559323883056640625e+01
8.457455444335937500e+01
8.419445037841796875e+01
8.351123809814453125e+01
8.386862945556640625e+01
8.530908966064453125e+01
8.761437988281250000e+01
9.026544189453125000e+01
9.071727752685546875e+01
9.144007110595703125e+01
9.203151702880859375e+01
9.296725463867187500e+01
9.396304321289062500e+01
9.276222991943359375e+01
9.255920410156250000e+01
9.226828002929687500e+01
9.146242523193359375e+01
9.041490936279296875e+01
9.009782409667968750e+01
8.834512329101562500e+01
8.721370697021484375e+01
8.665829467773437500e+01
8.586849975585937500e+01
8.489238739013671875e+01
8.353141784667968750e+01
8.399404144287109375e+01
8.553070831298828125e+01
8.631638336181640625e+01
8.719925689697265625e+01
8.809369659423828125e+01
9.516285705566406250e+01
9.662012481689453125e+01
9.424166107177734375e+01
8.774714660644531250e+01
8.660334014892578125e+01
8.626912689208984375e+01
8.736520385742187500e+01
8.751053619384765625e+01
9.262887573242187500e+01
9.611168670654296875e+01
9.796797943115234375e+01
9.575912475585937500e+01
9.384841918945312500e+01
9.118041229248046875e+01
8.912681579589843750e+01
8.797762298583984375e+01
8.667271423339843750e+01
8.713862609863281250e+01
8.697656250000000000e+01
8.562438964843750000e+01
8.450913238525390625e+01
8.426314544677734375e+01
8.403295898437500000e+01
8.339830780029296875e+01
8.397863769531250000e+01
8.395217895507812500e+01
8.423192596435546875e+01
8.362631225585937500e+01
8.323626708984375000e+01
8.321543121337890625e+01
8.419549560546875000e+01
8.442627716064453125e+01
8.588837432861328125e+01
8.617115020751953125e+01
8.701143646240234375e+01
8.623177337646484375e+01
8.671064758300781250e+01
8.823484802246093750e+01
8.771379852294921875e+01
8.660252380371093750e+01
8.532820129394531250e+01
8.284415435791015625e+01
8.023630523681640625e+01
7.962652587890625000e+01
8.037701416015625000e+01
8.171154022216796875e+01
8.358937835693359375e+01
8.392790985107421875e+01
8.433650970458984375e+01
8.385104370117187500e+01
8.425637817382812500e+01
8.515804290771484375e+01
8.461107635498046875e+01
8.417412567138671875e+01
8.306938934326171875e+01
8.341772460937500000e+01
8.243389129638671875e+01
8.385270690917968750e+01
8.306836700439453125e+01
8.285990142822265625e+01
8.398088836669921875e+01
8.610964965820312500e+01
8.662492370605468750e+01
8.410898590087890625e+01
8.227331542968750000e+01
8.179136657714843750e+01
8.157823181152343750e+01
8.042718505859375000e+01
8.006912231445312500e+01
8.033139801025390625e+01
7.913564300537109375e+01
7.857350158691406250e+01
7.687409973144531250e+01
7.745169067382812500e+01
7.825594329833984375e+01
7.941389465332031250e+01
7.989608764648437500e+01
8.129926300048828125e+01
8.125183868408203125e+01
7.977591705322265625e+01
7.832729339599609375e+01
7.821868133544921875e+01
7.979724121093750000e+01
8.161293792724609375e+01
8.134037017822265625e+01
8.101170349121093750e+01
7.895237731933593750e+01
7.953269195556640625e+01
7.838780212402343750e+01
7.840644073486328125e+01
7.721363067626953125e+01
7.808209991455078125e+01
7.812225341796875000e+01
7.748570251464843750e+01
7.753741455078125000e+01
7.772339630126953125e+01
7.788353729248046875e+01
7.735811614990234375e+01
7.652967071533203125e+01
7.654483795166015625e+01
7.734719848632812500e+01
7.811864471435546875e+01
7.769289398193359375e+01
7.758371734619140625e+01
7.617967224121093750e+01
7.490463256835937500e+01
7.416753387451171875e+01
7.388275146484375000e+01
7.433885192871093750e+01
7.400679779052734375e+01
7.469587707519531250e+01
7.492892456054687500e+01
7.617353820800781250e+01
7.573587799072265625e+01
7.586209106445312500e+01
7.483303833007812500e+01
7.579290771484375000e+01
7.696099853515625000e+01
7.683511352539062500e+01
7.614899444580078125e+01
7.544489288330078125e+01
7.444402313232421875e+01
7.430860900878906250e+01
7.324559783935546875e+01
7.324464416503906250e+01
7.304355621337890625e+01
7.295705413818359375e+01
7.367810821533203125e+01
7.387197875976562500e+01
7.576072692871093750e+01
7.587167358398437500e+01
7.590851593017578125e+01
7.435994720458984375e+01
7.341950988769531250e+01
7.330481719970703125e+01
7.346717071533203125e+01
7.336333465576171875e+01
7.283402252197265625e+01
7.195236206054687500e+01
7.156481170654296875e+01
7.077388763427734375e+01
7.102581787109375000e+01
7.112440490722656250e+01
7.164536285400390625e+01
7.165509796142578125e+01
7.255180358886718750e+01
7.349068450927734375e+01
7.331738281250000000e+01
7.226925659179687500e+01
7.091623687744140625e+01
7.124198913574218750e+01
7.096360778808593750e+01
7.183226013183593750e+01
7.220247650146484375e+01
7.238578796386718750e+01
7.191019439697265625e+01
7.104430389404296875e+01
7.161521148681640625e+01
7.231722259521484375e+01
7.139220428466796875e+01
7.050590515136718750e+01
6.972438049316406250e+01
7.029937744140625000e+01
6.987363433837890625e+01
6.883640289306640625e+01
6.751895141601562500e+01
6.870691680908203125e+01
7.060556793212890625e+01
7.111808013916015625e+01
7.088866424560546875e+01
6.839133453369140625e+01
6.769288635253906250e+01
6.759642028808593750e+01
6.780952453613281250e+01
6.787850952148437500e+01
6.755227661132812500e+01
6.867003631591796875e+01
6.983957672119140625e+01
7.113555908203125000e+01
7.130513763427734375e+01
7.003928375244140625e+01
6.937656402587890625e+01
6.930009460449218750e+01
6.865948486328125000e+01
6.655252838134765625e+01
6.584524536132812500e+01
6.673604583740234375e+01
6.783744049072265625e+01
6.801779174804687500e+01
6.820329284667968750e+01
6.856783294677734375e+01
6.913525390625000000e+01
6.844439697265625000e+01
6.699730682373046875e+01
6.667510986328125000e+01
6.770806884765625000e+01
6.844344329833984375e+01
6.806854248046875000e+01
6.843795013427734375e+01
6.810016632080078125e+01
6.784922790527343750e+01
6.747755432128906250e+01
6.804024505615234375e+01
6.825276184082031250e+01
6.798572540283203125e+01
6.819509887695312500e+01
6.744952392578125000e+01
6.760078430175781250e+01
6.639714813232421875e+01
6.689052581787109375e+01
6.590441131591796875e+01
6.563938140869140625e+01
6.446787261962890625e+01
6.443860626220703125e+01
6.540391540527343750e+01
6.668964385986328125e+01
6.683659362792968750e+01
6.764308166503906250e+01
6.747148895263671875e+01
6.677711486816406250e+01
6.636257934570312500e+01
6.548126983642578125e+01
6.540062713623046875e+01
6.614636230468750000e+01
6.583099365234375000e+01
6.554841613769531250e+01
6.341474533081054688e+01
6.365111541748046875e+01
6.346113586425781250e+01
6.494377136230468750e+01
6.548972320556640625e+01
6.475845336914062500e+01
6.503187561035156250e+01
6.438296508789062500e+01
6.499622344970703125e+01
6.324366378784179688e+01
6.327429962158203125e+01
6.347805786132812500e+01
6.348025131225585938e+01
6.323162460327148438e+01
6.330999374389648438e+01
6.481345367431640625e+01
6.472346496582031250e+01
6.436437988281250000e+01
6.316978836059570312e+01
6.284506225585937500e+01
6.266850280761718750e+01
6.318870162963867188e+01
6.357829284667968750e+01
6.381797027587890625e+01
6.423450469970703125e+01
6.422492980957031250e+01
6.390619277954101562e+01
6.418807983398437500e+01
6.506007385253906250e+01
6.531999206542968750e+01
6.467745208740234375e+01
6.351927185058593750e+01
6.389541625976562500e+01
6.216430282592773438e+01
6.220793914794921875e+01
6.269249343872070312e+01
6.426114654541015625e+01
6.566072082519531250e+01
6.568891143798828125e+01
6.552719879150390625e+01
6.493436431884765625e+01
6.536829376220703125e+01
6.551475524902343750e+01
6.487667083740234375e+01
6.419178009033203125e+01
6.430313873291015625e+01
6.366614151000976562e+01
6.220792770385742188e+01
6.179059982299804688e+01
6.327522659301757812e+01
6.327070999145507812e+01
6.125234222412109375e+01
6.004196166992187500e+01
5.997142028808593750e+01
6.081406402587890625e+01
6.072220611572265625e+01
6.181204605102539062e+01
6.327595138549804688e+01
6.360467910766601562e+01
6.270459747314453125e+01
6.252566909790039062e+01
6.261354827880859375e+01
6.274731063842773438e+01
6.183308029174804688e+01
6.193882751464843750e+01
6.134826278686523438e+01
6.103448867797851562e+01
6.070534515380859375e+01
5.994748687744140625e+01
5.989987945556640625e+01
5.891386032104492188e+01
5.896859359741210938e+01
5.972550964355468750e+01
6.037250518798828125e+01
6.126605224609375000e+01
6.266834259033203125e+01
6.311698532104492188e+01
6.307608413696289062e+01
6.166415023803710938e+01
6.159189224243164062e+01
6.154567718505859375e+01
6.031443023681640625e+01
5.935803985595703125e+01
5.909395980834960938e+01
6.016698074340820312e+01
6.054927444458007812e+01
6.140467834472656250e+01
6.093229293823242188e+01
6.153384017944335938e+01
6.098251342773437500e+01
6.218771743774414062e+01
6.264176559448242188e+01
6.373486328125000000e+01
6.305439376831054688e+01
6.137342071533203125e+01
6.004823303222656250e+01
5.840430068969726562e+01
5.946391677856445312e+01
6.048843002319335938e+01
6.226627731323242188e+01
6.162536239624023438e+01
6.026214599609375000e+01
5.955701446533203125e+01
5.987424087524414062e+01
6.040874481201171875e+01
6.141888046264648438e+01
6.164375686645507812e+01
6.088386535644531250e+01
6.008926010131835938e+01
5.991007995605468750e+01
5.946729278564453125e+01
5.929322052001953125e+01
5.909955978393554688e+01
5.937021636962890625e+01
5.945905685424804688e+01
5.972505569458007812e+01
5.998815536499023438e+01
6.090077590942382812e+01
5.966220474243164062e+01
5.990307235717773438e+01
5.910464477539062500e+01
5.924858093261718750e+01
5.893440628051757812e+01
5.931850814819335938e+01
6.071747970581054688e+01
6.139429092407226562e+01
6.078032302856445312e+01
5.956548309326171875e+01
6.027691650390625000e+01
6.000693511962890625e+01
5.967073822021484375e+01
5.878756332397460938e+01
5.818627166748046875e+01
5.800372695922851562e+01
5.691597747802734375e+01
5.774900436401367188e+01
5.683864974975585938e+01
5.775093460083007812e+01
5.794955444335937500e+01
5.859801864624023438e+01
5.838893890380859375e+01
5.869816970825195312e+01
5.832215118408203125e+01
5.857466888427734375e+01
5.873886489868164062e+01
5.919556808471679688e+01
5.884736633300781250e+01
5.866005706787109375e+01
5.922106552124023438e+01
5.972403717041015625e+01
5.944290161132812500e+01
5.957953643798828125e+01
5.835016250610351562e+01
5.773874664306640625e+01
5.712194442749023438e+01
5.782670593261718750e+01
5.827432632446289062e+01
5.846711349487304688e+01
5.776599121093750000e+01
5.785459518432617188e+01
5.868033981323242188e+01
5.905789947509765625e+01
5.890111160278320312e+01
5.886408233642578125e+01
5.898161697387695312e+01
5.805533599853515625e+01
5.749657440185546875e+01
5.824314880371093750e+01
5.832300186157226562e+01
5.765052413940429688e+01
5.715650939941406250e+01
5.789902496337890625e+01
5.790708923339843750e+01
5.815268707275390625e+01
5.694333267211914062e+01
5.617527008056640625e+01
5.575329208374023438e+01
5.667776489257812500e+01
5.657915878295898438e+01
5.570731353759765625e+01
5.582036209106445312e+01
5.573728942871093750e+01
5.684158706665039062e+01
5.726387786865234375e+01
5.711740493774414062e+01
5.766174697875976562e+01
5.796616744995117188e+01
5.863773345947265625e+01
5.784178161621093750e+01
5.663766098022460938e+01
5.608699417114257812e+01
5.576364898681640625e+01
5.678034210205078125e+01
5.711685943603515625e+01
5.789727020263671875e+01
5.685594177246093750e+01
5.649278640747070312e+01
5.658750915527343750e+01
5.688340759277343750e+01
5.710765838623046875e+01
5.567922973632812500e+01
5.530269622802734375e+01
5.509420013427734375e+01
5.486952209472656250e+01
5.407229232788085938e+01
5.391372680664062500e+01
5.450251007080078125e+01
5.525684356689453125e+01
5.461695098876953125e+01
5.452715301513671875e+01
5.463377761840820312e+01
5.497963333129882812e+01
5.534577941894531250e+01
5.563053894042968750e+01
5.578403472900390625e+01
5.568478775024414062e+01
5.615386199951171875e+01
5.601617813110351562e+01
5.544900512695312500e+01
5.528280258178710938e+01
5.523640441894531250e+01
5.508813095092773438e+01
5.516054916381835938e+01
5.560036087036132812e+01
5.667947006225585938e+01
5.578554153442382812e+01
5.575811767578125000e+01
5.513195800781250000e+01
5.575663375854492188e+01
5.650413131713867188e+01
5.707562637329101562e+01
5.622716140747070312e+01
5.579812240600585938e+01
5.484819412231445312e+01
5.394743728637695312e+01
5.399446105957031250e+01
5.391912078857421875e+01
5.451428604125976562e+01
5.416984939575195312e+01
5.479546737670898438e+01
5.471427154541015625e+01
5.537846374511718750e+01
5.609632873535156250e+01
5.500718307495117188e+01
5.379267883300781250e+01
5.346900939941406250e+01
5.361753463745117188e+01
5.427635574340820312e+01
5.479852294921875000e+01
5.406431961059570312e+01
5.330685806274414062e+01
5.253261947631835938e+01
5.353504180908203125e+01
5.399435806274414062e+01
5.362215042114257812e+01
5.325736618041992188e+01
5.291954803466796875e+01
5.259622955322265625e+01
5.219211196899414062e+01
5.272304534912109375e+01
5.378889465332031250e+01
5.396958923339843750e+01
5.421310424804687500e+01
5.422179412841796875e+01
5.581491088867187500e+01
5.611654663085937500e+01
5.671704483032226562e+01
5.655075836181640625e+01
5.608689117431640625e+01
5.626037979125976562e+01
5.518946456909179688e+01
5.523601150512695312e+01
5.458941268920898438e+01
5.595818328857421875e+01
5.716532516479492188e+01
5.819048309326171875e+01
5.752979660034179688e+01
5.603456878662109375e+01
5.397859573364257812e+01
5.284072113037109375e+01
5.275922393798828125e+01
5.345016098022460938e+01
5.348078918457031250e+01
5.417563629150390625e+01
5.507101821899414062e+01
5.481099700927734375e+01
5.326951980590820312e+01
5.159471893310546875e+01
5.162288665771484375e+01
5.247549057006835938e+01
5.242127990722656250e+01
5.225084686279296875e+01
5.168363952636718750e+01
5.272300720214843750e+01
5.365442276000976562e+01
5.491342926025390625e+01
5.423551940917968750e+01
5.409406280517578125e+01
5.274265670776367188e+01
5.251799392700195312e+01
5.197438049316406250e+01
5.259522628784179688e+01
5.181370925903320312e+01
5.166759109497070312e+01
5.186338806152343750e+01
5.296953964233398438e+01
5.367184829711914062e+01
5.435053253173828125e+01
5.420088195800781250e+01
5.384970855712890625e+01
5.339273834228515625e+01
5.471791458129882812e+01
5.458648681640625000e+01
5.440755462646484375e+01
5.258720397949218750e+01
5.256966018676757812e+01
5.317158889770507812e+01
5.414965438842773438e+01
5.523592376708984375e+01
5.546000289916992188e+01
5.585975646972656250e+01
5.556496047973632812e+01
5.440716171264648438e+01
5.311865234375000000e+01
5.255305862426757812e+01
5.314339828491210938e+01
5.126127624511718750e+01
5.088119506835937500e+01
5.070741653442382812e+01
5.196558380126953125e+01
5.136219787597656250e+01
4.996295928955078125e+01
4.876990890502929688e+01
4.886067581176757812e+01
4.948028182983398438e+01
5.043759536743164062e+01
5.083693695068359375e+01
5.205593872070312500e+01
5.299013519287109375e+01
5.326253128051757812e+01
5.176980590820312500e+01
5.081482696533203125e+01
5.039829254150390625e+01
5.053108215332031250e+01
5.084452438354492188e+01
5.518746948242187500e+01
5.532390213012695312e+01
5.599141693115234375e+01
5.676411056518554688e+01
5.746993637084960938e+01
5.773567581176757812e+01
5.845848846435546875e+01
5.742164993286132812e+01
5.617286300659179688e+01
5.472556304931640625e+01
5.475875091552734375e+01
5.362372970581054688e+01
5.195383834838867188e+01
5.173127365112304688e+01
5.204983520507812500e+01
5.237366867065429688e+01
5.199921035766601562e+01
5.222574234008789062e+01
5.187614059448242188e+01
5.151446151733398438e+01
5.047212600708007812e+01
5.024256515502929688e+01
5.172888565063476562e+01
5.189814376831054688e+01
5.173761749267578125e+01
5.052478027343750000e+01
5.077138519287109375e+01
5.018972396850585938e+01
4.918434906005859375e+01
4.996694183349609375e+01
5.062306213378906250e+01
5.192258834838867188e+01
5.133506011962890625e+01
5.147679138183593750e+01
5.285816955566406250e+01
5.448833847045898438e+01
5.534618377685546875e+01
5.419084930419921875e+01
5.419311904907226562e+01
5.387673187255859375e+01
5.271133422851562500e+01
5.209840011596679688e+01
5.258225631713867188e+01
5.540524291992187500e+01
5.532271194458007812e+01
5.380028915405273438e+01
5.227373123168945312e+01
5.051630020141601562e+01
4.925296020507812500e+01
4.936442184448242188e+01
4.948338317871093750e+01
5.043941497802734375e+01
5.146531295776367188e+01
5.271295166015625000e+01
5.237244033813476562e+01
5.254148864746093750e+01
5.286313629150390625e+01
5.279236984252929688e+01
5.206362533569335938e+01
5.123492813110351562e+01
5.034954833984375000e+01
5.011341476440429688e+01
4.979848098754882812e+01
4.931056594848632812e+01
4.770726776123046875e+01
4.708386230468750000e+01
4.810183715820312500e+01
5.001117706298828125e+01
5.033653640747070312e+01
5.125244522094726562e+01
5.274894714355468750e+01
5.307030105590820312e+01
5.188802719116210938e+01
5.192552947998046875e+01
5.262037277221679688e+01
5.255662155151367188e+01
5.120759963989257812e+01
5.009429550170898438e+01
4.922333526611328125e+01
4.886677169799804688e+01
4.876646804809570312e+01
4.964386749267578125e+01
5.120314025878906250e+01
5.180846023559570312e+01
5.117255020141601562e+01
5.092119979858398438e+01
5.031691741943359375e+01
5.057205200195312500e+01
4.934197616577148438e+01
4.925569152832031250e+01
4.943548202514648438e+01
4.968558502197265625e+01
5.088133621215820312e+01
5.075787353515625000e+01
5.098746109008789062e+01
5.022775650024414062e+01
4.919003295898437500e+01
4.905904769897460938e+01
4.994409561157226562e+01
5.166323852539062500e+01
5.094985198974609375e+01
5.132312774658203125e+01
5.161650085449218750e+01
5.167150878906250000e+01
5.032872390747070312e+01
5.165665817260742188e+01
5.103578186035156250e+01
4.991150283813476562e+01
4.835470581054687500e+01
4.905271911621093750e+01
4.845022583007812500e+01
4.794154357910156250e+01
4.723999786376953125e+01
4.818377304077148438e+01
4.921416854858398438e+01
4.907926177978515625e+01
4.798091506958007812e+01
4.715095901489257812e+01
4.831242752075195312e+01
4.757421493530273438e+01
4.678017425537109375e+01
4.814969253540039062e+01
4.892741394042968750e+01
5.012551879882812500e+01
5.042221069335937500e+01
5.125738143920898438e+01
4.998558807373046875e+01
5.059614181518554688e+01
5.076478195190429688e+01
5.077527999877929688e+01
5.049603652954101562e+01
5.110424423217773438e+01
5.040853881835937500e+01
4.936834335327148438e+01
4.913112258911132812e+01
4.913679504394531250e+01
4.936620330810546875e+01
4.934234619140625000e+01
5.086248397827148438e+01
5.168022537231445312e+01
5.157756805419921875e+01
5.100310134887695312e+01
4.996006393432617188e+01
5.020222091674804688e+01
5.043718719482421875e+01
4.999893188476562500e+01
4.888651275634765625e+01
4.738130569458007812e+01
4.803585433959960938e+01
4.875708007812500000e+01
5.000471115112304688e+01
4.922020339965820312e+01
4.989695739746093750e+01
5.012825775146484375e+01
5.118861770629882812e+01
4.923448562622070312e+01
4.891985702514648438e+01
4.881906890869140625e+01
4.972583007812500000e+01
4.890503692626953125e+01
4.827127075195312500e+01
4.906583404541015625e+01
4.893400955200195312e+01
4.810199356079101562e+01
4.770467376708984375e+01
4.738057327270507812e+01
4.791914367675781250e+01
4.868872070312500000e+01
5.126488494873046875e+01
5.153047943115234375e+01
5.053195190429687500e+01
4.916684722900390625e+01
4.900114059448242188e+01
4.916636657714843750e+01
5.001726150512695312e+01
5.008904266357421875e+01
4.997125244140625000e+01
5.039950561523437500e+01
5.054071044921875000e+01
4.959352874755859375e+01
4.782957458496093750e+01
4.805002593994140625e+01
4.857281112670898438e+01
4.905735778808593750e+01
4.896244812011718750e+01
4.926884841918945312e+01
4.867724227905273438e+01
4.838846206665039062e+01
4.943753433227539062e+01
5.049586105346679688e+01
5.019531631469726562e+01
4.855172729492187500e+01
4.700995635986328125e+01
4.687104797363281250e+01
4.819023132324218750e+01
4.929348373413085938e+01
4.942131042480468750e+01
4.975358963012695312e+01
4.850589752197265625e+01
4.781998443603515625e+01
4.784195327758789062e+01
4.827255630493164062e+01
4.981525421142578125e+01
5.061151123046875000e+01
5.089126968383789062e+01
5.042274093627929688e+01
5.078850173950195312e+01
5.034881973266601562e+01
4.958983230590820312e+01
4.948407363891601562e+01
4.868278503417968750e+01
4.691825866699218750e+01
4.652531051635742188e+01
4.747193145751953125e+01
4.800481414794921875e+01
4.847091293334960938e+01
4.874562835693359375e+01
4.835036849975585938e+01
4.822467422485351562e+01
4.940917968750000000e+01
4.825332641601562500e+01
4.811238479614257812e+01
4.758766555786132812e+01
4.727936935424804688e+01
4.690629196166992188e+01
4.831221389770507812e+01
4.886805725097656250e+01
4.902522277832031250e+01
4.846527099609375000e+01
4.769018554687500000e+01
4.683463287353515625e+01
4.668072128295898438e+01
4.828279876708984375e+01
4.964232635498046875e+01
4.985686492919921875e+01
4.902279281616210938e+01
4.739881515502929688e+01
4.676978683471679688e+01
4.815689086914062500e+01
4.907930374145507812e+01
4.878197860717773438e+01
4.916294860839843750e+01
4.898534393310546875e+01
4.824513244628906250e+01
4.785705184936523438e+01
4.824999618530273438e+01
4.828836441040039062e+01
4.856092453002929688e+01
4.852552413940429688e+01
4.827912139892578125e+01
4.800535964965820312e+01
4.765942001342773438e+01
4.764964294433593750e+01
4.766272354125976562e+01
4.906294250488281250e+01
4.842856597900390625e+01
4.865419387817382812e+01
4.789538955688476562e+01
4.827898406982421875e+01
4.900870513916015625e+01
4.871828460693359375e+01
4.915870666503906250e+01
4.953664398193359375e+01
4.971398925781250000e+01
4.948755264282226562e+01
4.901480865478515625e+01
4.974556350708007812e+01
4.947624588012695312e+01
4.982488632202148438e+01
4.962163162231445312e+01
5.043333435058593750e+01
5.142115402221679688e+01
5.178802871704101562e+01
5.257341766357421875e+01
5.156947326660156250e+01
5.082622909545898438e+01
5.022135925292968750e+01
5.132043457031250000e+01
5.092713928222656250e+01
5.087046432495117188e+01
4.932388687133789062e+01
4.882125473022460938e+01
4.867940139770507812e+01
4.875026702880859375e+01
4.810925674438476562e+01
4.942857360839843750e+01
4.970986938476562500e+01
4.771142959594726562e+01
4.632154846191406250e+01
4.836352920532226562e+01
5.015656661987304688e+01
4.899932098388671875e+01
4.800447463989257812e+01
4.885226821899414062e+01
4.969763946533203125e+01
4.932733154296875000e+01
4.956414794921875000e+01
4.954427719116210938e+01
5.067029571533203125e+01
5.091480636596679688e+01
4.943702316284179688e+01
4.780984497070312500e+01
4.805381774902343750e+01
4.840102386474609375e+01
4.793828201293945312e+01
4.862464523315429688e+01
4.959867477416992188e+01
4.984431076049804688e+01
4.908899307250976562e+01
4.986386108398437500e+01
5.026509094238281250e+01
4.933193206787109375e+01
4.872650146484375000e+01
4.916490554809570312e+01
4.897007751464843750e+01
4.977809143066406250e+01
5.084781265258789062e+01
5.135451507568359375e+01
5.137826919555664062e+01
5.047798919677734375e+01
4.939310073852539062e+01
4.836668777465820312e+01
4.898360061645507812e+01
5.091228103637695312e+01
5.084725189208984375e+01
4.937280654907226562e+01
4.887616729736328125e+01
4.840967941284179688e+01
4.830566406250000000e+01
4.854819488525390625e+01
4.853868865966796875e+01
4.847096252441406250e+01
4.920246124267578125e+01
5.000128555297851562e+01
5.053177642822265625e+01
5.078372955322265625e+01
5.039636993408203125e+01
5.062609100341796875e+01
5.062220382690429688e+01
4.987379455566406250e+01
4.835890197753906250e+01
4.802112960815429688e+01
4.839656448364257812e+01
4.912835693359375000e+01
4.908375167846679688e+01
4.994666671752929688e+01
5.019791412353515625e+01
4.846617507934570312e+01
4.754374694824218750e+01
5.027220535278320312e+01
5.027667236328125000e+01
4.985634613037109375e+01
4.899681472778320312e+01
4.942330169677734375e+01
4.825661468505859375e+01
4.777130889892578125e+01
4.844994735717773438e+01
5.022829437255859375e+01
5.183172988891601562e+01
5.159123992919921875e+01
5.056819915771484375e+01
5.066602706909179688e+01
4.990458679199218750e+01
4.951062393188476562e+01
4.988249969482421875e+01
5.069733047485351562e+01
5.140446853637695312e+01
5.207940292358398438e+01
5.162458419799804688e+01
5.100532531738281250e+01
5.010769653320312500e+01
4.971025085449218750e+01
5.027580261230468750e+01
4.964480590820312500e+01
4.969235229492187500e+01
4.877540206909179688e+01
4.858006668090820312e+01
4.976062011718750000e+01
4.955045318603515625e+01
4.960319519042968750e+01
5.021849822998046875e+01
5.038255310058593750e+01
4.882303237915039062e+01
4.825981903076171875e+01
4.988623809814453125e+01
5.055756378173828125e+01
5.017605590820312500e+01
5.141078948974609375e+01
5.136717605590820312e+01
5.146696853637695312e+01
5.232161712646484375e+01
5.151379776000976562e+01
5.075590515136718750e+01
5.147173309326171875e+01
5.150355529785156250e+01
5.035075759887695312e+01
4.815077590942382812e+01
4.913882446289062500e+01
5.202993774414062500e+01
5.207773208618164062e+01
5.113936614990234375e+01
5.031876373291015625e+01
5.035869216918945312e+01
4.963572311401367188e+01
5.033958816528320312e+01
5.045031356811523438e+01
5.032987976074218750e+01
5.072969436645507812e+01
5.017073822021484375e+01
5.034063720703125000e+01
5.029359817504882812e+01
4.967227554321289062e+01
4.953351974487304688e+01
5.063994979858398438e+01
5.063145446777343750e+01
4.966719055175781250e+01
5.030794906616210938e+01
5.028764724731445312e+01
5.104958343505859375e+01
5.129534149169921875e+01
5.023661422729492188e+01
5.006229019165039062e+01
5.049775314331054688e+01
5.034665679931640625e+01
5.022639846801757812e+01
4.970930862426757812e+01
4.918955230712890625e+01
4.897135543823242188e+01
5.003837966918945312e+01
4.990109634399414062e+01
5.029164123535156250e+01
5.042411804199218750e+01
5.584221267700195312e+01
6.052923965454101562e+01
5.780284881591796875e+01
5.440179824829101562e+01
5.404674530029296875e+01
5.372361755371093750e+01
5.303299713134765625e+01
5.301478576660156250e+01
5.588941192626953125e+01
5.965519332885742188e+01
6.088864898681640625e+01
5.981179428100585938e+01
5.901380538940429688e+01
5.558300781250000000e+01
5.439828491210937500e+01
5.494661331176757812e+01
5.630040740966796875e+01
5.621686553955078125e+01
5.581805801391601562e+01
5.473440170288085938e+01
5.242102050781250000e+01
5.179549789428710938e+01
5.391901779174804688e+01
5.407832717895507812e+01
5.357593917846679688e+01
5.337637329101562500e+01
5.219653701782226562e+01
5.177740478515625000e+01
5.267594528198242188e+01
5.289604568481445312e+01
5.460267639160156250e+01
5.429982376098632812e+01
5.446300506591796875e+01
5.574398040771484375e+01
5.333393096923828125e+01
5.115612030029296875e+01
5.228842163085937500e+01
5.406913757324218750e+01
5.340018844604492188e+01
5.108768844604492188e+01
5.157769775390625000e+01
5.286996841430664062e+01
5.269956970214843750e+01
5.268273162841796875e+01
5.233269882202148438e+01
5.194330596923828125e+01
5.406261062622070312e+01
5.652759170532226562e+01
5.696824645996093750e+01
5.603689193725585938e+01
5.399371337890625000e+01
5.309206008911132812e+01
5.293691253662109375e+01
5.167947387695312500e+01
5.075173187255859375e+01
5.105434036254882812e+01
5.188980865478515625e+01
5.220977020263671875e+01
5.105375671386718750e+01
5.023527908325195312e+01
5.100753402709960938e+01
5.001394271850585938e+01
4.950092697143554688e+01
5.066940689086914062e+01
5.137591552734375000e+01
5.058236694335937500e+01
5.095199966430664062e+01
5.161747741699218750e+01
5.052381515502929688e+01
4.984756469726562500e+01
5.075484848022460938e+01
5.176327896118164062e+01
5.248583602905273438e+01
5.267930221557617188e+01
5.083917236328125000e+01
5.056602859497070312e+01
4.991287612915039062e+01
4.959793472290039062e+01
5.037881088256835938e+01
5.075928497314453125e+01
5.097026824951171875e+01
5.128689193725585938e+01
5.098413085937500000e+01
5.292884826660156250e+01
5.269879531860351562e+01
5.068915557861328125e+01
5.040168380737304688e+01
5.059249877929687500e+01
5.135461425781250000e+01
5.149030685424804688e+01
5.123527526855468750e+01
4.995677566528320312e+01
5.046938323974609375e+01
5.102809524536132812e+01
4.994678878784179688e+01
5.067058181762695312e+01
5.196697998046875000e+01
5.245354461669921875e+01
5.165050888061523438e+01
5.041896438598632812e+01
4.939121246337890625e+01
4.864635848999023438e+01
4.926861572265625000e+01
4.850832748413085938e+01
4.835945129394531250e+01
4.958760452270507812e+01
4.941184997558593750e+01
4.913101577758789062e+01
5.058816909790039062e+01
5.058044052124023438e+01
5.028364181518554688e+01
4.997331237792968750e+01
4.929664611816406250e+01
4.893992233276367188e+01
4.949272537231445312e+01
5.146390533447265625e+01
5.152138137817382812e+01
5.059905624389648438e+01
4.920773696899414062e+01
4.803883743286132812e+01
4.923775100708007812e+01
5.045965576171875000e+01
4.983657073974609375e+01
4.850343704223632812e+01
4.811082077026367188e+01
4.980886459350585938e+01
5.035364151000976562e+01
5.026347351074218750e+01
4.959952163696289062e+01
4.879748153686523438e+01
4.852306365966796875e+01
4.891516494750976562e+01
4.805892944335937500e+01
4.916704177856445312e+01
5.007641983032226562e+01
4.893357849121093750e+01
4.823368072509765625e+01
4.973865509033203125e+01
4.943583297729492188e+01
5.058612823486328125e+01
5.001293945312500000e+01
4.685681152343750000e+01
4.693000030517578125e+01
4.702703475952148438e+01
4.712385940551757812e+01
4.918090438842773438e+01
4.824707412719726562e+01
4.752596282958984375e+01
4.803301239013671875e+01
4.942155075073242188e+01
4.946698760986328125e+01
4.843901824951171875e+01
4.840881729125976562e+01
4.898839569091796875e+01
4.801405334472656250e+01
4.786246871948242188e+01
4.725487899780273438e+01
4.782617187500000000e+01
4.913298797607421875e+01
4.955224227905273438e+01
4.753175354003906250e+01
4.628884887695312500e+01
4.647935485839843750e+01
4.743294906616210938e+01
4.983486175537109375e+01
5.035083007812500000e+01
4.818561935424804688e+01
4.695833206176757812e+01
4.771281433105468750e+01
4.765781784057617188e+01
4.669849395751953125e+01
4.545552444458007812e+01
4.534305191040039062e+01
4.586931228637695312e+01
4.621802902221679688e+01
4.683058547973632812e+01
4.692876815795898438e+01
4.538693237304687500e+01
4.699608612060546875e+01
4.795743560791015625e+01
4.623193740844726562e+01
4.597104263305664062e+01
4.705513000488281250e+01
4.777359008789062500e+01
4.841688537597656250e+01
4.871266555786132812e+01
4.707856369018554688e+01
4.462083435058593750e+01
4.616588211059570312e+01
4.763478088378906250e+01
4.777098846435546875e+01
4.756803131103515625e+01
4.680240249633789062e+01
4.630643844604492188e+01
4.637773513793945312e+01
4.760096740722656250e+01
4.749231338500976562e+01
4.755276107788085938e+01
4.848188781738281250e+01
4.887929534912109375e+01
4.865499496459960938e+01
4.858227539062500000e+01
4.877095031738281250e+01
4.885414886474609375e+01
4.843529129028320312e+01
4.775451660156250000e+01
4.790972137451171875e+01
4.775078201293945312e+01
4.821741485595703125e+01
4.839241027832031250e+01
4.800299835205078125e+01
4.772872924804687500e+01
4.709060668945312500e+01
4.674564743041992188e+01
4.880308532714843750e+01
5.040380096435546875e+01
4.957394409179687500e+01
4.817945098876953125e+01
4.805107116699218750e+01
4.661375808715820312e+01
4.586587524414062500e+01
4.634744644165039062e+01
4.722063064575195312e+01
4.698077392578125000e+01
4.664080810546875000e+01
4.651467132568359375e+01
4.707445144653320312e+01
4.783782958984375000e+01
4.742852783203125000e+01
4.742124176025390625e+01
4.815553283691406250e+01
4.745912551879882812e+01
4.619538497924804688e+01
4.650978088378906250e+01
4.618719482421875000e+01
4.623603057861328125e+01
4.671567535400390625e+01
4.778741073608398438e+01
4.906461334228515625e+01
4.791284179687500000e+01
4.495364379882812500e+01
4.453383255004882812e+01
4.625577926635742188e+01
4.721493148803710938e+01
4.765549087524414062e+01
4.712563705444335938e+01
4.652688980102539062e+01
4.838158035278320312e+01
4.947830963134765625e+01
4.851473617553710938e+01
4.790285873413085938e+01
4.709955978393554688e+01
4.629262161254882812e+01
4.595991134643554688e+01
4.587932586669921875e+01
4.501638412475585938e+01
4.662206649780273438e+01
4.869108963012695312e+01
4.810768127441406250e+01
4.719215011596679688e+01
4.699834442138671875e+01
4.510876464843750000e+01
4.567006683349609375e+01
4.753816604614257812e+01
4.639109039306640625e+01
4.560382080078125000e+01
4.542259979248046875e+01
4.604956054687500000e+01
4.580380249023437500e+01
4.502718734741210938e+01
4.524943923950195312e+01
4.478393173217773438e+01
4.613856887817382812e+01
4.758043289184570312e+01
4.721963119506835938e+01
4.643963241577148438e+01
4.589799118041992188e+01
4.564198684692382812e+01
4.670341491699218750e+01
4.718744277954101562e+01
4.763584518432617188e+01
4.686486053466796875e+01
4.561172103881835938e+01
4.561975479125976562e+01
4.543609619140625000e+01
4.618663024902343750e+01
4.674081802368164062e+01
4.622774505615234375e+01
4.679612731933593750e+01
4.685762023925781250e+01
4.645626068115234375e+01
4.697218322753906250e+01
4.669020462036132812e+01
4.736793518066406250e+01
4.731755065917968750e+01
4.715500259399414062e+01
4.767051696777343750e+01
4.764425277709960938e+01
4.765698242187500000e+01
4.782744598388671875e+01
4.721555709838867188e+01
4.673638534545898438e+01
4.665462112426757812e+01
4.556087875366210938e+01
4.578196334838867188e+01
4.625757217407226562e+01
4.622854995727539062e+01
4.544841384887695312e+01
4.463632965087890625e+01
4.407845306396484375e+01
4.388891220092773438e+01
4.463622665405273438e+01
4.521075439453125000e+01
4.657273101806640625e+01
4.724362182617187500e+01
4.577416992187500000e+01
4.453638458251953125e+01
4.363216781616210938e+01
4.410263442993164062e+01
4.465526199340820312e+01
4.480878829956054688e+01
4.553220748901367188e+01
4.574486923217773438e+01
4.576688766479492188e+01
4.450965499877929688e+01
4.352136611938476562e+01
4.396681976318359375e+01
4.406235122680664062e+01
4.580981826782226562e+01
4.599438095092773438e+01
4.566522979736328125e+01
4.671395874023437500e+01
4.706838226318359375e+01
4.588259506225585938e+01
4.419261932373046875e+01
4.420094299316406250e+01
4.450049591064453125e+01
4.377750778198242188e+01
4.263999938964843750e+01
4.250259399414062500e+01
4.292819595336914062e+01
4.467700576782226562e+01
4.508278656005859375e+01
4.459187698364257812e+01
4.487715530395507812e+01
4.505603027343750000e+01
4.634202957153320312e+01
4.643030166625976562e+01
4.545101547241210938e+01
4.443208694458007812e+01
4.365836715698242188e+01
4.409499740600585938e+01
4.429011917114257812e+01
4.395960998535156250e+01
4.446691513061523438e+01
4.524211883544921875e+01
4.525179672241210938e+01
4.444266128540039062e+01
4.459186553955078125e+01
4.515086746215820312e+01
4.573593139648437500e+01
4.626669311523437500e+01
4.764263916015625000e+01
4.760987091064453125e+01
4.584156417846679688e+01
4.393991851806640625e+01
4.308401107788085938e+01
4.274813461303710938e+01
4.326311111450195312e+01
4.481095504760742188e+01
4.493502426147460938e+01
4.528473281860351562e+01
4.423037719726562500e+01
4.338602447509765625e+01
4.448650360107421875e+01
4.586122131347656250e+01
4.486157226562500000e+01
4.176041793823242188e+01
4.177447509765625000e+01
4.398133850097656250e+01
4.411907196044921875e+01
4.205292510986328125e+01
4.411743927001953125e+01
4.534811019897460938e+01
4.215149688720703125e+01
4.272618865966796875e+01
4.427102279663085938e+01
4.285350036621093750e+01
4.145783233642578125e+01
3.971715927124023438e+01
4.119242477416992188e+01
4.494827270507812500e+01
4.379088211059570312e+01
4.285367965698242188e+01
4.350352859497070312e+01
4.206317901611328125e+01
3.932155227661132812e+01
4.022675323486328125e+01
4.261944580078125000e+01
4.413043975830078125e+01
4.161872482299804688e+01
4.023888397216796875e+01
4.526446533203125000e+01
5.048402786254882812e+01
4.858615112304687500e+01
4.502597808837890625e+01
4.852693939208984375e+01
4.648896789550781250e+01
3.922019958496093750e+01
3.893635177612304688e+01
4.138663101196289062e+01
4.133498764038085938e+01
3.853401184082031250e+01
3.837005996704101562e+01
4.039193344116210938e+01
4.002376556396484375e+01
3.887972259521484375e+01
4.099103164672851562e+01
4.255744171142578125e+01
4.002139663696289062e+01
3.929587173461914062e+01
4.226673889160156250e+01
4.226456069946289062e+01
4.166773605346679688e+01
4.317444229125976562e+01
4.097747421264648438e+01
4.074682617187500000e+01
4.062812423706054688e+01
4.088800430297851562e+01
4.471640014648437500e+01
4.714456939697265625e+01
4.460474777221679688e+01
4.272893524169921875e+01
4.031621170043945312e+01
3.933419418334960938e+01
4.070922088623046875e+01
4.177515029907226562e+01
3.937573623657226562e+01
3.487216949462890625e+01
3.512238311767578125e+01
3.694519424438476562e+01
4.131053543090820312e+01
3.742743682861328125e+01
3.889692306518554688e+01
4.098349761962890625e+01
3.737456130981445312e+01
3.535324096679687500e+01
3.439171218872070312e+01
3.798425292968750000e+01
4.913707351684570312e+01
5.753225326538085938e+01
4.727830886840820312e+01
4.236111450195312500e+01
4.042603683471679688e+01
5.172343826293945312e+01
6.841801452636718750e+01
4.898438262939453125e+01
2.522369575500488281e+01
3.361115264892578125e+01
6.019844436645507812e+01
7.242612457275390625e+01
7.461759948730468750e+01
5.056175231933593750e+01
3.521878051757812500e+01
3.380649566650390625e+01
4.034276580810546875e+01
5.842306518554687500e+01
5.117460250854492188e+01
3.375028610229492188e+01
3.786353302001953125e+01
6.368699264526367188e+01
nan
nan
nan
