nan
nan
nan
nan
nan
nan
nan
nan
nan
nan
nan
nan
nan
nan
nan
nan
nan
nan
nan
nan
nan
nan
nan
8.435544967651367188e+00
2.254861450195312500e+01
2.391822433471679688e+01
2.682370376586914062e+01
2.206558227539062500e+01
2.040380287170410156e+01
2.155934333801269531e+01
2.133205604553222656e+01
1.863231658935546875e+01
1.674447250366210938e+01
1.824574279785156250e+01
1.883633041381835938e+01
2.076590728759765625e+01
1.951805877685546875e+01
1.802736282348632812e+01
1.891362190246582031e+01
2.027277946472167969e+01
2.039437675476074219e+01
1.857230377197265625e+01
1.677564239501953125e+01
1.744690704345703125e+01
1.795274734497070312e+01
2.049424171447753906e+01
2.085631179809570312e+01
1.857159805297851562e+01
1.582120990753173828e+01
1.537463569641113281e+01
1.647081375122070312e+01
1.794863319396972656e+01
1.898475074768066406e+01
2.042078781127929688e+01
2.058772659301757812e+01
1.988233757019042969e+01
2.170485305786132812e+01
2.222532463073730469e+01
2.223968315124511719e+01
1.884525299072265625e+01
1.490493488311767578e+01
1.473455810546875000e+01
1.569629287719726562e+01
1.823735427856445312e+01
2.137788581848144531e+01
2.224862480163574219e+01
2.168404197692871094e+01
2.094934463500976562e+01
2.021164512634277344e+01
1.989403724670410156e+01
2.144337081909179688e+01
2.243247222900390625e+01
2.018013954162597656e+01
1.891197967529296875e+01
1.935414314270019531e+01
2.039632606506347656e+01
2.100007057189941406e+01
1.982080459594726562e+01
2.111528587341308594e+01
2.147545051574707031e+01
1.952565574645996094e+01
1.757141685485839844e+01
1.848054122924804688e+01
1.973322296142578125e+01
1.981181526184082031e+01
1.929054641723632812e+01
1.921628379821777344e+01
1.942662429809570312e+01
1.932383537292480469e+01
1.774551200866699219e+01
1.563370323181152344e+01
1.506405830383300781e+01
1.493261337280273438e+01
1.661770820617675781e+01
1.810751533508300781e+01
1.953358459472656250e+01
1.773252296447753906e+01
1.711885643005371094e+01
1.769447135925292969e+01
1.714793777465820312e+01
1.722226905822753906e+01
1.727121734619140625e+01
1.605844116210937500e+01
1.527567100524902344e+01
1.499644088745117188e+01
1.711330413818359375e+01
1.753269577026367188e+01
1.675053024291992188e+01
1.572249221801757812e+01
1.679873085021972656e+01
1.855214118957519531e+01
1.856960868835449219e+01
1.820557403564453125e+01
1.738579177856445312e+01
1.544581604003906250e+01
1.585127162933349609e+01
1.762169265747070312e+01
1.878823471069335938e+01
1.815429687500000000e+01
1.812414360046386719e+01
1.669356727600097656e+01
1.590735244750976562e+01
1.681490898132324219e+01
1.563140106201171875e+01
1.537353515625000000e+01
1.568935966491699219e+01
1.568395614624023438e+01
1.527200412750244141e+01
1.587340545654296875e+01
1.611220359802246094e+01
1.618026351928710938e+01
1.722074317932128906e+01
1.742809295654296875e+01
1.707339286804199219e+01
1.750087928771972656e+01
1.737758064270019531e+01
1.672773551940917969e+01
1.505533599853515625e+01
1.445833969116210938e+01
1.425305938720703125e+01
1.472785949707031250e+01
1.459073638916015625e+01
1.481735706329345703e+01
1.597966194152832031e+01
1.620744132995605469e+01
1.663898658752441406e+01
1.619731330871582031e+01
1.514341068267822266e+01
1.477636909484863281e+01
1.451502132415771484e+01
1.499946212768554688e+01
1.501533889770507812e+01
1.497064876556396484e+01
1.550046730041503906e+01
1.600278472900390625e+01
1.735854530334472656e+01
1.742502021789550781e+01
1.725350952148437500e+01
1.559659385681152344e+01
1.474054050445556641e+01
1.489382839202880859e+01
1.751161766052246094e+01
1.845173072814941406e+01
1.699763107299804688e+01
1.529526901245117188e+01
1.608393096923828125e+01
1.604075241088867188e+01
1.598005867004394531e+01
1.568483448028564453e+01
1.524467945098876953e+01
1.568011569976806641e+01
1.665778732299804688e+01
1.614380264282226562e+01
1.536940479278564453e+01
1.495395755767822266e+01
1.547450828552246094e+01
1.626821517944335938e+01
1.599062824249267578e+01
1.554405498504638672e+01
1.500501155853271484e+01
1.565714359283447266e+01
1.518193626403808594e+01
1.443491077423095703e+01
1.409948635101318359e+01
1.530734443664550781e+01
1.517549419403076172e+01
1.607567787170410156e+01
1.570735263824462891e+01
1.495723056793212891e+01
1.477442359924316406e+01
1.492281913757324219e+01
1.456801986694335938e+01
1.377853202819824219e+01
1.356914234161376953e+01
1.422367572784423828e+01
1.517459392547607422e+01
1.567332172393798828e+01
1.568098545074462891e+01
1.620966911315917969e+01
1.534103012084960938e+01
1.433834838867187500e+01
1.411045455932617188e+01
1.485566902160644531e+01
1.576095581054687500e+01
1.608242416381835938e+01
1.613429069519042969e+01
1.574660682678222656e+01
1.503323650360107422e+01
1.591167259216308594e+01
1.675137138366699219e+01
1.671374893188476562e+01
1.592827987670898438e+01
1.507373046875000000e+01
1.376259326934814453e+01
1.327543258666992188e+01
1.397596740722656250e+01
1.523679637908935547e+01
1.597695827484130859e+01
1.524244689941406250e+01
1.469942855834960938e+01
1.416140365600585938e+01
1.371895313262939453e+01
1.381534957885742188e+01
1.414653491973876953e+01
1.386249160766601562e+01
1.258244037628173828e+01
1.307622528076171875e+01
1.350402832031250000e+01
1.365073776245117188e+01
1.290397930145263672e+01
1.358365058898925781e+01
1.415018558502197266e+01
1.382952308654785156e+01
1.383980751037597656e+01
1.370460510253906250e+01
1.412506103515625000e+01
1.384084320068359375e+01
1.390827941894531250e+01
1.403470611572265625e+01
1.474199008941650391e+01
1.571552276611328125e+01
1.538374137878417969e+01
1.432351970672607422e+01
1.312663936614990234e+01
1.289600372314453125e+01
1.301797771453857422e+01
1.341265201568603516e+01
1.342069625854492188e+01
1.338932991027832031e+01
1.335658264160156250e+01
1.378233718872070312e+01
1.389571952819824219e+01
1.431497287750244141e+01
1.429872322082519531e+01
1.440077209472656250e+01
1.385912609100341797e+01
1.360093498229980469e+01
1.420420265197753906e+01
1.354583358764648438e+01
1.361096382141113281e+01
1.327109336853027344e+01
1.316753101348876953e+01
1.288332557678222656e+01
1.349096775054931641e+01
1.384184074401855469e+01
1.374688816070556641e+01
1.249145126342773438e+01
1.294897556304931641e+01
1.398678493499755859e+01
1.391316795349121094e+01
1.290870666503906250e+01
1.347845077514648438e+01
1.419576072692871094e+01
1.482123661041259766e+01
1.500160312652587891e+01
1.402901077270507812e+01
1.351171970367431641e+01
1.369715690612792969e+01
1.371979331970214844e+01
1.370027732849121094e+01
1.289997673034667969e+01
1.191466331481933594e+01
1.136430549621582031e+01
1.203068828582763672e+01
1.256110191345214844e+01
1.301562309265136719e+01
1.240979194641113281e+01
1.277080345153808594e+01
1.314737701416015625e+01
1.355199909210205078e+01
1.339402961730957031e+01
1.328354835510253906e+01
1.334410953521728516e+01
1.345754814147949219e+01
1.300013065338134766e+01
1.339423942565917969e+01
1.380008697509765625e+01
1.354006671905517578e+01
1.333923721313476562e+01
1.309294414520263672e+01
1.385994720458984375e+01
1.468868923187255859e+01
1.559494304656982422e+01
1.665023803710937500e+01
1.866116142272949219e+01
2.027879905700683594e+01
2.093576622009277344e+01
2.028621292114257812e+01
1.888688278198242188e+01
1.691438484191894531e+01
1.560687828063964844e+01
1.502120876312255859e+01
1.416940593719482422e+01
1.346094322204589844e+01
1.361405658721923828e+01
1.381303691864013672e+01
1.343171882629394531e+01
1.260045814514160156e+01
1.238341617584228516e+01
1.272265911102294922e+01
1.340186786651611328e+01
1.315271949768066406e+01
1.331610298156738281e+01
1.315771770477294922e+01
1.294457340240478516e+01
1.332067108154296875e+01
1.323778152465820312e+01
1.350816440582275391e+01
1.448411083221435547e+01
1.432482528686523438e+01
1.330133056640625000e+01
1.242934894561767578e+01
1.238226222991943359e+01
1.278484153747558594e+01
1.240860557556152344e+01
1.167856121063232422e+01
1.178057575225830078e+01
1.293921279907226562e+01
1.376427459716796875e+01
1.293073463439941406e+01
1.257026004791259766e+01
1.258357238769531250e+01
1.253010463714599609e+01
1.187745857238769531e+01
1.263997077941894531e+01
1.291558647155761719e+01
1.276391315460205078e+01
1.209593582153320312e+01
1.253178024291992188e+01
1.323973369598388672e+01
1.282478809356689453e+01
1.226576423645019531e+01
1.194156551361083984e+01
1.232001972198486328e+01
1.240171432495117188e+01
1.217772388458251953e+01
1.209551048278808594e+01
1.257620906829833984e+01
1.275848579406738281e+01
1.278731441497802734e+01
1.267793655395507812e+01
1.273540973663330078e+01
1.322165203094482422e+01
1.295739269256591797e+01
1.300092601776123047e+01
1.332258892059326172e+01
1.320639514923095703e+01
1.299012279510498047e+01
1.347850036621093750e+01
1.436845397949218750e+01
1.423485088348388672e+01
1.379957866668701172e+01
1.310636234283447266e+01
1.242672729492187500e+01
1.246506214141845703e+01
1.273938846588134766e+01
1.327198696136474609e+01
1.339008808135986328e+01
1.316072273254394531e+01
1.252241516113281250e+01
1.183063983917236328e+01
1.160334205627441406e+01
1.208961486816406250e+01
1.288453483581542969e+01
1.387607383728027344e+01
1.395334625244140625e+01
1.392180156707763672e+01
1.362203407287597656e+01
1.362434005737304688e+01
1.341504955291748047e+01
1.295846462249755859e+01
1.272278308868408203e+01
1.277660369873046875e+01
1.275080680847167969e+01
1.374297237396240234e+01
1.444033527374267578e+01
1.377939224243164062e+01
1.253972911834716797e+01
1.198494243621826172e+01
1.234581184387207031e+01
1.335550785064697266e+01
1.330067825317382812e+01
1.314488506317138672e+01
1.284015369415283203e+01
1.295529460906982422e+01
1.324385833740234375e+01
1.318909549713134766e+01
1.337923526763916016e+01
1.340561676025390625e+01
1.265407371520996094e+01
1.221322154998779297e+01
1.238281250000000000e+01
1.301993179321289062e+01
1.344128990173339844e+01
1.320211029052734375e+01
1.252098083496093750e+01
1.274300289154052734e+01
1.291111755371093750e+01
1.275002479553222656e+01
1.327676963806152344e+01
1.373748111724853516e+01
1.388563060760498047e+01
1.292546081542968750e+01
1.239707469940185547e+01
1.259791183471679688e+01
1.375720977783203125e+01
1.352769851684570312e+01
1.297254657745361328e+01
1.289375782012939453e+01
1.306143474578857422e+01
1.297254180908203125e+01
1.313253211975097656e+01
1.313426494598388672e+01
1.295994091033935547e+01
1.265570068359375000e+01
1.278788375854492188e+01
1.270896339416503906e+01
1.249777221679687500e+01
1.151412868499755859e+01
1.166182994842529297e+01
1.272727680206298828e+01
1.351276493072509766e+01
1.339423942565917969e+01
1.303141784667968750e+01
1.332506370544433594e+01
1.364378738403320312e+01
1.340783691406250000e+01
1.336275863647460938e+01
1.314073657989501953e+01
1.330485916137695312e+01
1.372651958465576172e+01
1.338847351074218750e+01
1.319070243835449219e+01
1.270683860778808594e+01
1.280715179443359375e+01
1.359660720825195312e+01
1.344442844390869141e+01
1.211869716644287109e+01
1.156390094757080078e+01
1.205174541473388672e+01
1.269902133941650391e+01
1.244198799133300781e+01
1.243664169311523438e+01
1.239260482788085938e+01
1.267990970611572266e+01
1.347802448272705078e+01
1.403183937072753906e+01
1.368894004821777344e+01
1.378186035156250000e+01
1.386956977844238281e+01
1.409490680694580078e+01
1.374378776550292969e+01
1.310968780517578125e+01
1.262974929809570312e+01
1.271735382080078125e+01
1.264390850067138672e+01
1.247461318969726562e+01
1.270072174072265625e+01
1.257421875000000000e+01
1.270697498321533203e+01
1.268121623992919922e+01
1.299302005767822266e+01
1.363603496551513672e+01
1.377238559722900391e+01
1.343667125701904297e+01
1.273442935943603516e+01
1.211676120758056641e+01
1.281784343719482422e+01
1.374217033386230469e+01
1.367670822143554688e+01
1.321868896484375000e+01
1.324026870727539062e+01
1.371316432952880859e+01
1.339419555664062500e+01
1.280170154571533203e+01
1.291475296020507812e+01
1.355077171325683594e+01
1.421936035156250000e+01
1.411355209350585938e+01
1.313465690612792969e+01
1.218329238891601562e+01
1.260701179504394531e+01
1.352058982849121094e+01
1.374349212646484375e+01
1.395219707489013672e+01
1.371918869018554688e+01
1.341604137420654297e+01
1.330457115173339844e+01
1.367105674743652344e+01
1.331262779235839844e+01
1.341809558868408203e+01
1.345360851287841797e+01
1.398948955535888672e+01
1.366551876068115234e+01
1.295348644256591797e+01
1.286408519744873047e+01
1.322758102416992188e+01
1.313478374481201172e+01
1.363558673858642578e+01
1.414987659454345703e+01
1.431501483917236328e+01
1.363057518005371094e+01
1.333784103393554688e+01
1.349215602874755859e+01
1.368676853179931641e+01
1.345522403717041016e+01
1.275829792022705078e+01
1.193523979187011719e+01
1.245281124114990234e+01
1.328858375549316406e+01
1.429564094543457031e+01
1.439684104919433594e+01
1.412525272369384766e+01
1.395777893066406250e+01
1.331497669219970703e+01
1.312858772277832031e+01
1.229999828338623047e+01
1.272397136688232422e+01
1.343676280975341797e+01
1.467672061920166016e+01
1.475067520141601562e+01
1.459124565124511719e+01
1.358796787261962891e+01
1.283958244323730469e+01
1.307686424255371094e+01
1.287649345397949219e+01
1.269890022277832031e+01
1.249267196655273438e+01
1.282145118713378906e+01
1.291851902008056641e+01
1.312722015380859375e+01
1.329723167419433594e+01
1.361175441741943359e+01
1.380675220489501953e+01
1.341646194458007812e+01
1.347401237487792969e+01
1.346693897247314453e+01
1.336945819854736328e+01
1.322634124755859375e+01
1.317685413360595703e+01
1.273881816864013672e+01
1.252392673492431641e+01
1.330779170989990234e+01
1.382963371276855469e+01
1.416578483581542969e+01
1.387559509277343750e+01
1.327867317199707031e+01
1.349261856079101562e+01
1.378068828582763672e+01
1.380440902709960938e+01
1.388945102691650391e+01
1.395455646514892578e+01
1.352442932128906250e+01
1.321422195434570312e+01
1.318793487548828125e+01
1.300581741333007812e+01
1.296517944335937500e+01
1.342864608764648438e+01
1.443170261383056641e+01
1.454422855377197266e+01
1.490261459350585938e+01
1.545734500885009766e+01
1.582307147979736328e+01
1.486878013610839844e+01
1.430044841766357422e+01
1.413282680511474609e+01
1.418266773223876953e+01
1.497521400451660156e+01
1.468994998931884766e+01
1.440217590332031250e+01
1.400074005126953125e+01
1.374263858795166016e+01
1.367543792724609375e+01
1.349887180328369141e+01
1.322968769073486328e+01
1.288363838195800781e+01
1.315825462341308594e+01
1.352560806274414062e+01
1.308146953582763672e+01
1.272364616394042969e+01
1.250440311431884766e+01
1.264332294464111328e+01
1.305115413665771484e+01
1.372817993164062500e+01
1.446841239929199219e+01
1.409420204162597656e+01
1.331570529937744141e+01
1.292429065704345703e+01
1.211831283569335938e+01
1.151444435119628906e+01
1.172283649444580078e+01
1.279009819030761719e+01
1.320211982727050781e+01
1.326448059082031250e+01
1.347060298919677734e+01
1.317523670196533203e+01
1.222333717346191406e+01
1.204091644287109375e+01
1.248417568206787109e+01
1.234659767150878906e+01
1.219517326354980469e+01
1.232563686370849609e+01
1.254061794281005859e+01
1.282972335815429688e+01
1.291702556610107422e+01
1.280220413208007812e+01
1.241050910949707031e+01
1.201294898986816406e+01
1.199371623992919922e+01
1.199697685241699219e+01
1.210334587097167969e+01
1.208622550964355469e+01
1.279148674011230469e+01
1.346340942382812500e+01
1.342995738983154297e+01
1.312523269653320312e+01
1.312830257415771484e+01
1.281084442138671875e+01
1.340897369384765625e+01
1.345209980010986328e+01
1.345805263519287109e+01
1.335565662384033203e+01
1.314672183990478516e+01
1.263297080993652344e+01
1.248620033264160156e+01
1.275369262695312500e+01
1.297862815856933594e+01
1.293403625488281250e+01
1.257235240936279297e+01
1.229173183441162109e+01
1.255848407745361328e+01
1.260666465759277344e+01
1.260495853424072266e+01
1.246707630157470703e+01
1.248625946044921875e+01
1.228436565399169922e+01
1.239102363586425781e+01
1.309185218811035156e+01
1.305401039123535156e+01
1.247693538665771484e+01
1.192038440704345703e+01
1.214848709106445312e+01
1.204960250854492188e+01
1.250290393829345703e+01
1.278596305847167969e+01
1.295802211761474609e+01
1.331442642211914062e+01
1.330091762542724609e+01
1.302094936370849609e+01
1.309960556030273438e+01
1.281205368041992188e+01
1.240509796142578125e+01
1.213392829895019531e+01
1.258398818969726562e+01
1.278502082824707031e+01
1.254113864898681641e+01
1.228212738037109375e+01
1.281311893463134766e+01
1.308506202697753906e+01
1.309312057495117188e+01
1.339468860626220703e+01
1.347170448303222656e+01
1.305628013610839844e+01
1.265840053558349609e+01
1.289775943756103516e+01
1.301730823516845703e+01
1.331821155548095703e+01
1.311410808563232422e+01
1.336830043792724609e+01
1.329932212829589844e+01
1.292082691192626953e+01
1.243021869659423828e+01
1.170592403411865234e+01
1.173414421081542969e+01
1.209671592712402344e+01
1.230339050292968750e+01
1.276466178894042969e+01
1.320053863525390625e+01
1.323905658721923828e+01
1.297173023223876953e+01
1.263423824310302734e+01
1.256341457366943359e+01
1.240033817291259766e+01
1.233190250396728516e+01
1.208843517303466797e+01
1.256352233886718750e+01
1.270692253112792969e+01
1.309093570709228516e+01
1.293326759338378906e+01
1.262038993835449219e+01
1.172144889831542969e+01
1.162862968444824219e+01
1.248667907714843750e+01
1.251235675811767578e+01
1.268620395660400391e+01
1.249950885772705078e+01
1.282869529724121094e+01
1.264976406097412109e+01
1.300602436065673828e+01
1.244024085998535156e+01
1.231570339202880859e+01
1.229999732971191406e+01
1.245600414276123047e+01
1.272061729431152344e+01
1.278298854827880859e+01
1.289664745330810547e+01
1.183135795593261719e+01
1.166210460662841797e+01
1.207303524017333984e+01
1.315297985076904297e+01
1.363571453094482422e+01
1.330689525604248047e+01
1.295927143096923828e+01
1.259719276428222656e+01
1.273375225067138672e+01
1.290494823455810547e+01
1.310383415222167969e+01
1.318830680847167969e+01
1.340162944793701172e+01
1.329679298400878906e+01
1.311164379119873047e+01
1.323657417297363281e+01
1.285163784027099609e+01
1.219483566284179688e+01
1.213242530822753906e+01
1.245828247070312500e+01
1.279847240447998047e+01
1.276533889770507812e+01
1.273006820678710938e+01
1.251966190338134766e+01
1.218815326690673828e+01
1.225008773803710938e+01
1.281607246398925781e+01
1.274236011505126953e+01
1.260610485076904297e+01
1.191335868835449219e+01
1.161438083648681641e+01
1.159189033508300781e+01
1.229732608795166016e+01
1.231048107147216797e+01
1.194857025146484375e+01
1.152120208740234375e+01
1.168511962890625000e+01
1.193731403350830078e+01
1.202102088928222656e+01
1.196617317199707031e+01
1.193594932556152344e+01
1.221274852752685547e+01
1.255908584594726562e+01
1.247351837158203125e+01
1.178274250030517578e+01
1.122201347351074219e+01
1.120818328857421875e+01
1.167907619476318359e+01
1.225869750976562500e+01
1.245520591735839844e+01
1.246908855438232422e+01
1.297519111633300781e+01
1.292167568206787109e+01
1.247558689117431641e+01
1.151279354095458984e+01
1.179415416717529297e+01
1.220398998260498047e+01
1.267449378967285156e+01
1.255432987213134766e+01
1.236557579040527344e+01
1.204649162292480469e+01
1.192881202697753906e+01
1.226095962524414062e+01
1.259029293060302734e+01
1.266968631744384766e+01
1.257228851318359375e+01
1.222204685211181641e+01
1.204616165161132812e+01
1.197435760498046875e+01
1.203444862365722656e+01
1.197722911834716797e+01
1.158321189880371094e+01
1.149747848510742188e+01
1.177770519256591797e+01
1.205685520172119141e+01
1.231102561950683594e+01
1.264652633666992188e+01
1.279259586334228516e+01
1.258130073547363281e+01
1.220445346832275391e+01
1.223637866973876953e+01
1.208454227447509766e+01
1.164916229248046875e+01
1.151046085357666016e+01
1.206798076629638672e+01
1.221734523773193359e+01
1.237174606323242188e+01
1.203689765930175781e+01
1.165444946289062500e+01
1.165357017517089844e+01
1.179277610778808594e+01
1.151766872406005859e+01
1.098143100738525391e+01
1.151919078826904297e+01
1.213298892974853516e+01
1.233444786071777344e+01
1.223039817810058594e+01
1.196434879302978516e+01
1.180265045166015625e+01
1.190741729736328125e+01
1.213807868957519531e+01
1.233003520965576172e+01
1.173062038421630859e+01
1.131977748870849609e+01
1.126182460784912109e+01
1.233994865417480469e+01
1.277408599853515625e+01
1.262279319763183594e+01
1.233114910125732422e+01
1.211131381988525391e+01
1.165568351745605469e+01
1.108136749267578125e+01
1.148221397399902344e+01
1.181122016906738281e+01
1.191008281707763672e+01
1.139345741271972656e+01
1.159639549255371094e+01
1.225094890594482422e+01
1.242413520812988281e+01
1.203134441375732422e+01
1.139285182952880859e+01
1.144089889526367188e+01
1.170893096923828125e+01
1.195646476745605469e+01
1.183360576629638672e+01
1.178387355804443359e+01
1.223702239990234375e+01
1.266242408752441406e+01
1.218919277191162109e+01
1.144541835784912109e+01
1.173454666137695312e+01
1.160270214080810547e+01
1.121415996551513672e+01
1.143906688690185547e+01
1.183442211151123047e+01
1.182199192047119141e+01
1.167839717864990234e+01
1.189205455780029297e+01
1.218798923492431641e+01
1.219333267211914062e+01
1.189477348327636719e+01
1.163702964782714844e+01
1.204342365264892578e+01
1.239780139923095703e+01
1.235835742950439453e+01
1.207563495635986328e+01
1.176623439788818359e+01
1.162248325347900391e+01
1.147229766845703125e+01
1.132003402709960938e+01
1.163299083709716797e+01
1.123053550720214844e+01
1.137884616851806641e+01
1.171840381622314453e+01
1.172050952911376953e+01
1.252585983276367188e+01
1.270019531250000000e+01
1.276795578002929688e+01
1.240253925323486328e+01
1.230462360382080078e+01
1.270926761627197266e+01
1.307690715789794922e+01
1.266490650177001953e+01
1.224653911590576172e+01
1.184090328216552734e+01
1.173617935180664062e+01
1.167941951751708984e+01
1.159823226928710938e+01
1.199546909332275391e+01
1.259379577636718750e+01
1.303674221038818359e+01
1.289379024505615234e+01
1.236085033416748047e+01
1.151576995849609375e+01
1.147178745269775391e+01
1.170678138732910156e+01
1.239253425598144531e+01
1.274168491363525391e+01
1.244101524353027344e+01
1.200935649871826172e+01
1.226325893402099609e+01
1.212333011627197266e+01
1.201323127746582031e+01
1.206924247741699219e+01
1.227161121368408203e+01
1.187648582458496094e+01
1.165898227691650391e+01
1.157746219635009766e+01
1.162273120880126953e+01
1.176034736633300781e+01
1.209155750274658203e+01
1.232384014129638672e+01
1.188729476928710938e+01
1.198885536193847656e+01
1.214471817016601562e+01
1.225179290771484375e+01
1.192368698120117188e+01
1.148974132537841797e+01
1.139610195159912109e+01
1.118920707702636719e+01
1.110266399383544922e+01
1.191268444061279297e+01
1.253455257415771484e+01
1.243905735015869141e+01
1.216287326812744141e+01
1.193804931640625000e+01
1.151626300811767578e+01
1.113443946838378906e+01
1.124495124816894531e+01
1.192321586608886719e+01
1.195758914947509766e+01
1.200218009948730469e+01
1.204158020019531250e+01
1.212649059295654297e+01
1.202286052703857422e+01
1.182301902770996094e+01
1.203840065002441406e+01
1.188747024536132812e+01
1.189974212646484375e+01
1.164588260650634766e+01
1.181850051879882812e+01
1.172890090942382812e+01
1.181047344207763672e+01
1.176327514648437500e+01
1.191577148437500000e+01
1.161203479766845703e+01
1.151601696014404297e+01
1.183451461791992188e+01
1.202627372741699219e+01
1.190389442443847656e+01
1.228071212768554688e+01
1.229439640045166016e+01
1.218017578125000000e+01
1.218402767181396484e+01
1.191499519348144531e+01
1.136049842834472656e+01
1.104696559906005859e+01
1.135535526275634766e+01
1.162388229370117188e+01
1.184920120239257812e+01
1.161866092681884766e+01
1.165727233886718750e+01
1.168860435485839844e+01
1.153180313110351562e+01
1.157342338562011719e+01
1.198954582214355469e+01
1.209628582000732422e+01
1.230986976623535156e+01
1.217998981475830078e+01
1.197356414794921875e+01
1.225492000579833984e+01
1.230806446075439453e+01
1.238671398162841797e+01
1.188024806976318359e+01
1.178420925140380859e+01
1.158620548248291016e+01
1.173395633697509766e+01
1.175351333618164062e+01
1.168934249877929688e+01
1.182021999359130859e+01
1.194061279296875000e+01
1.177767086029052734e+01
1.232242393493652344e+01
1.260222434997558594e+01
1.239086914062500000e+01
1.176253604888916016e+01
1.192399120330810547e+01
1.216247940063476562e+01
1.186219024658203125e+01
1.178712749481201172e+01
1.226466846466064453e+01
1.242817878723144531e+01
1.209779262542724609e+01
1.167845726013183594e+01
1.148001194000244141e+01
1.146104812622070312e+01
1.174155235290527344e+01
1.153687191009521484e+01
1.151712322235107422e+01
1.165824222564697266e+01
1.183499813079833984e+01
1.172753810882568359e+01
1.182377338409423828e+01
1.167556762695312500e+01
1.191981220245361328e+01
1.209804153442382812e+01
1.210901355743408203e+01
1.223879051208496094e+01
1.272888469696044922e+01
1.231591987609863281e+01
1.145120429992675781e+01
1.136916637420654297e+01
1.190628623962402344e+01
1.204558086395263672e+01
1.251228141784667969e+01
1.255634689331054688e+01
1.222820854187011719e+01
1.186063385009765625e+01
1.170909690856933594e+01
1.189257812500000000e+01
1.162405586242675781e+01
1.179746150970458984e+01
1.189549732208251953e+01
1.164739894866943359e+01
1.177198696136474609e+01
1.239162540435791016e+01
1.254762840270996094e+01
1.250931644439697266e+01
1.223328971862792969e+01
1.224021339416503906e+01
1.235583782196044922e+01
1.212660217285156250e+01
1.263275814056396484e+01
1.297559642791748047e+01
1.269749450683593750e+01
1.215646553039550781e+01
1.190546607971191406e+01
1.136473274230957031e+01
1.127131366729736328e+01
1.138523101806640625e+01
1.126056480407714844e+01
1.165080928802490234e+01
1.203386211395263672e+01
1.200315952301025391e+01
1.241016578674316406e+01
1.280230426788330078e+01
1.282977294921875000e+01
1.251192951202392578e+01
1.238487243652343750e+01
1.265987682342529297e+01
1.259831142425537109e+01
1.224165248870849609e+01
1.204336261749267578e+01
1.227801036834716797e+01
1.244399833679199219e+01
1.247132396697998047e+01
1.245040035247802734e+01
1.223160076141357422e+01
1.229762172698974609e+01
1.211025714874267578e+01
1.243187236785888672e+01
1.235154628753662109e+01
1.239180374145507812e+01
1.175621223449707031e+01
1.147152900695800781e+01
1.133478641510009766e+01
1.218804359436035156e+01
1.281409263610839844e+01
1.287680053710937500e+01
1.288428211212158203e+01
1.277375411987304688e+01
1.226430988311767578e+01
1.196661663055419922e+01
1.208239936828613281e+01
1.259293460845947266e+01
1.286653995513916016e+01
1.249179553985595703e+01
1.204366970062255859e+01
1.218777370452880859e+01
1.251274204254150391e+01
1.230544281005859375e+01
1.248416328430175781e+01
1.236582374572753906e+01
1.230529403686523438e+01
1.197291851043701172e+01
1.168432426452636719e+01
1.160303688049316406e+01
1.160303306579589844e+01
1.231740760803222656e+01
1.298001670837402344e+01
1.314474105834960938e+01
1.262469959259033203e+01
1.227219295501708984e+01
1.217226696014404297e+01
1.224991321563720703e+01
1.241983222961425781e+01
1.273934841156005859e+01
1.244513893127441406e+01
1.187919139862060547e+01
1.141835880279541016e+01
1.189305496215820312e+01
1.211887741088867188e+01
1.254182910919189453e+01
1.216430473327636719e+01
1.197113800048828125e+01
1.211894035339355469e+01
1.248109626770019531e+01
1.223182392120361328e+01
1.196869468688964844e+01
1.172363090515136719e+01
1.166233825683593750e+01
1.245808410644531250e+01
1.276034545898437500e+01
1.265446376800537109e+01
1.285860061645507812e+01
1.335963916778564453e+01
1.339910316467285156e+01
1.300086307525634766e+01
1.298410987854003906e+01
1.261634159088134766e+01
1.209145832061767578e+01
1.211854648590087891e+01
1.225969409942626953e+01
1.206377696990966797e+01
1.184199237823486328e+01
1.171166610717773438e+01
1.221112823486328125e+01
1.238960647583007812e+01
1.254267597198486328e+01
1.278971004486083984e+01
1.282753944396972656e+01
1.280981540679931641e+01
1.285606002807617188e+01
1.303594017028808594e+01
1.321856212615966797e+01
1.301384258270263672e+01
1.285614967346191406e+01
1.310951995849609375e+01
1.304231739044189453e+01
1.182201862335205078e+01
1.109711742401123047e+01
1.131956100463867188e+01
1.197959327697753906e+01
1.237626552581787109e+01
1.241604042053222656e+01
1.209410858154296875e+01
1.206184387207031250e+01
1.282915210723876953e+01
1.250269126892089844e+01
1.244177627563476562e+01
1.247811889648437500e+01
1.259050178527832031e+01
1.304371547698974609e+01
1.254958152770996094e+01
1.265423774719238281e+01
1.296969985961914062e+01
1.308523654937744141e+01
1.276515865325927734e+01
1.280439758300781250e+01
1.311891269683837891e+01
1.292385292053222656e+01
1.295999908447265625e+01
1.301747322082519531e+01
1.329879570007324219e+01
1.301983165740966797e+01
1.288683223724365234e+01
1.262758827209472656e+01
1.302547931671142578e+01
1.325675582885742188e+01
1.285044002532958984e+01
1.271554946899414062e+01
1.297089767456054688e+01
1.306589412689208984e+01
1.270353031158447266e+01
1.248977565765380859e+01
1.250518226623535156e+01
1.288520526885986328e+01
1.311251258850097656e+01
1.286127185821533203e+01
1.238098049163818359e+01
1.243108558654785156e+01
1.264613819122314453e+01
1.289245414733886719e+01
1.311216735839843750e+01
1.242387771606445312e+01
1.220584201812744141e+01
1.273331737518310547e+01
1.334876251220703125e+01
1.319651699066162109e+01
1.289910221099853516e+01
1.271366119384765625e+01
1.267274761199951172e+01
1.247303771972656250e+01
1.158409500122070312e+01
1.151062583923339844e+01
1.222293281555175781e+01
1.308779239654541016e+01
1.255216884613037109e+01
1.211404037475585938e+01
1.222528934478759766e+01
1.261553096771240234e+01
1.304232883453369141e+01
1.281969738006591797e+01
1.251535034179687500e+01
1.207246589660644531e+01
1.247835254669189453e+01
1.298960018157958984e+01
1.284638404846191406e+01
1.229151535034179688e+01
1.208553600311279297e+01
1.241643428802490234e+01
1.286479473114013672e+01
1.352007770538330078e+01
1.372569465637207031e+01
1.348367118835449219e+01
1.320407676696777344e+01
1.261454963684082031e+01
1.247649288177490234e+01
1.244810104370117188e+01
1.226046752929687500e+01
1.210338878631591797e+01
1.240553283691406250e+01
1.271124458312988281e+01
1.306859779357910156e+01
1.339229393005371094e+01
1.321810245513916016e+01
1.340339279174804688e+01
1.372862339019775391e+01
1.349878978729248047e+01
1.260406303405761719e+01
1.220067787170410156e+01
1.242066764831542969e+01
1.336190605163574219e+01
1.348639869689941406e+01
1.311854171752929688e+01
1.296533584594726562e+01
1.344384860992431641e+01
1.405511093139648438e+01
1.350468349456787109e+01
1.254389286041259766e+01
1.245306110382080078e+01
1.290194606781005859e+01
1.294711971282958984e+01
1.225437259674072266e+01
1.190580940246582031e+01
1.217970466613769531e+01
1.229051494598388672e+01
1.244709682464599609e+01
1.270803642272949219e+01
1.315573501586914062e+01
1.266770839691162109e+01
1.203333473205566406e+01
1.181404018402099609e+01
1.222899246215820312e+01
1.250411987304687500e+01
1.217102527618408203e+01
1.196290683746337891e+01
1.233884143829345703e+01
1.274591445922851562e+01
1.306642532348632812e+01
1.318287849426269531e+01
1.310620021820068359e+01
1.312844944000244141e+01
1.292761707305908203e+01
1.250635910034179688e+01
1.284962940216064453e+01
1.293480682373046875e+01
1.329870223999023438e+01
1.358053207397460938e+01
1.407383155822753906e+01
1.378514099121093750e+01
1.321727943420410156e+01
1.317003536224365234e+01
1.246093750000000000e+01
1.226794242858886719e+01
1.239231967926025391e+01
1.256856918334960938e+01
1.268796443939208984e+01
1.261657810211181641e+01
1.278851222991943359e+01
1.278211402893066406e+01
1.277752685546875000e+01
1.276736164093017578e+01
1.263477039337158203e+01
1.264899063110351562e+01
1.282633495330810547e+01
1.339643764495849609e+01
1.369174385070800781e+01
1.392094612121582031e+01
1.375951194763183594e+01
1.360503959655761719e+01
1.279735946655273438e+01
1.250319766998291016e+01
1.293683719635009766e+01
1.339097499847412109e+01
1.345540618896484375e+01
1.381528854370117188e+01
1.356243228912353516e+01
1.286486911773681641e+01
1.206608867645263672e+01
1.200883674621582031e+01
1.186638069152832031e+01
1.184367847442626953e+01
1.224984645843505859e+01
1.279279994964599609e+01
1.310126113891601562e+01
1.316948127746582031e+01
1.372777462005615234e+01
1.376621341705322266e+01
1.325667095184326172e+01
1.292652797698974609e+01
1.324435138702392578e+01
1.282233142852783203e+01
1.256525516510009766e+01
1.281560897827148438e+01
1.309741115570068359e+01
1.331331253051757812e+01
1.295253372192382812e+01
1.258185100555419922e+01
1.306070137023925781e+01
1.359907054901123047e+01
1.364465713500976562e+01
1.305783843994140625e+01
1.295703506469726562e+01
1.323692131042480469e+01
1.329589462280273438e+01
1.291060543060302734e+01
1.293881225585937500e+01
1.320306015014648438e+01
1.367555046081542969e+01
1.330377101898193359e+01
1.255670928955078125e+01
1.231262874603271484e+01
1.201742458343505859e+01
1.256861686706542969e+01
1.262126064300537109e+01
1.251817798614501953e+01
1.245272636413574219e+01
1.267720413208007812e+01
1.303692531585693359e+01
1.327396678924560547e+01
1.299270915985107422e+01
1.234794235229492188e+01
1.195322990417480469e+01
1.232265281677246094e+01
1.296853828430175781e+01
1.342415523529052734e+01
1.353040790557861328e+01
1.316316032409667969e+01
1.281249046325683594e+01
1.291989421844482422e+01
1.313387680053710938e+01
1.329613399505615234e+01
1.305931568145751953e+01
1.291910171508789062e+01
1.267201995849609375e+01
1.251033592224121094e+01
1.276034164428710938e+01
1.305555725097656250e+01
1.330913257598876953e+01
1.368656063079833984e+01
1.395093154907226562e+01
1.347787952423095703e+01
1.244163703918457031e+01
1.229356002807617188e+01
1.196493148803710938e+01
1.205418014526367188e+01
1.225586891174316406e+01
1.203577232360839844e+01
1.159718227386474609e+01
1.195869064331054688e+01
1.272695541381835938e+01
1.287831020355224609e+01
1.319712924957275391e+01
1.301230239868164062e+01
1.239917850494384766e+01
1.188324069976806641e+01
1.235851097106933594e+01
1.237694835662841797e+01
1.222843170166015625e+01
1.221823596954345703e+01
1.284794521331787109e+01
1.270724296569824219e+01
1.222486591339111328e+01
1.220228195190429688e+01
1.195749282836914062e+01
1.174397659301757812e+01
1.154476165771484375e+01
1.211161708831787109e+01
1.220406150817871094e+01
1.201785469055175781e+01
1.203057098388671875e+01
1.255830001831054688e+01
1.325345897674560547e+01
1.334340858459472656e+01
1.242252731323242188e+01
1.169462203979492188e+01
1.182745742797851562e+01
1.216741752624511719e+01
1.226386737823486328e+01
1.248584175109863281e+01
1.290650749206542969e+01
1.272761726379394531e+01
1.222852611541748047e+01
1.209607219696044922e+01
1.229769802093505859e+01
1.241338729858398438e+01
1.245547294616699219e+01
1.239362335205078125e+01
1.228183555603027344e+01
1.234122085571289062e+01
1.258046722412109375e+01
1.275790786743164062e+01
1.272088241577148438e+01
1.291100597381591797e+01
1.265220355987548828e+01
1.250168228149414062e+01
1.280479621887207031e+01
1.306559848785400391e+01
1.241371536254882812e+01
1.209553337097167969e+01
1.213291740417480469e+01
1.291580867767333984e+01
1.281036186218261719e+01
1.261897468566894531e+01
1.276291942596435547e+01
1.325212192535400391e+01
1.344593811035156250e+01
1.334796333312988281e+01
1.319399738311767578e+01
1.323325920104980469e+01
1.342802047729492188e+01
1.397507190704345703e+01
1.386780452728271484e+01
1.394052314758300781e+01
1.367277526855468750e+01
1.348246574401855469e+01
1.325690078735351562e+01
1.384985065460205078e+01
1.442839050292968750e+01
1.401031398773193359e+01
1.350268173217773438e+01
1.311341953277587891e+01
1.247737598419189453e+01
1.242223453521728516e+01
1.260760688781738281e+01
1.239393615722656250e+01
1.191665744781494141e+01
1.188366508483886719e+01
1.192967605590820312e+01
1.204874134063720703e+01
1.204118061065673828e+01
1.212084388732910156e+01
1.197373008728027344e+01
1.182013893127441406e+01
1.198525714874267578e+01
1.239213085174560547e+01
1.200799465179443359e+01
1.142070198059082031e+01
1.146721458435058594e+01
1.193064498901367188e+01
1.242383480072021484e+01
1.225905990600585938e+01
1.229438781738281250e+01
1.197926712036132812e+01
1.223544502258300781e+01
1.215030765533447266e+01
1.232800006866455078e+01
1.230945873260498047e+01
1.269619083404541016e+01
1.267920017242431641e+01
1.237447357177734375e+01
1.245894622802734375e+01
1.241419410705566406e+01
1.244009876251220703e+01
1.246348094940185547e+01
1.282824707031250000e+01
1.279260826110839844e+01
1.253367996215820312e+01
1.202336978912353516e+01
1.179668712615966797e+01
1.200553798675537109e+01
1.193890476226806641e+01
1.181905746459960938e+01
1.213076210021972656e+01
1.231889629364013672e+01
1.249574756622314453e+01
1.285523796081542969e+01
1.330106925964355469e+01
1.278672504425048828e+01
1.194694042205810547e+01
1.186837387084960938e+01
1.220373630523681641e+01
1.246729469299316406e+01
1.268408107757568359e+01
1.285052204132080078e+01
1.296968555450439453e+01
1.281069660186767578e+01
1.215149307250976562e+01
1.148666667938232422e+01
1.182647323608398438e+01
1.247402477264404297e+01
1.268899917602539062e+01
1.238410091400146484e+01
1.240220737457275391e+01
1.185987663269042969e+01
1.163810634613037109e+01
1.175363254547119141e+01
1.200587081909179688e+01
1.212116622924804688e+01
1.224114704132080078e+01
1.230801296234130859e+01
1.199653816223144531e+01
1.181640338897705078e+01
1.164899826049804688e+01
1.179758071899414062e+01
1.183006668090820312e+01
1.191980934143066406e+01
1.161645603179931641e+01
1.174060153961181641e+01
1.129941082000732422e+01
1.124859905242919922e+01
1.132878875732421875e+01
1.135529518127441406e+01
1.110893249511718750e+01
1.114606475830078125e+01
1.164252376556396484e+01
1.189681434631347656e+01
1.171265697479248047e+01
1.170035171508789062e+01
1.181351089477539062e+01
1.225586509704589844e+01
1.243887615203857422e+01
1.234346580505371094e+01
1.235653877258300781e+01
1.256983375549316406e+01
1.252862262725830078e+01
1.206867694854736328e+01
1.208204555511474609e+01
1.228353023529052734e+01
1.195164299011230469e+01
1.065020179748535156e+01
1.068559837341308594e+01
1.096179199218750000e+01
1.191943931579589844e+01
1.197425460815429688e+01
1.113659954071044922e+01
1.084376811981201172e+01
1.101292037963867188e+01
1.159286594390869141e+01
1.189710235595703125e+01
1.265787887573242188e+01
1.265206623077392578e+01
1.214871215820312500e+01
1.196841621398925781e+01
1.204164981842041016e+01
1.185438346862792969e+01
1.186608600616455078e+01
1.219068336486816406e+01
1.181233310699462891e+01
1.145819664001464844e+01
1.166896533966064453e+01
1.152006340026855469e+01
1.089116573333740234e+01
1.070795536041259766e+01
1.096421527862548828e+01
1.139909172058105469e+01
1.160186862945556641e+01
1.201759243011474609e+01
1.231169128417968750e+01
1.251070785522460938e+01
1.189831733703613281e+01
1.138402175903320312e+01
1.135351371765136719e+01
1.138163471221923828e+01
1.103018951416015625e+01
1.092911720275878906e+01
1.112916088104248047e+01
1.099542236328125000e+01
1.098805046081542969e+01
1.062719821929931641e+01
1.105091094970703125e+01
1.181647300720214844e+01
1.229174804687500000e+01
1.182134151458740234e+01
1.118160343170166016e+01
1.134844779968261719e+01
1.170294475555419922e+01
1.150148010253906250e+01
1.137656593322753906e+01
1.157073402404785156e+01
1.144985294342041016e+01
1.104236888885498047e+01
1.053764820098876953e+01
1.087971305847167969e+01
1.084756278991699219e+01
1.135203647613525391e+01
1.180067253112792969e+01
1.194361972808837891e+01
1.176549434661865234e+01
1.143603515625000000e+01
1.153140449523925781e+01
1.163055419921875000e+01
1.183648395538330078e+01
1.138250064849853516e+01
1.129234409332275391e+01
1.139047050476074219e+01
1.167445373535156250e+01
1.144375324249267578e+01
1.134977149963378906e+01
1.107300281524658203e+01
1.132452106475830078e+01
1.183926486968994141e+01
1.162499904632568359e+01
1.096933555603027344e+01
1.094876670837402344e+01
1.111466503143310547e+01
1.199050140380859375e+01
1.270790958404541016e+01
1.242429733276367188e+01
1.187190723419189453e+01
1.231414031982421875e+01
1.297700500488281250e+01
1.242807388305664062e+01
1.229453659057617188e+01
1.181008052825927734e+01
1.160657882690429688e+01
1.129505538940429688e+01
1.140550041198730469e+01
1.164039230346679688e+01
1.083290767669677734e+01
1.094832420349121094e+01
1.107758617401123047e+01
1.150060939788818359e+01
1.158850574493408203e+01
1.197209167480468750e+01
1.252695655822753906e+01
1.275474166870117188e+01
1.268186283111572266e+01
1.139721488952636719e+01
1.130109310150146484e+01
1.112507152557373047e+01
1.038084602355957031e+01
1.012076568603515625e+01
1.068742656707763672e+01
1.150906944274902344e+01
1.228232383728027344e+01
1.287220859527587891e+01
1.257047271728515625e+01
1.191824150085449219e+01
1.128341102600097656e+01
1.100285434722900391e+01
1.061360073089599609e+01
1.043670654296875000e+01
1.088996601104736328e+01
1.098078346252441406e+01
1.111860752105712891e+01
1.132444095611572266e+01
1.166473960876464844e+01
1.214084434509277344e+01
1.232879924774169922e+01
1.185151767730712891e+01
1.185678958892822266e+01
1.200844001770019531e+01
1.121468353271484375e+01
1.123085498809814453e+01
1.097000789642333984e+01
1.094603157043457031e+01
1.167913627624511719e+01
1.260341453552246094e+01
1.171716022491455078e+01
1.083302688598632812e+01
1.111574554443359375e+01
1.195694255828857422e+01
1.238245105743408203e+01
1.195407676696777344e+01
1.119839000701904297e+01
1.119907951354980469e+01
1.161318874359130859e+01
1.102269077301025391e+01
1.108006572723388672e+01
1.113387870788574219e+01
1.113779830932617188e+01
1.161170101165771484e+01
1.187890529632568359e+01
1.199223995208740234e+01
1.131262683868408203e+01
1.138922595977783203e+01
1.109659385681152344e+01
1.117437553405761719e+01
1.128500938415527344e+01
1.122814559936523438e+01
1.100485610961914062e+01
1.060312080383300781e+01
9.848050117492675781e+00
9.670916557312011719e+00
9.911147117614746094e+00
1.034868144989013672e+01
1.004679489135742188e+01
1.050771808624267578e+01
1.089955520629882812e+01
1.114762210845947266e+01
1.084064960479736328e+01
1.014383697509765625e+01
9.740934371948242188e+00
1.040913677215576172e+01
1.160437965393066406e+01
1.230247974395751953e+01
1.245249843597412109e+01
1.276402854919433594e+01
1.259247303009033203e+01
1.203614997863769531e+01
1.190850639343261719e+01
1.113997459411621094e+01
1.097690868377685547e+01
1.065614986419677734e+01
1.153353881835937500e+01
1.175481033325195312e+01
1.088814353942871094e+01
1.105441951751708984e+01
1.154761028289794922e+01
1.102330589294433594e+01
1.057552623748779297e+01
1.059522628784179688e+01
1.107426166534423828e+01
1.143503570556640625e+01
1.150622940063476562e+01
1.129190635681152344e+01
1.088836956024169922e+01
1.095770645141601562e+01
1.087984466552734375e+01
1.108763885498046875e+01
1.070496273040771484e+01
1.045574665069580078e+01
1.076915740966796875e+01
1.057430362701416016e+01
9.649562835693359375e+00
1.025387573242187500e+01
1.161487674713134766e+01
1.189921951293945312e+01
1.121245002746582031e+01
1.108606815338134766e+01
1.136115169525146484e+01
1.172091102600097656e+01
1.145000362396240234e+01
1.080237197875976562e+01
1.008190822601318359e+01
9.542012214660644531e+00
1.033376789093017578e+01
1.050664615631103516e+01
1.032834434509277344e+01
9.894455909729003906e+00
1.018781185150146484e+01
1.125979328155517578e+01
1.178503608703613281e+01
1.127065563201904297e+01
1.024744701385498047e+01
9.313529014587402344e+00
9.038910865783691406e+00
9.773571968078613281e+00
1.059785652160644531e+01
1.065038681030273438e+01
1.063917446136474609e+01
1.060352516174316406e+01
1.060987949371337891e+01
1.121941852569580078e+01
1.190004634857177734e+01
1.189245605468750000e+01
1.081862449645996094e+01
1.012074756622314453e+01
9.464371681213378906e+00
1.019124984741210938e+01
1.073064422607421875e+01
1.119852256774902344e+01
1.000333118438720703e+01
9.869897842407226562e+00
1.088034439086914062e+01
1.201783084869384766e+01
1.245819187164306641e+01
1.215892887115478516e+01
1.134288597106933594e+01
1.133224391937255859e+01
1.053409290313720703e+01
1.070316219329833984e+01
1.081024932861328125e+01
1.063640022277832031e+01
1.015055561065673828e+01
1.035477066040039062e+01
9.347128868103027344e+00
9.379893302917480469e+00
9.927521705627441406e+00
1.039206218719482422e+01
1.054866695404052734e+01
1.095235347747802734e+01
1.178489303588867188e+01
1.156385231018066406e+01
1.076696872711181641e+01
1.036873912811279297e+01
1.093147277832031250e+01
1.072115802764892578e+01
1.099627780914306641e+01
1.129404354095458984e+01
1.209958648681640625e+01
1.184611701965332031e+01
1.093776798248291016e+01
9.433391571044921875e+00
1.094196605682373047e+01
1.129174232482910156e+01
1.265022277832031250e+01
1.255875873565673828e+01
1.151640224456787109e+01
1.048701667785644531e+01
1.007884216308593750e+01
9.981413841247558594e+00
9.201898574829101562e+00
9.128482818603515625e+00
8.857316017150878906e+00
8.666402816772460938e+00
9.449953079223632812e+00
1.076843357086181641e+01
1.215854740142822266e+01
1.140954303741455078e+01
1.074847507476806641e+01
1.028385639190673828e+01
9.887357711791992188e+00
1.001233005523681641e+01
1.115075397491455078e+01
1.138344097137451172e+01
1.054148387908935547e+01
9.483442306518554688e+00
9.930052757263183594e+00
1.020483207702636719e+01
9.955680847167968750e+00
1.135729789733886719e+01
1.227201271057128906e+01
1.134144496917724609e+01
9.007513046264648438e+00
9.707718849182128906e+00
9.412147521972656250e+00
8.560237884521484375e+00
8.326285362243652344e+00
8.611179351806640625e+00
1.031146526336669922e+01
1.223588085174560547e+01
1.222896957397460938e+01
1.283625125885009766e+01
1.331314754486083984e+01
1.266106033325195312e+01
9.871262550354003906e+00
8.575607299804687500e+00
9.114879608154296875e+00
1.000238800048828125e+01
8.537067413330078125e+00
6.905221462249755859e+00
7.911506175994873047e+00
8.421983718872070312e+00
7.270414352416992188e+00
7.273675918579101562e+00
8.383108139038085938e+00
9.102102279663085938e+00
9.558033943176269531e+00
1.004842758178710938e+01
9.884567260742187500e+00
8.520634651184082031e+00
7.980566978454589844e+00
8.290228843688964844e+00
6.865549087524414062e+00
6.593419075012207031e+00
8.384386062622070312e+00
9.638633728027343750e+00
7.200847148895263672e+00
6.078007221221923828e+00
7.256003856658935547e+00
9.529132843017578125e+00
1.045758438110351562e+01
9.940077781677246094e+00
7.739968776702880859e+00
6.909147262573242188e+00
7.411883354187011719e+00
9.044622421264648438e+00
1.159704113006591797e+01
1.379930686950683594e+01
1.368208217620849609e+01
1.053260517120361328e+01
1.024827098846435547e+01
1.274860477447509766e+01
1.371462345123291016e+01
1.182427692413330078e+01
1.035544586181640625e+01
8.778094291687011719e+00
7.757216930389404297e+00
4.881727695465087891e+00
3.384675264358520508e+00
5.471324920654296875e+00
7.759630203247070312e+00
7.363524913787841797e+00
5.328992366790771484e+00
4.052182674407958984e+00
2.211077064275741577e-01
-4.228889048099517822e-01
-3.319126069545745850e-01
nan
nan
nan
nan
nan
nan
nan
nan
nan
nan
nan
nan
nan
nan
nan
nan
nan
nan
nan
nan
nan
nan
nan
nan
nan
nan
nan
nan
nan
nan
nan
nan
nan
nan
nan
nan
nan
nan
nan
nan
nan
nan
nan
nan
nan
nan
nan
nan
nan
nan
nan
nan
nan
nan
nan
nan
nan
nan
nan
nan
nan
nan
nan
nan
nan
nan
nan
nan
nan
nan
nan
nan
nan
nan
nan
nan
nan
nan
nan
nan
nan
nan
nan
nan
nan
nan
nan
nan
nan
nan
nan
nan
nan
