9.292815713831467761e+00
9.302396861101897230e+00
9.311978008372328475e+00
9.321559155642757943e+00
9.331140302913189188e+00
9.340721450183618657e+00
9.350302597454048126e+00
9.359883744724479371e+00
9.369464891994910616e+00
9.379046039265340085e+00
9.388627186535771330e+00
9.398208333806200798e+00
9.407789481076632043e+00
9.417370628347061512e+00
9.426951775617490981e+00
9.436532922887922226e+00
9.446114070158351694e+00
9.455695217428782939e+00
9.465276364699212408e+00
9.474857511969641877e+00
9.484438659240073122e+00
9.494019806510502590e+00
9.503600953780932059e+00
9.513182101051365080e+00
9.522763248321794549e+00
9.532344395592225794e+00
9.541925542862655263e+00
9.551506690133084732e+00
9.561087837403515977e+00
9.570668984673945445e+00
9.580250131944374914e+00
9.589831279214806159e+00
9.599412426485235628e+00
9.608993573755666873e+00
9.618574721026096341e+00
9.628155868296525810e+00
9.637737015566957055e+00
9.647318162837388300e+00
9.656899310107817769e+00
9.666480457378249014e+00
9.676061604648678482e+00
9.685642751919109728e+00
9.695223899189539196e+00
9.704805046459968665e+00
9.714386193730399910e+00
9.723967341000829379e+00
9.733548488271260624e+00
9.743129635541690092e+00
9.752710782812119561e+00
9.762291930082550806e+00
9.771873077352980275e+00
9.781454224623411520e+00
9.791035371893842765e+00
9.800616519164272233e+00
9.810197666434703478e+00
9.819778813705132947e+00
9.829359960975562416e+00
9.838941108245993661e+00
9.848522255516423130e+00
9.858103402786852598e+00
9.867684550057283843e+00
9.877265697327713312e+00
9.886846844598144557e+00
9.896427991868574026e+00
9.906009139139003494e+00
9.915590286409434739e+00
9.925171433679865984e+00
9.934752580950295453e+00
9.944333728220726698e+00
9.953914875491156167e+00
9.963496022761587412e+00
9.973077170032016880e+00
9.982658317302446349e+00
9.992239464572877594e+00
1.000182061184330706e+01
1.001140175911373831e+01
1.002098290638416778e+01
1.003056405365459725e+01
1.004014520092502849e+01
1.004972634819545796e+01
1.005930749546588743e+01
1.006888864273632045e+01
1.007846979000674992e+01
1.008805093727718116e+01
1.009763208454761063e+01
1.010721323181804010e+01
1.011679437908847135e+01
1.012637552635890081e+01
1.013595667362933028e+01
1.014553782089976153e+01
1.015511896817019100e+01
1.016470011544062224e+01
1.017428126271105171e+01
1.018386240998148118e+01
1.019344355725191242e+01
1.020302470452234189e+01
1.021260585179277314e+01
1.022218699906320438e+01
1.023176814633363385e+01
1.024134929360406510e+01
1.025093044087449456e+01
1.026051158814492403e+01
1.027009273541535528e+01
1.027967388268578475e+01
1.028925502995621599e+01
1.029883617722664546e+01
1.030841732449707493e+01
1.031799847176750617e+01
1.032757961903793564e+01
1.033716076630836689e+01
1.034674191357879636e+01
1.035632306084922760e+01
1.036590420811965885e+01
1.037548535539008832e+01
1.038506650266051778e+01
1.039464764993094903e+01
1.040422879720137850e+01
1.041380994447180797e+01
1.042339109174223921e+01
1.043297223901266868e+01
1.044255338628309993e+01
1.045213453355352939e+01
1.046171568082395886e+01
1.047129682809439011e+01
1.048087797536482135e+01
1.049045912263525082e+01
1.050004026990568207e+01
1.050962141717611154e+01
1.051920256444654278e+01
1.052878371171697225e+01
1.053836485898740172e+01
1.054794600625783296e+01
1.055752715352826243e+01
1.056710830079869368e+01
1.057668944806912315e+01
1.058627059533955261e+01
1.059585174260998386e+01
1.060543288988041333e+01
1.061501403715084280e+01
1.062459518442127582e+01
1.063417633169170529e+01
1.064375747896213653e+01
1.065333862623256600e+01
1.066291977350299547e+01
1.067250092077342671e+01
1.068208206804385618e+01
1.069166321531428565e+01
1.070124436258471690e+01
1.071082550985514636e+01
1.072040665712557761e+01
1.072998780439600708e+01
1.073956895166643655e+01
1.074915009893686779e+01
1.075873124620729726e+01
1.076831239347772851e+01
1.077789354074815975e+01
1.078747468801858922e+01
1.079705583528902046e+01
1.080663698255944993e+01
1.081621812982987940e+01
1.082579927710031065e+01
1.083538042437074012e+01
1.084496157164117136e+01
1.085454271891160083e+01
1.086412386618203030e+01
1.087370501345246154e+01
1.088328616072289101e+01
1.089286730799332048e+01
1.090244845526375173e+01
1.091202960253418297e+01
1.092161074980461422e+01
1.093119189707504368e+01
1.094077304434547315e+01
1.095035419161590440e+01
1.095993533888633387e+01
1.096951648615676334e+01
1.097909763342719458e+01
1.098867878069762405e+01
1.099825992796805529e+01
1.100784107523848476e+01
1.101742222250891423e+01
1.102700336977934548e+01
1.103658451704977672e+01
1.104616566432020619e+01
1.105574681159063744e+01
1.106532795886106690e+01
1.107490910613149815e+01
1.108449025340192762e+01
1.109407140067235709e+01
1.110365254794278833e+01
1.111323369521321780e+01
1.112281484248364904e+01
1.113239598975407851e+01
1.114197713702450798e+01
1.115155828429493923e+01
1.116113943156536870e+01
1.117072057883579816e+01
1.118030172610623119e+01
1.118988287337665888e+01
1.119946402064709190e+01
1.120904516791752137e+01
1.121862631518795084e+01
1.122820746245838208e+01
1.123778860972881155e+01
1.124736975699924102e+01
1.125695090426967226e+01
1.126653205154010173e+01
1.127611319881053298e+01
1.128569434608096245e+01
1.129527549335139192e+01
1.130485664062182316e+01
1.131443778789225263e+01
1.132401893516268387e+01
1.133360008243311334e+01
1.134318122970354459e+01
1.135276237697397583e+01
1.136234352424440530e+01
1.137192467151483477e+01
1.138150581878526602e+01
1.139108696605569548e+01
1.140066811332612673e+01
1.141024926059655620e+01
1.141983040786698567e+01
1.142941155513741691e+01
1.143899270240784638e+01
1.144857384967827763e+01
1.145815499694870709e+01
1.146773614421913834e+01
1.147731729148956781e+01
1.148689843875999905e+01
1.149647958603042852e+01
1.150606073330085977e+01
1.151564188057128924e+01
1.152522302784171870e+01
1.153480417511214995e+01
1.154438532238257942e+01
1.155396646965301066e+01
1.156354761692344013e+01
1.157312876419386960e+01
1.158270991146430084e+01
1.159229105873473209e+01
1.160187220600516156e+01
1.161145335327559280e+01
1.162103450054602050e+01
1.163061564781645352e+01
1.164019679508688299e+01
1.164977794235731245e+01
1.165935908962774370e+01
1.166894023689817317e+01
1.167852138416860441e+01
1.168810253143903388e+01
1.169768367870946335e+01
1.170726482597989460e+01
1.171684597325032406e+01
1.172642712052075531e+01
1.173600826779118655e+01
1.174558941506161425e+01
1.175517056233204727e+01
1.176475170960247674e+01
1.177433285687290621e+01
1.178391400414333745e+01
1.179349515141376692e+01
1.180307629868419816e+01
1.181265744595462763e+01
1.182223859322505710e+01
1.183181974049548835e+01
1.184140088776591782e+01
1.185098203503634728e+01
1.186056318230677853e+01
1.187014432957720800e+01
1.187972547684763924e+01
1.188930662411806871e+01
1.189888777138849996e+01
1.190846891865893120e+01
1.191805006592936067e+01
1.192763121319979014e+01
1.193721236047022138e+01
1.194679350774065085e+01
1.195637465501108210e+01
1.196595580228151157e+01
1.197553694955194103e+01
1.198511809682237228e+01
1.199469924409280175e+01
1.200428039136323299e+01
1.201386153863366246e+01
1.202344268590409371e+01
1.203302383317452318e+01
1.204260498044495442e+01
1.205218612771538389e+01
1.206176727498581513e+01
1.207134842225624460e+01
1.208092956952667585e+01
1.209051071679710532e+01
1.210009186406753479e+01
1.210967301133796603e+01
1.211925415860839550e+01
1.212883530587882497e+01
1.213841645314925621e+01
1.214799760041968568e+01
1.215757874769011693e+01
1.216715989496054817e+01
1.217674104223097586e+01
1.218632218950140889e+01
1.219590333677183835e+01
1.220548448404226782e+01
1.221506563131269907e+01
1.222464677858312854e+01
1.223422792585355978e+01
1.224380907312398925e+01
1.225339022039441872e+01
1.226297136766484996e+01
1.227255251493527943e+01
1.228213366220571068e+01
1.229171480947614192e+01
1.230129595674656962e+01
1.231087710401700264e+01
1.232045825128743033e+01
1.233003939855786157e+01
1.233962054582829282e+01
1.234920169309872229e+01
1.235878284036915353e+01
1.236836398763958300e+01
1.237794513491001247e+01
1.238752628218044372e+01
1.239710742945087318e+01
1.240668857672130265e+01
1.241626972399173390e+01
1.242585087126216337e+01
1.243543201853259639e+01
1.244501316580302408e+01
1.245459431307345533e+01
1.246417546034388657e+01
1.247375660761431604e+01
1.248333775488474551e+01
1.249291890215517675e+01
1.250250004942560622e+01
1.251208119669603747e+01
1.252166234396646693e+01
1.253124349123689640e+01
1.254082463850732765e+01
1.255040578577775712e+01
1.255998693304818836e+01
1.256956808031861783e+01
1.257914922758904908e+01
1.258873037485947854e+01
1.259831152212990979e+01
1.260789266940033926e+01
1.261747381667077050e+01
1.262705496394119997e+01
1.263663611121163122e+01
1.264621725848206069e+01
1.265579840575249015e+01
1.266537955302292140e+01
1.267496070029335087e+01
1.268454184756378034e+01
1.269412299483421158e+01
1.270370414210464105e+01
1.271328528937507230e+01
1.272286643664550354e+01
1.273244758391593123e+01
1.274202873118636425e+01
1.275160987845679372e+01
1.276119102572722319e+01
1.277077217299765444e+01
1.278035332026808391e+01
1.278993446753851515e+01
1.279951561480894462e+01
1.280909676207937409e+01
1.281867790934980533e+01
1.282825905662023480e+01
1.283784020389066605e+01
1.284742135116109552e+01
1.285700249843152498e+01
1.286658364570195801e+01
1.287616479297238570e+01
1.288574594024281694e+01
1.289532708751324641e+01
1.290490823478367766e+01
1.291448938205410890e+01
1.292407052932453837e+01
1.293365167659496784e+01
1.294323282386539908e+01
1.295281397113582855e+01
1.296239511840625802e+01
1.297197626567668927e+01
1.298155741294711873e+01
1.299113856021755176e+01
1.300071970748797945e+01
1.301030085475841069e+01
1.301988200202884016e+01
1.302946314929927141e+01
1.303904429656970088e+01
1.304862544384013212e+01
1.305820659111056159e+01
1.306778773838099283e+01
1.307736888565142230e+01
1.308695003292185177e+01
1.309653118019228302e+01
1.310611232746271249e+01
1.311569347473314373e+01
1.312527462200357320e+01
1.313485576927400444e+01
1.314443691654443391e+01
1.315401806381486516e+01
1.316359921108529285e+01
1.317318035835572587e+01
1.318276150562615534e+01
1.319234265289658659e+01
1.320192380016701605e+01
1.321150494743744552e+01
1.322108609470787677e+01
1.323066724197830624e+01
1.324024838924873571e+01
1.324982953651916695e+01
1.325941068378959820e+01
1.326899183106002766e+01
1.327857297833045891e+01
1.328815412560088660e+01
1.329773527287131962e+01
1.330731642014174732e+01
1.331689756741217856e+01
1.332647871468260981e+01
1.333605986195303927e+01
1.334564100922347052e+01
1.335522215649389999e+01
1.336480330376432946e+01
1.337438445103476070e+01
1.338396559830519017e+01
1.339354674557562142e+01
1.340312789284605266e+01
1.341270904011648035e+01
1.342229018738691337e+01
1.343187133465734107e+01
1.344145248192777231e+01
1.345103362919820178e+01
1.346061477646863302e+01
1.347019592373906427e+01
1.347977707100949374e+01
1.348935821827992321e+01
1.349893936555035445e+01
1.350852051282078392e+01
1.351810166009121339e+01
1.352768280736164463e+01
1.353726395463207410e+01
1.354684510190250712e+01
1.355642624917293482e+01
1.356600739644336606e+01
1.357558854371379553e+01
1.358516969098422678e+01
1.359475083825465624e+01
1.360433198552508749e+01
1.361391313279551696e+01
1.362349428006594820e+01
1.363307542733637767e+01
1.364265657460680714e+01
1.365223772187723839e+01
1.366181886914766785e+01
1.367140001641809910e+01
1.368098116368852857e+01
1.369056231095895981e+01
1.370014345822938928e+01
1.370972460549982053e+01
1.371930575277025000e+01
1.372888690004068124e+01
1.373846804731110893e+01
1.374804919458154195e+01
1.375763034185197142e+01
1.376721148912240089e+01
1.377679263639283214e+01
1.378637378366326161e+01
1.379595493093369285e+01
1.380553607820412232e+01
1.381511722547455356e+01
1.382469837274498303e+01
1.383427952001541428e+01
1.384386066728584197e+01
1.385344181455627499e+01
1.386302296182670268e+01
1.387260410909713393e+01
1.388218525636756340e+01
1.389176640363799464e+01
1.390134755090842589e+01
1.391092869817885536e+01
1.392050984544928482e+01
1.393009099271971607e+01
1.393967213999014554e+01
1.394925328726057678e+01
1.395883443453100803e+01
1.396841558180143572e+01
1.397799672907186874e+01
1.398757787634229643e+01
1.399715902361272768e+01
1.400674017088315715e+01
1.401632131815358839e+01
1.402590246542401964e+01
1.403548361269444911e+01
1.404506475996487858e+01
1.405464590723530982e+01
1.406422705450573929e+01
1.407380820177617053e+01
1.408338934904660000e+01
1.409297049631702947e+01
1.410255164358746249e+01
1.411213279085789019e+01
1.412171393812832143e+01
1.413129508539875090e+01
1.414087623266918214e+01
1.415045737993961161e+01
1.416003852721004286e+01
1.416961967448047233e+01
1.417920082175090357e+01
1.418878196902133304e+01
1.419836311629176251e+01
1.420794426356219375e+01
1.421752541083262322e+01
1.422710655810305447e+01
1.423668770537348394e+01
1.424626885264391518e+01
1.425584999991434465e+01
1.426543114718477590e+01
1.427501229445520536e+01
1.428459344172563661e+01
1.429417458899606430e+01
1.430375573626649732e+01
1.431333688353692679e+01
1.432291803080735626e+01
1.433249917807778928e+01
1.434208032534821697e+01
1.435166147261864644e+01
1.436124261988907769e+01
1.437082376715950893e+01
1.438040491442993840e+01
1.438998606170036965e+01
1.439956720897079734e+01
1.440914835624123036e+01
1.441872950351165805e+01
1.442831065078209107e+01
1.443789179805251877e+01
1.444747294532295001e+01
1.445705409259337948e+01
1.446663523986381072e+01
1.447621638713424197e+01
1.448579753440467144e+01
1.449537868167509913e+01
1.450495982894553215e+01
1.451454097621596340e+01
1.452412212348639109e+01
1.453370327075682411e+01
1.454328441802725180e+01
1.455286556529768305e+01
1.456244671256811252e+01
1.457202785983854376e+01
1.458160900710897323e+01
1.459119015437940448e+01
1.460077130164983217e+01
1.461035244892026519e+01
1.461993359619069643e+01
1.462951474346112590e+01
1.463909589073155360e+01
1.464867703800198484e+01
1.465825818527241786e+01
1.466783933254284555e+01
1.467742047981327680e+01
1.468700162708370627e+01
1.469658277435413751e+01
1.470616392162456698e+01
1.471574506889499823e+01
1.472532621616542947e+01
1.473490736343585894e+01
1.474448851070628663e+01
1.475406965797671788e+01
1.476365080524715090e+01
1.477323195251757859e+01
1.478281309978800806e+01
1.479239424705843930e+01
1.480197539432887055e+01
1.481155654159930002e+01
1.482113768886973126e+01
1.483071883614016073e+01
1.484029998341059198e+01
1.484988113068101967e+01
1.485946227795145269e+01
1.486904342522188394e+01
1.487862457249231163e+01
1.488820571976274110e+01
1.489778686703317234e+01
1.490736801430360359e+01
1.491694916157403306e+01
1.492653030884446075e+01
1.493611145611489377e+01
1.494569260338532501e+01
1.495527375065575271e+01
1.496485489792618573e+01
1.497443604519661342e+01
1.498401719246704644e+01
1.499359833973747413e+01
1.500317948700790538e+01
1.501276063427833840e+01
1.502234178154876609e+01
1.503192292881919556e+01
1.504150407608962681e+01
1.505108522336005805e+01
1.506066637063048752e+01
1.507024751790091521e+01
1.507982866517134646e+01
1.508940981244177948e+01
1.509899095971220717e+01
1.510857210698263842e+01
1.511815325425306789e+01
1.512773440152349913e+01
1.513731554879392860e+01
1.514689669606435984e+01
1.515647784333479109e+01
1.516605899060522056e+01
1.517564013787564825e+01
1.518522128514608127e+01
1.519480243241651252e+01
1.520438357968694021e+01
1.521396472695736968e+01
1.522354587422780092e+01
1.523312702149823217e+01
1.524270816876866164e+01
1.525228931603909288e+01
1.526187046330952235e+01
1.527145161057995359e+01
1.528103275785038129e+01
1.529061390512081431e+01
1.530019505239124555e+01
1.530977619966167325e+01
1.531935734693210271e+01
1.532893849420253396e+01
1.533851964147296698e+01
1.534810078874339467e+01
1.535768193601382592e+01
1.536726308328425539e+01
1.537684423055468663e+01
1.538642537782511610e+01
1.539600652509554735e+01
1.540558767236597504e+01
1.541516881963640806e+01
1.542474996690683575e+01
1.543433111417726700e+01
1.544391226144770002e+01
1.545349340871812771e+01
1.546307455598855718e+01
1.547265570325898842e+01
1.548223685052941967e+01
1.549181799779984914e+01
1.550139914507028038e+01
1.551098029234070808e+01
1.552056143961114110e+01
1.553014258688156879e+01
1.553972373415200181e+01
1.554930488142242950e+01
1.555888602869286075e+01
1.556846717596329022e+01
1.557804832323372146e+01
1.558762947050415271e+01
1.559721061777458218e+01
1.560679176504500987e+01
1.561637291231544289e+01
1.562595405958587413e+01
1.563553520685630183e+01
1.564511635412673485e+01
1.565469750139716254e+01
1.566427864866759379e+01
1.567385979593802325e+01
1.568344094320845450e+01
1.569302209047888397e+01
1.570260323774931521e+01
1.571218438501974468e+01
1.572176553229017593e+01
1.573134667956060717e+01
1.574092782683103664e+01
1.575050897410146433e+01
1.576009012137189558e+01
1.576967126864232860e+01
1.577925241591275629e+01
1.578883356318318754e+01
1.579841471045361700e+01
1.580799585772404825e+01
1.581757700499447772e+01
1.582715815226490896e+01
1.583673929953533666e+01
1.584632044680576968e+01
1.585590159407619737e+01
1.586548274134662861e+01
1.587506388861706164e+01
1.588464503588748933e+01
1.589422618315791880e+01
1.590380733042835004e+01
1.591338847769878129e+01
1.592296962496921076e+01
1.593255077223964200e+01
1.594213191951007147e+01
1.595171306678050271e+01
1.596129421405093041e+01
1.597087536132136343e+01
1.598045650859179112e+01
1.599003765586222237e+01
1.599961880313265183e+01
1.600919995040308308e+01
1.601878109767351432e+01
1.602836224494394202e+01
1.603794339221437326e+01
1.604752453948480451e+01
1.605710568675523575e+01
1.606668683402566344e+01
1.607626798129609469e+01
1.608584912856652593e+01
1.609543027583695718e+01
1.610501142310738487e+01
1.611459257037781612e+01
1.612417371764824381e+01
1.613375486491867861e+01
1.614333601218910630e+01
1.615291715945953754e+01
1.616249830672996879e+01
1.617207945400039648e+01
1.618166060127082773e+01
1.619124174854125897e+01
1.620082289581169022e+01
1.621040404308211791e+01
1.621998519035254915e+01
1.622956633762297685e+01
1.623914748489341164e+01
1.624872863216383934e+01
1.625830977943427058e+01
1.626789092670470183e+01
1.627747207397512952e+01
1.628705322124556076e+01
1.629663436851599201e+01
1.630621551578642325e+01
1.631579666305685095e+01
1.632537781032727864e+01
1.633495895759771344e+01
1.634454010486814468e+01
1.635412125213857237e+01
1.636370239940900362e+01
1.637328354667943131e+01
1.638286469394986256e+01
1.639244584122029380e+01
1.640202698849072505e+01
1.641160813576115629e+01
1.642118928303158398e+01
1.643077043030201523e+01
1.644035157757244647e+01
1.644993272484287772e+01
1.645951387211330541e+01
1.646909501938373310e+01
1.647867616665416435e+01
1.648825731392459915e+01
1.649783846119502684e+01
1.650741960846545453e+01
1.651700075573588933e+01
1.652658190300631702e+01
1.653616305027674827e+01
1.654574419754717951e+01
1.655532534481761076e+01
1.656490649208803845e+01
1.657448763935846614e+01
1.658406878662889739e+01
1.659364993389933218e+01
1.660323108116975988e+01
1.661281222844018757e+01
1.662239337571061881e+01
1.663197452298105006e+01
1.664155567025148130e+01
1.665113681752190899e+01
1.666071796479234379e+01
1.667029911206277148e+01
1.667988025933319918e+01
1.668946140660363398e+01
1.669904255387406522e+01
1.670862370114449291e+01
1.671820484841492060e+01
1.672778599568535185e+01
1.673736714295578309e+01
1.674694829022621434e+01
1.675652943749664203e+01
1.676611058476707328e+01
1.677569173203750452e+01
1.678527287930793577e+01
1.679485402657836701e+01
1.680443517384879826e+01
1.681401632111922595e+01
1.682359746838965364e+01
1.683317861566008489e+01
1.684275976293051968e+01
1.685234091020094738e+01
1.686192205747137507e+01
1.687150320474180631e+01
1.688108435201223756e+01
1.689066549928266880e+01
1.690024664655309650e+01
1.690982779382352774e+01
1.691940894109395899e+01
1.692899008836438668e+01
1.693857123563481792e+01
1.694815238290525272e+01
1.695773353017568041e+01
1.696731467744610811e+01
1.697689582471653935e+01
1.698647697198697060e+01
1.699605811925740184e+01
1.700563926652782953e+01
1.701522041379826078e+01
1.702480156106869202e+01
1.703438270833911972e+01
1.704396385560955096e+01
1.705354500287998221e+01
1.706312615015041345e+01
1.707270729742084114e+01
1.708228844469127239e+01
1.709186959196170363e+01
1.710145073923213488e+01
1.711103188650256257e+01
1.712061303377299382e+01
1.713019418104342506e+01
1.713977532831385631e+01
1.714935647558428400e+01
1.715893762285471524e+01
1.716851877012514649e+01
1.717809991739557418e+01
1.718768106466600543e+01
1.719726221193643667e+01
1.720684335920686792e+01
1.721642450647729561e+01
1.722600565374772685e+01
1.723558680101815810e+01
1.724516794828858934e+01
1.725474909555901704e+01
1.726433024282944828e+01
1.727391139009987953e+01
1.728349253737030722e+01
1.729307368464073846e+01
1.730265483191116971e+01
1.731223597918160095e+01
1.732181712645202865e+01
1.733139827372245634e+01
1.734097942099289114e+01
1.735056056826332238e+01
1.736014171553375007e+01
1.736972286280418132e+01
1.737930401007461256e+01
1.738888515734504026e+01
1.739846630461547150e+01
1.740804745188590275e+01
1.741762859915633399e+01
1.742720974642676168e+01
1.743679089369718938e+01
1.744637204096762417e+01
1.745595318823805542e+01
1.746553433550848311e+01
1.747511548277891080e+01
1.748469663004934205e+01
1.749427777731977685e+01
1.750385892459020454e+01
1.751344007186063578e+01
1.752302121913106703e+01
1.753260236640149472e+01
1.754218351367192597e+01
1.755176466094235721e+01
1.756134580821278846e+01
1.757092695548321615e+01
1.758050810275364384e+01
1.759008925002407508e+01
1.759967039729450988e+01
1.760925154456493757e+01
1.761883269183536527e+01
1.762841383910579651e+01
1.763799498637622776e+01
1.764757613364665900e+01
1.765715728091709025e+01
1.766673842818752149e+01
1.767631957545794918e+01
1.768590072272837688e+01
1.769548186999881167e+01
1.770506301726924292e+01
1.771464416453967061e+01
1.772422531181009830e+01
1.773380645908052955e+01
1.774338760635096079e+01
1.775296875362139204e+01
1.776254990089181973e+01
1.777213104816225098e+01
1.778171219543268222e+01
1.779129334270310991e+01
1.780087448997354471e+01
1.781045563724397596e+01
1.782003678451440365e+01
1.782961793178483134e+01
1.783919907905526259e+01
1.784878022632569738e+01
1.785836137359612508e+01
1.786794252086655277e+01
1.787752366813698401e+01
1.788710481540741526e+01
1.789668596267784650e+01
1.790626710994827420e+01
1.791584825721870899e+01
1.792542940448913669e+01
1.793501055175956438e+01
1.794459169902999562e+01
1.795417284630043042e+01
1.796375399357085811e+01
1.797333514084128581e+01
1.798291628811171705e+01
1.799249743538214830e+01
1.800207858265257954e+01
1.801165972992300723e+01
1.802124087719343848e+01
1.803082202446386972e+01
1.804040317173429742e+01
1.804998431900472866e+01
1.805956546627516346e+01
1.806914661354559115e+01
1.807872776081601884e+01
1.808830890808645009e+01
1.809789005535688133e+01
1.810747120262731258e+01
1.811705234989774027e+01
1.812663349716817152e+01
1.813621464443860276e+01
1.814579579170903045e+01
1.815537693897946170e+01
1.816495808624989294e+01
1.817453923352032419e+01
1.818412038079075188e+01
1.819370152806118313e+01
1.820328267533161792e+01
1.821286382260204562e+01
1.822244496987247331e+01
1.823202611714290455e+01
1.824160726441333580e+01
1.825118841168376704e+01
1.826076955895419474e+01
1.827035070622462598e+01
1.827993185349505723e+01
1.828951300076548492e+01
1.829909414803591616e+01
1.830867529530634741e+01
1.831825644257677865e+01
1.832783758984720635e+01
1.833741873711763759e+01
1.834699988438806884e+01
1.835658103165850008e+01
1.836616217892892777e+01
1.837574332619935902e+01
1.838532447346979026e+01
1.839490562074021796e+01
1.840448676801064920e+01
1.841406791528108045e+01
1.842364906255151169e+01
1.843323020982193938e+01
1.844281135709236707e+01
1.845239250436280187e+01
1.846197365163323312e+01
1.847155479890366081e+01
1.848113594617409206e+01
1.849071709344452330e+01
1.850029824071495099e+01
1.850987938798538224e+01
1.851946053525581348e+01
1.852904168252624473e+01
1.853862282979667242e+01
1.854820397706710011e+01
1.855778512433753491e+01
1.856736627160796615e+01
1.857694741887839385e+01
1.858652856614882154e+01
1.859610971341925278e+01
1.860569086068968758e+01
1.861527200796011527e+01
1.862485315523054652e+01
1.863443430250097776e+01
1.864401544977140546e+01
1.865359659704183670e+01
1.866317774431226795e+01
1.867275889158269919e+01
1.868234003885312688e+01
1.869192118612355458e+01
1.870150233339398582e+01
1.871108348066442062e+01
1.872066462793484831e+01
1.873024577520527600e+01
1.873982692247570725e+01
1.874940806974613849e+01
1.875898921701656974e+01
1.876857036428700098e+01
1.877815151155743223e+01
1.878773265882785992e+01
1.879731380609828761e+01
1.880689495336872241e+01
1.881647610063915366e+01
1.882605724790958135e+01
1.883563839518000904e+01
1.884521954245044029e+01
1.885480068972087153e+01
1.886438183699130278e+01
1.887396298426173047e+01
1.888354413153216171e+01
1.889312527880259296e+01
1.890270642607302065e+01
1.891228757334345545e+01
1.892186872061388669e+01
1.893144986788431439e+01
1.894103101515474208e+01
1.895061216242517332e+01
1.896019330969560812e+01
1.896977445696603581e+01
1.897935560423646351e+01
1.898893675150689475e+01
1.899851789877732600e+01
1.900809904604775724e+01
1.901768019331818493e+01
1.902726134058861618e+01
1.903684248785904742e+01
1.904642363512947512e+01
1.905600478239990636e+01
1.906558592967034116e+01
1.907516707694076885e+01
1.908474822421119654e+01
1.909432937148162779e+01
1.910391051875205903e+01
1.911349166602249028e+01
1.912307281329291797e+01
1.913265396056334922e+01
1.914223510783378046e+01
1.915181625510420815e+01
1.916139740237463940e+01
1.917097854964507064e+01
1.918055969691550189e+01
1.919014084418592958e+01
1.919972199145636083e+01
1.920930313872679207e+01
1.921888428599722332e+01
1.922846543326765101e+01
1.923804658053808225e+01
1.924762772780851350e+01
1.925720887507894119e+01
1.926679002234937244e+01
1.927637116961980368e+01
1.928595231689023493e+01
1.929553346416066262e+01
1.930511461143109031e+01
1.931469575870152866e+01
1.932427690597195635e+01
1.933385805324238405e+01
1.934343920051281529e+01
1.935302034778324654e+01
1.936260149505367778e+01
1.937218264232410547e+01
1.938176378959453672e+01
1.939134493686496796e+01
1.940092608413539566e+01
1.941050723140582690e+01
1.942008837867625815e+01
1.942966952594668939e+01
1.943925067321711708e+01
1.944883182048754477e+01
1.945841296775797957e+01
1.946799411502841082e+01
1.947757526229883851e+01
1.948715640956926975e+01
1.949673755683970100e+01
1.950631870411012869e+01
1.951589985138055994e+01
1.952548099865099118e+01
1.953506214592142243e+01
1.954464329319185012e+01
1.955422444046227781e+01
1.956380558773271261e+01
1.957338673500314385e+01
1.958296788227357155e+01
1.959254902954399924e+01
1.960213017681443404e+01
1.961171132408486173e+01
1.962129247135529297e+01
1.963087361862572422e+01
1.964045476589615546e+01
1.965003591316658316e+01
1.965961706043701085e+01
1.966919820770744565e+01
1.967877935497787689e+01
1.968836050224830458e+01
1.969794164951873228e+01
1.970752279678916352e+01
1.971710394405959832e+01
1.972668509133002601e+01
1.973626623860045726e+01
1.974584738587088850e+01
1.975542853314131619e+01
1.976500968041174744e+01
1.977459082768217868e+01
1.978417197495260993e+01
1.979375312222303762e+01
1.980333426949346531e+01
1.981291541676389656e+01
1.982249656403433136e+01
1.983207771130475905e+01
1.984165885857518674e+01
1.985124000584561799e+01
1.986082115311604923e+01
1.987040230038648048e+01
1.987998344765691172e+01
1.988956459492734297e+01
1.989914574219777066e+01
1.990872688946819835e+01
1.991830803673863315e+01
1.992788918400906439e+01
1.993747033127949209e+01
1.994705147854991978e+01
1.995663262582035102e+01
1.996621377309078227e+01
1.997579492036121351e+01
1.998537606763164121e+01
1.999495721490207245e+01
2.000453836217250370e+01
2.001411950944293139e+01
2.002370065671336619e+01
2.003328180398379743e+01
2.004286295125422512e+01
2.005244409852465282e+01
2.006202524579508406e+01
2.007160639306551886e+01
2.008118754033594655e+01
2.009076868760637424e+01
2.010034983487680549e+01
2.010993098214723673e+01
2.011951212941766798e+01
2.012909327668809567e+01
2.013867442395852692e+01
2.014825557122895816e+01
2.015783671849938585e+01
2.016741786576981710e+01
2.017699901304025190e+01
2.018658016031067959e+01
2.019616130758110728e+01
2.020574245485153853e+01
2.021532360212196977e+01
2.022490474939240102e+01
2.023448589666282871e+01
2.024406704393325995e+01
2.025364819120369120e+01
2.026322933847411889e+01
2.027281048574455014e+01
2.028239163301498138e+01
2.029197278028541263e+01
2.030155392755584032e+01
2.031113507482627156e+01
2.032071622209670281e+01
2.033029736936713405e+01
2.033987851663756175e+01
2.034945966390799299e+01
2.035904081117842424e+01
2.036862195844885193e+01
2.037820310571928317e+01
2.038778425298971442e+01
2.039736540026014566e+01
2.040694654753057335e+01
2.041652769480100460e+01
2.042610884207143584e+01
2.043568998934186709e+01
2.044527113661229478e+01
2.045485228388272603e+01
2.046443343115315727e+01
2.047401457842358852e+01
2.048359572569401621e+01
2.049317687296444745e+01
2.050275802023487870e+01
2.051233916750530639e+01
2.052192031477573764e+01
2.053150146204616888e+01
2.054108260931660013e+01
2.055066375658702782e+01
2.056024490385745551e+01
2.056982605112788676e+01
2.057940719839832155e+01
2.058898834566874925e+01
2.059856949293918049e+01
2.060815064020961174e+01
2.061773178748003943e+01
2.062731293475047067e+01
2.063689408202090192e+01
2.064647522929133316e+01
2.065605637656176086e+01
2.066563752383218855e+01
2.067521867110262335e+01
2.068479981837305459e+01
2.069438096564348228e+01
2.070396211291390998e+01
2.071354326018434122e+01
2.072312440745477247e+01
2.073270555472520371e+01
2.074228670199563496e+01
2.075186784926606620e+01
2.076144899653649389e+01
2.077103014380692514e+01
2.078061129107735638e+01
2.079019243834778763e+01
2.079977358561821532e+01
2.080935473288864301e+01
2.081893588015907426e+01
2.082851702742950906e+01
2.083809817469993675e+01
2.084767932197036444e+01
2.085726046924079924e+01
2.086684161651122693e+01
2.087642276378165818e+01
2.088600391105208942e+01
2.089558505832252067e+01
2.090516620559294836e+01
2.091474735286337605e+01
2.092432850013380730e+01
2.093390964740424209e+01
2.094349079467466979e+01
2.095307194194509748e+01
2.096265308921552872e+01
2.097223423648595997e+01
2.098181538375639121e+01
2.099139653102681891e+01
2.100097767829725370e+01
2.101055882556768140e+01
2.102013997283810909e+01
2.102972112010854389e+01
2.103930226737897513e+01
2.104888341464940282e+01
2.105846456191983052e+01
2.106804570919026176e+01
2.107762685646069301e+01
2.108720800373112425e+01
2.109678915100155194e+01
2.110637029827198319e+01
2.111595144554241443e+01
2.112553259281284568e+01
2.113511374008327337e+01
2.114469488735370817e+01
2.115427603462413586e+01
2.116385718189456355e+01
2.117343832916499480e+01
2.118301947643542960e+01
2.119260062370585729e+01
2.120218177097628498e+01
2.121176291824671623e+01
2.122134406551714747e+01
2.123092521278757872e+01
2.124050636005800641e+01
2.125008750732843765e+01
2.125966865459886890e+01
2.126924980186929659e+01
2.127883094913972784e+01
2.128841209641016263e+01
2.129799324368059033e+01
2.130757439095101802e+01
2.131715553822144926e+01
2.132673668549188051e+01
2.133631783276231175e+01
2.134589898003273944e+01
2.135548012730317069e+01
2.136506127457360193e+01
2.137464242184402963e+01
2.138422356911446087e+01
2.139380471638489212e+01
2.140338586365532336e+01
2.141296701092575105e+01
2.142254815819618230e+01
2.143212930546661354e+01
2.144171045273704479e+01
2.145129160000747248e+01
2.146087274727790373e+01
2.147045389454833497e+01
2.148003504181876622e+01
2.148961618908919391e+01
2.149919733635962515e+01
2.150877848363005640e+01
2.151835963090048409e+01
2.152794077817091534e+01
2.153752192544134658e+01
2.154710307271177783e+01
2.155668421998220552e+01
2.156626536725263676e+01
2.157584651452306801e+01
2.158542766179349925e+01
2.159500880906392695e+01
2.160458995633435819e+01
2.161417110360478944e+01
2.162375225087521713e+01
2.163333339814564837e+01
2.164291454541607962e+01
2.165249569268651086e+01
2.166207683995693856e+01
2.167165798722736625e+01
2.168123913449780105e+01
2.169082028176823229e+01
2.170040142903865998e+01
2.170998257630909123e+01
2.171956372357952247e+01
2.172914487084995017e+01
2.173872601812038141e+01
2.174830716539081266e+01
2.175788831266124390e+01
2.176746945993167159e+01
2.177705060720209929e+01
2.178663175447253408e+01
2.179621290174296533e+01
2.180579404901339302e+01
2.181537519628382071e+01
2.182495634355425196e+01
2.183453749082468320e+01
2.184411863809511445e+01
2.185369978536554569e+01
2.186328093263597694e+01
2.187286207990640463e+01
2.188244322717683588e+01
2.189202437444726712e+01
2.190160552171769837e+01
2.191118666898812606e+01
2.192076781625855375e+01
2.193034896352898500e+01
2.193993011079941979e+01
2.194951125806984749e+01
2.195909240534027518e+01
2.196867355261070642e+01
2.197825469988113767e+01
2.198783584715156891e+01
2.199741699442200016e+01
2.200699814169243140e+01
2.201657928896285910e+01
2.202616043623328679e+01
2.203574158350372159e+01
2.204532273077415283e+01
2.205490387804458052e+01
2.206448502531500822e+01
2.207406617258543946e+01
2.208364731985587071e+01
2.209322846712630195e+01
2.210280961439672964e+01
2.211239076166716089e+01
2.212197190893759213e+01
2.213155305620801983e+01
2.214113420347845462e+01
2.215071535074888587e+01
2.216029649801931356e+01
2.216987764528974125e+01
2.217945879256017250e+01
2.218903993983060374e+01
2.219862108710103499e+01
2.220820223437146268e+01
2.221778338164189393e+01
2.222736452891232517e+01
2.223694567618275642e+01
2.224652682345318411e+01
2.225610797072361535e+01
2.226568911799404660e+01
2.227527026526447429e+01
2.228485141253490553e+01
2.229443255980534033e+01
2.230401370707576802e+01
2.231359485434619572e+01
2.232317600161662696e+01
2.233275714888705821e+01
2.234233829615748945e+01
2.235191944342791714e+01
2.236150059069834839e+01
2.237108173796877963e+01
2.238066288523920733e+01
2.239024403250963857e+01
2.239982517978007337e+01
2.240940632705050106e+01
2.241898747432092875e+01
2.242856862159136000e+01
2.243814976886179124e+01
2.244773091613222249e+01
2.245731206340265018e+01
2.246689321067308143e+01
2.247647435794351267e+01
2.248605550521394036e+01
2.249563665248437161e+01
2.250521779975480285e+01
2.251479894702523410e+01
2.252438009429566179e+01
2.253396124156608948e+01
2.254354238883652428e+01
2.255312353610695553e+01
2.256270468337738322e+01
2.257228583064781446e+01
2.258186697791824571e+01
2.259144812518867695e+01
2.260102927245910465e+01
2.261061041972953589e+01
2.262019156699996714e+01
2.262977271427039483e+01
2.263935386154082607e+01
2.264893500881125732e+01
2.265851615608168856e+01
2.266809730335211626e+01
2.267767845062254395e+01
2.268725959789297875e+01
2.269684074516340999e+01
2.270642189243383768e+01
2.271600303970426893e+01
2.272558418697470017e+01
2.273516533424512787e+01
2.274474648151555911e+01
2.275432762878599036e+01
2.276390877605642160e+01
2.277348992332684929e+01
2.278307107059727699e+01
2.279265221786771178e+01
2.280223336513814303e+01
2.281181451240857072e+01
2.282139565967900197e+01
2.283097680694943321e+01
2.284055795421986090e+01
2.285013910149029215e+01
2.285972024876072339e+01
2.286930139603115464e+01
2.287888254330158233e+01
2.288846369057201002e+01
2.289804483784244482e+01
2.290762598511287607e+01
2.291720713238330376e+01
2.292678827965373145e+01
2.293636942692416270e+01
2.294595057419459749e+01
2.295553172146502519e+01
2.296511286873545643e+01
2.297469401600588768e+01
2.298427516327631537e+01
2.299385631054674661e+01
2.300343745781717786e+01
2.301301860508760910e+01
2.302259975235803680e+01
2.303218089962846449e+01
2.304176204689889573e+01
2.305134319416933053e+01
2.306092434143975822e+01
2.307050548871018592e+01
2.308008663598061716e+01
2.308966778325104841e+01
2.309924893052147965e+01
2.310883007779191090e+01
2.311841122506234214e+01
2.312799237233276983e+01
2.313757351960319752e+01
2.314715466687363232e+01
2.315673581414406357e+01
2.316631696141449126e+01
2.317589810868491895e+01
2.318547925595535020e+01
2.319506040322578144e+01
2.320464155049621269e+01
2.321422269776664038e+01
2.322380384503707162e+01
2.323338499230750287e+01
2.324296613957793056e+01
2.325254728684836536e+01
2.326212843411879660e+01
2.327170958138922430e+01
2.328129072865965199e+01
2.329087187593008323e+01
2.330045302320051803e+01
2.331003417047094572e+01
2.331961531774137342e+01
2.332919646501180466e+01
2.333877761228223591e+01
2.334835875955266715e+01
2.335793990682309484e+01
2.336752105409352609e+01
2.337710220136395733e+01
2.338668334863438503e+01
2.339626449590481627e+01
2.340584564317525107e+01
2.341542679044567876e+01
2.342500793771610645e+01
2.343458908498653770e+01
2.344417023225696894e+01
2.345375137952740019e+01
2.346333252679782788e+01
2.347291367406825913e+01
2.348249482133869037e+01
2.349207596860911806e+01
2.350165711587954931e+01
2.351123826314998055e+01
2.352081941042041180e+01
2.353040055769083949e+01
2.353998170496127074e+01
2.354956285223170198e+01
2.355914399950213323e+01
2.356872514677256092e+01
2.357830629404299216e+01
2.358788744131342341e+01
2.359746858858385110e+01
2.360704973585428235e+01
2.361663088312471359e+01
2.362621203039514484e+01
2.363579317766557253e+01
2.364537432493600022e+01
2.365495547220643857e+01
2.366453661947686626e+01
2.367411776674729396e+01
2.368369891401772165e+01
2.369328006128815645e+01
2.370286120855858769e+01
2.371244235582901538e+01
2.372202350309944308e+01
2.373160465036987787e+01
2.374118579764030557e+01
2.375076694491073681e+01
2.376034809218117161e+01
2.376992923945159930e+01
2.377951038672202699e+01
2.378909153399245469e+01
2.379867268126288948e+01
2.380825382853332073e+01
2.381783497580374842e+01
2.382741612307417611e+01
2.383699727034461091e+01
2.384657841761503860e+01
2.385615956488546985e+01
2.386574071215589754e+01
2.387532185942633234e+01
2.388490300669676003e+01
2.389448415396718772e+01
2.390406530123762252e+01
2.391364644850805377e+01
2.392322759577848146e+01
2.393280874304890915e+01
2.394238989031934395e+01
2.395197103758977164e+01
2.396155218486020289e+01
2.397113333213063058e+01
2.398071447940106538e+01
2.399029562667149307e+01
2.399987677394192076e+01
2.400945792121235201e+01
2.401903906848278680e+01
2.402862021575321450e+01
2.403820136302364219e+01
2.404778251029407699e+01
2.405736365756450823e+01
2.406694480483493592e+01
2.407652595210536361e+01
2.408610709937579841e+01
2.409568824664622610e+01
2.410526939391665735e+01
2.411485054118708504e+01
2.412443168845751984e+01
2.413401283572794753e+01
2.414359398299837522e+01
2.415317513026881002e+01
2.416275627753924127e+01
2.417233742480966896e+01
2.418191857208009665e+01
2.419149971935053145e+01
2.420108086662095914e+01
2.421066201389139039e+01
2.422024316116181808e+01
2.422982430843225288e+01
2.423940545570268057e+01
2.424898660297310826e+01
2.425856775024353951e+01
2.426814889751397430e+01
2.427773004478440200e+01
2.428731119205482969e+01
2.429689233932526449e+01
2.430647348659569218e+01
2.431605463386612342e+01
2.432563578113655112e+01
2.433521692840698591e+01
2.434479807567741361e+01
2.435437922294784130e+01
2.436396037021827254e+01
2.437354151748870734e+01
2.438312266475913503e+01
2.439270381202956273e+01
2.440228495929999042e+01
2.441186610657042877e+01
2.442144725384085646e+01
2.443102840111128415e+01
2.444060954838171895e+01
2.445019069565214664e+01
2.445977184292257789e+01
2.446935299019300558e+01
2.447893413746344038e+01
2.448851528473386807e+01
2.449809643200429576e+01
2.450767757927472701e+01
2.451725872654516181e+01
2.452683987381558950e+01
2.453642102108601719e+01
2.454600216835644488e+01
2.455558331562687968e+01
2.456516446289731093e+01
2.457474561016773862e+01
2.458432675743817342e+01
2.459390790470860111e+01
2.460348905197902880e+01
2.461307019924946005e+01
2.462265134651989484e+01
2.463223249379032254e+01
2.464181364106075023e+01
2.465139478833117792e+01
2.466097593560161272e+01
2.467055708287204396e+01
2.468013823014247166e+01
2.468971937741289935e+01
2.469930052468333415e+01
2.470888167195376184e+01
2.471846281922419308e+01
2.472804396649462788e+01
2.473762511376505557e+01
2.474720626103548327e+01
2.475678740830591096e+01
2.476636855557634931e+01
2.477594970284677700e+01
2.478553085011720469e+01
2.479511199738763239e+01
2.480469314465806718e+01
2.481427429192849843e+01
2.482385543919892612e+01
2.483343658646935381e+01
2.484301773373978861e+01
2.485259888101021630e+01
2.486218002828064755e+01
2.487176117555108235e+01
2.488134232282151004e+01
2.489092347009193773e+01
2.490050461736236542e+01
2.491008576463280022e+01
2.491966691190323147e+01
2.492924805917365916e+01
2.493882920644408685e+01
2.494841035371452165e+01
2.495799150098494934e+01
2.496757264825538059e+01
2.497715379552580828e+01
2.498673494279624308e+01
2.499631609006667077e+01
2.500589723733709846e+01
2.501547838460753326e+01
2.502505953187796450e+01
2.503464067914839219e+01
2.504422182641881989e+01
2.505380297368925469e+01
2.506338412095968238e+01
2.507296526823011362e+01
2.508254641550054131e+01
2.509212756277097611e+01
2.510170871004140380e+01
2.511128985731183150e+01
2.512087100458226274e+01
2.513045215185269754e+01
2.514003329912312523e+01
2.514961444639355292e+01
2.515919559366398772e+01
2.516877674093441897e+01
2.517835788820484666e+01
2.518793903547527435e+01
2.519752018274570915e+01
2.520710133001613684e+01
2.521668247728656809e+01
2.522626362455699578e+01
2.523584477182743058e+01
2.524542591909785827e+01
2.525500706636828596e+01
2.526458821363871721e+01
2.527416936090915200e+01
2.528375050817957970e+01
2.529333165545000739e+01
2.530291280272044219e+01
2.531249394999086988e+01
2.532207509726130112e+01
2.533165624453172882e+01
2.534123739180216361e+01
2.535081853907259131e+01
2.536039968634301900e+01
2.536998083361345024e+01
2.537956198088388504e+01
2.538914312815431273e+01
2.539872427542474043e+01
2.540830542269516812e+01
2.541788656996560292e+01
2.542746771723603416e+01
2.543704886450646185e+01
2.544663001177689665e+01
2.545621115904732434e+01
2.546579230631775204e+01
2.547537345358818328e+01
2.548495460085861808e+01
2.549453574812904577e+01
2.550411689539947346e+01
2.551369804266990471e+01
2.552327918994033951e+01
2.553286033721076720e+01
2.554244148448119489e+01
2.555202263175162969e+01
2.556160377902205738e+01
2.557118492629248863e+01
2.558076607356291632e+01
2.559034722083335112e+01
2.559992836810377881e+01
2.560950951537420650e+01
2.561909066264463775e+01
2.562867180991507254e+01
2.563825295718550024e+01
2.564783410445592793e+01
2.565741525172635562e+01
2.566699639899679042e+01
2.567657754626722166e+01
2.568615869353764936e+01
2.569573984080808415e+01
2.570532098807851185e+01
2.571490213534893954e+01
2.572448328261937078e+01
2.573406442988980558e+01
2.574364557716023327e+01
2.575322672443066097e+01
2.576280787170108866e+01
2.577238901897152346e+01
2.578197016624195470e+01
2.579155131351238239e+01
2.580113246078281009e+01
2.581071360805324488e+01
2.582029475532367258e+01
2.582987590259410382e+01
2.583945704986453862e+01
2.584903819713496631e+01
2.585861934440539400e+01
2.586820049167582525e+01
2.587778163894626005e+01
2.588736278621668774e+01
2.589694393348711543e+01
2.590652508075754312e+01
2.591610622802797792e+01
2.592568737529840917e+01
2.593526852256883686e+01
2.594484966983926455e+01
2.595443081710969935e+01
2.596401196438012704e+01
2.597359311165055828e+01
2.598317425892099308e+01
2.599275540619142078e+01
2.600233655346184847e+01
2.601191770073227616e+01
2.602149884800271096e+01
2.603107999527314220e+01
2.604066114254356989e+01
2.605024228981399759e+01
2.605982343708443238e+01
2.606940458435486008e+01
2.607898573162529132e+01
2.608856687889571901e+01
2.609814802616615381e+01
2.610772917343658150e+01
2.611731032070700920e+01
2.612689146797744399e+01
2.613647261524787524e+01
2.614605376251830293e+01
2.615563490978873062e+01
2.616521605705916542e+01
2.617479720432959311e+01
2.618437835160002436e+01
2.619395949887045205e+01
2.620354064614088685e+01
2.621312179341131454e+01
2.622270294068174579e+01
2.623228408795217348e+01
2.624186523522260828e+01
2.625144638249303597e+01
2.626102752976346366e+01
2.627060867703389846e+01
2.628018982430432970e+01
2.628977097157475740e+01
2.629935211884518509e+01
2.630893326611561989e+01
2.631851441338604758e+01
2.632809556065647882e+01
2.633767670792690652e+01
2.634725785519734131e+01
2.635683900246776901e+01
2.636642014973819670e+01
2.637600129700862794e+01
2.638558244427906274e+01
2.639516359154949043e+01
2.640474473881991813e+01
2.641432588609035292e+01
2.642390703336078062e+01
2.643348818063121186e+01
2.644306932790163955e+01
2.645265047517207435e+01
2.646223162244250204e+01
2.647181276971292974e+01
2.648139391698336098e+01
2.649097506425379578e+01
2.650055621152422347e+01
2.651013735879465116e+01
2.651971850606507886e+01
2.652929965333551365e+01
2.653888080060594490e+01
2.654846194787637259e+01
2.655804309514680739e+01
2.656762424241723508e+01
2.657720538968766633e+01
2.658678653695809402e+01
2.659636768422852882e+01
2.660594883149895651e+01
2.661552997876938420e+01
2.662511112603981545e+01
2.663469227331025024e+01
2.664427342058067794e+01
2.665385456785110563e+01
2.666343571512153332e+01
2.667301686239196812e+01
2.668259800966239936e+01
2.669217915693282706e+01
2.670176030420326185e+01
2.671134145147368955e+01
2.672092259874411724e+01
2.673050374601454848e+01
2.674008489328498328e+01
2.674966604055541097e+01
2.675924718782583867e+01
2.676882833509626636e+01
2.677840948236670116e+01
2.678799062963713240e+01
2.679757177690756009e+01
2.680715292417798779e+01
2.681673407144842258e+01
2.682631521871885028e+01
2.683589636598928152e+01
2.684547751325971632e+01
2.685505866053014401e+01
2.686463980780057170e+01
2.687422095507099939e+01
2.688380210234143419e+01
2.689338324961186544e+01
2.690296439688229313e+01
2.691254554415272082e+01
2.692212669142315562e+01
2.693170783869358687e+01
2.694128898596401456e+01
2.695087013323444225e+01
2.696045128050487705e+01
2.697003242777530474e+01
2.697961357504573598e+01
2.698919472231617078e+01
2.699877586958659847e+01
2.700835701685702617e+01
2.701793816412745386e+01
2.702751931139788866e+01
2.703710045866831990e+01
2.704668160593874759e+01
2.705626275320917529e+01
2.706584390047961008e+01
2.707542504775003778e+01
2.708500619502046902e+01
2.709458734229090382e+01
2.710416848956133151e+01
2.711374963683175920e+01
2.712333078410218690e+01
2.713291193137262169e+01
2.714249307864305294e+01
2.715207422591348063e+01
2.716165537318390832e+01
2.717123652045434312e+01
2.718081766772477081e+01
2.719039881499520206e+01
2.719997996226562975e+01
2.720956110953606455e+01
2.721914225680649224e+01
2.722872340407691993e+01
2.723830455134735473e+01
2.724788569861778598e+01
2.725746684588821367e+01
2.726704799315864136e+01
2.727662914042907616e+01
2.728621028769950740e+01
2.729579143496993510e+01
2.730537258224036279e+01
2.731495372951079759e+01
2.732453487678122528e+01
2.733411602405165652e+01
2.734369717132208422e+01
2.735327831859251901e+01
2.736285946586294671e+01
2.737244061313337440e+01
2.738202176040380920e+01
2.739160290767424044e+01
2.740118405494466813e+01
2.741076520221509583e+01
2.742034634948553062e+01
2.742992749675595832e+01
2.743950864402638956e+01
2.744908979129681725e+01
2.745867093856725205e+01
2.746825208583767974e+01
2.747783323310810744e+01
2.748741438037853868e+01
2.749699552764897348e+01
2.750657667491940117e+01
2.751615782218982886e+01
2.752573896946026366e+01
2.753532011673069135e+01
2.754490126400112260e+01
2.755448241127155029e+01
2.756406355854198509e+01
2.757364470581241278e+01
2.758322585308284047e+01
2.759280700035327172e+01
2.760238814762370652e+01
2.761196929489413421e+01
2.762155044216456190e+01
2.763113158943498959e+01
2.764071273670542794e+01
2.765029388397585564e+01
2.765987503124628333e+01
2.766945617851671813e+01
2.767903732578714582e+01
2.768861847305757706e+01
2.769819962032800476e+01
2.770778076759843955e+01
2.771736191486886725e+01
2.772694306213929494e+01
2.773652420940972618e+01
2.774610535668016098e+01
2.775568650395058867e+01
2.776526765122101637e+01
2.777484879849144406e+01
2.778442994576187886e+01
2.779401109303231010e+01
2.780359224030273779e+01
2.781317338757317259e+01
2.782275453484360028e+01
2.783233568211402797e+01
2.784191682938445922e+01
2.785149797665489402e+01
2.786107912392532171e+01
2.787066027119574940e+01
2.788024141846617709e+01
2.788982256573661189e+01
2.789940371300704314e+01
2.790898486027747083e+01
2.791856600754789852e+01
2.792814715481833332e+01
2.793772830208876101e+01
2.794730944935919226e+01
2.795689059662962705e+01
2.796647174390005475e+01
2.797605289117048244e+01
2.798563403844091013e+01
2.799521518571134848e+01
2.800479633298177617e+01
2.801437748025220387e+01
2.802395862752263156e+01
2.803353977479306636e+01
2.804312092206349760e+01
2.805270206933392529e+01
2.806228321660435299e+01
2.807186436387478778e+01
2.808144551114521548e+01
2.809102665841564672e+01
2.810060780568608152e+01
2.811018895295650921e+01
2.811977010022693690e+01
2.812935124749736460e+01
2.813893239476779939e+01
2.814851354203823064e+01
2.815809468930865833e+01
2.816767583657908602e+01
2.817725698384952082e+01
2.818683813111994851e+01
2.819641927839037976e+01
2.820600042566080745e+01
2.821558157293124225e+01
2.822516272020166994e+01
2.823474386747209763e+01
2.824432501474253243e+01
2.825390616201296368e+01
2.826348730928339137e+01
2.827306845655381906e+01
2.828264960382425386e+01
2.829223075109468155e+01
2.830181189836511280e+01
2.831139304563554049e+01
2.832097419290597529e+01
2.833055534017640298e+01
2.834013648744683067e+01
2.834971763471726192e+01
2.835929878198769671e+01
2.836887992925812441e+01
2.837846107652855210e+01
2.838804222379898690e+01
2.839762337106941814e+01
2.840720451833984583e+01
2.841678566561027353e+01
2.842636681288070832e+01
2.843594796015113602e+01
2.844552910742156726e+01
