4.193296687733688799e+01
4.194772446185108095e+01
4.196248204636527390e+01
4.197723963087945975e+01
4.199199721539365271e+01
4.200675479990783856e+01
4.202151238442203152e+01
4.203626996893621737e+01
4.205102755345041032e+01
4.206578513796459617e+01
4.208054272247878913e+01
4.209530030699297498e+01
4.211005789150716794e+01
4.212481547602135379e+01
4.213957306053554674e+01
4.215433064504973260e+01
4.216908822956392555e+01
4.218384581407811140e+01
4.219860339859230436e+01
4.221336098310649021e+01
4.222811856762068317e+01
4.224287615213486902e+01
4.225763373664906197e+01
4.227239132116324782e+01
4.228714890567744078e+01
4.230190649019162663e+01
4.231666407470581959e+01
4.233142165922001254e+01
4.234617924373419839e+01
4.236093682824839135e+01
4.237569441276257720e+01
4.239045199727677016e+01
4.240520958179095601e+01
4.241996716630514896e+01
4.243472475081933482e+01
4.244948233533352777e+01
4.246423991984771362e+01
4.247899750436190658e+01
4.249375508887609243e+01
4.250851267339028539e+01
4.252327025790447124e+01
4.253802784241866419e+01
4.255278542693285004e+01
4.256754301144704300e+01
4.258230059596122885e+01
4.259705818047542181e+01
4.261181576498960766e+01
4.262657334950380061e+01
4.264133093401798646e+01
4.265608851853217942e+01
4.267084610304637238e+01
4.268560368756055823e+01
4.270036127207475118e+01
4.271511885658893704e+01
4.272987644110312999e+01
4.274463402561731584e+01
4.275939161013150880e+01
4.277414919464569465e+01
4.278890677915988761e+01
4.280366436367407346e+01
4.281842194818826641e+01
4.283317953270245226e+01
4.284793711721664522e+01
4.286269470173083107e+01
4.287745228624502403e+01
4.289220987075920988e+01
4.290696745527340283e+01
4.292172503978758868e+01
4.293648262430178164e+01
4.295124020881596749e+01
4.296599779333016045e+01
4.298075537784434630e+01
4.299551296235853926e+01
4.301027054687272511e+01
4.302502813138691806e+01
4.303978571590111102e+01
4.305454330041529687e+01
4.306930088492948983e+01
4.308405846944367568e+01
4.309881605395786863e+01
4.311357363847205448e+01
4.312833122298624744e+01
4.314308880750043329e+01
4.315784639201462625e+01
4.317260397652881210e+01
4.318736156104300505e+01
4.320211914555719090e+01
4.321687673007138386e+01
4.323163431458556971e+01
4.324639189909976267e+01
4.326114948361394852e+01
4.327590706812813437e+01
4.329066465264232022e+01
4.330542223715651318e+01
4.332017982167070613e+01
4.333493740618489198e+01
4.334969499069908494e+01
4.336445257521327079e+01
4.337921015972746375e+01
4.339396774424164960e+01
4.340872532875584255e+01
4.342348291327002840e+01
4.343824049778422136e+01
4.345299808229840721e+01
4.346775566681260017e+01
4.348251325132678602e+01
4.349727083584097898e+01
4.351202842035516483e+01
4.352678600486935778e+01
4.354154358938354363e+01
4.355630117389773659e+01
4.357105875841192244e+01
4.358581634292611540e+01
4.360057392744030125e+01
4.361533151195449420e+01
4.363008909646868005e+01
4.364484668098287301e+01
4.365960426549705886e+01
4.367436185001125182e+01
4.368911943452544477e+01
4.370387701903963062e+01
4.371863460355382358e+01
4.373339218806800943e+01
4.374814977258220239e+01
4.376290735709638824e+01
4.377766494161058120e+01
4.379242252612476705e+01
4.380718011063896000e+01
4.382193769515314585e+01
4.383669527966733881e+01
4.385145286418152466e+01
4.386621044869571762e+01
4.388096803320990347e+01
4.389572561772409642e+01
4.391048320223828227e+01
4.392524078675247523e+01
4.393999837126666108e+01
4.395475595578085404e+01
4.396951354029503989e+01
4.398427112480923284e+01
4.399902870932341870e+01
4.401378629383761165e+01
4.402854387835180461e+01
4.404330146286599046e+01
4.405805904738018342e+01
4.407281663189436927e+01
4.408757421640856222e+01
4.410233180092274807e+01
4.411708938543694103e+01
4.413184696995112688e+01
4.414660455446531984e+01
4.416136213897950569e+01
4.417611972349369864e+01
4.419087730800788449e+01
4.420563489252207745e+01
4.422039247703626330e+01
4.423515006155045626e+01
4.424990764606464211e+01
4.426466523057883506e+01
4.427942281509302092e+01
4.429418039960721387e+01
4.430893798412139972e+01
4.432369556863559268e+01
4.433845315314977853e+01
4.435321073766397149e+01
4.436796832217815734e+01
4.438272590669235029e+01
4.439748349120654325e+01
4.441224107572072910e+01
4.442699866023492206e+01
4.444175624474910791e+01
4.445651382926330086e+01
4.447127141377748671e+01
4.448602899829167967e+01
4.450078658280586552e+01
4.451554416732005848e+01
4.453030175183424433e+01
4.454505933634843728e+01
4.455981692086262314e+01
4.457457450537681609e+01
4.458933208989100194e+01
4.460408967440519490e+01
4.461884725891938075e+01
4.463360484343357371e+01
4.464836242794775956e+01
4.466312001246195251e+01
4.467787759697613836e+01
4.469263518149033132e+01
4.470739276600451717e+01
4.472215035051871013e+01
4.473690793503289598e+01
4.475166551954708893e+01
4.476642310406128189e+01
4.478118068857546774e+01
4.479593827308966070e+01
4.481069585760384655e+01
4.482545344211803950e+01
4.484021102663222536e+01
4.485496861114641831e+01
4.486972619566060416e+01
4.488448378017479712e+01
4.489924136468898297e+01
4.491399894920317593e+01
4.492875653371736178e+01
4.494351411823155473e+01
4.495827170274574058e+01
4.497302928725993354e+01
4.498778687177411939e+01
4.500254445628831235e+01
4.501730204080249820e+01
4.503205962531669115e+01
4.504681720983087700e+01
4.506157479434506996e+01
4.507633237885925581e+01
4.509108996337344877e+01
4.510584754788764172e+01
4.512060513240182757e+01
4.513536271691602053e+01
4.515012030143020638e+01
4.516487788594439934e+01
4.517963547045858519e+01
4.519439305497277815e+01
4.520915063948696400e+01
4.522390822400115695e+01
4.523866580851534280e+01
4.525342339302953576e+01
4.526818097754372161e+01
4.528293856205791457e+01
4.529769614657210042e+01
4.531245373108629337e+01
4.532721131560047922e+01
4.534196890011467218e+01
4.535672648462885803e+01
4.537148406914305099e+01
4.538624165365723684e+01
4.540099923817142979e+01
4.541575682268561565e+01
4.543051440719980860e+01
4.544527199171399445e+01
4.546002957622818741e+01
4.547478716074238037e+01
4.548954474525656622e+01
4.550430232977075917e+01
4.551905991428494502e+01
4.553381749879913798e+01
4.554857508331332383e+01
4.556333266782751679e+01
4.557809025234170264e+01
4.559284783685589559e+01
4.560760542137008144e+01
4.562236300588427440e+01
4.563712059039846025e+01
4.565187817491265321e+01
4.566663575942683906e+01
4.568139334394103201e+01
4.569615092845521787e+01
4.571090851296941082e+01
4.572566609748359667e+01
4.574042368199778963e+01
4.575518126651197548e+01
4.576993885102616844e+01
4.578469643554035429e+01
4.579945402005454724e+01
4.581421160456873309e+01
4.582896918908292605e+01
4.584372677359711901e+01
4.585848435811130486e+01
4.587324194262549781e+01
4.588799952713968366e+01
4.590275711165387662e+01
4.591751469616806247e+01
4.593227228068225543e+01
4.594702986519644128e+01
4.596178744971063423e+01
4.597654503422482009e+01
4.599130261873901304e+01
4.600606020325319889e+01
4.602081778776739185e+01
4.603557537228157770e+01
4.605033295679577066e+01
4.606509054130995651e+01
4.607984812582414946e+01
4.609460571033833531e+01
4.610936329485252827e+01
4.612412087936671412e+01
4.613887846388090708e+01
4.615363604839509293e+01
4.616839363290928588e+01
4.618315121742347884e+01
4.619790880193766469e+01
4.621266638645185765e+01
4.622742397096603639e+01
4.624218155548022935e+01
4.625693913999441520e+01
4.627169672450860816e+01
4.628645430902279401e+01
4.630121189353698696e+01
4.631596947805117281e+01
4.633072706256536577e+01
4.634548464707955162e+01
4.636024223159374458e+01
4.637499981610793043e+01
4.638975740062212338e+01
4.640451498513630924e+01
4.641927256965050219e+01
4.643403015416468804e+01
4.644878773867888100e+01
4.646354532319307395e+01
4.647830290770725981e+01
4.649306049222145276e+01
4.650781807673563861e+01
4.652257566124983157e+01
4.653733324576401742e+01
4.655209083027821038e+01
4.656684841479239623e+01
4.658160599930658918e+01
4.659636358382077503e+01
4.661112116833496799e+01
4.662587875284915384e+01
4.664063633736334680e+01
4.665539392187753265e+01
4.667015150639172560e+01
4.668490909090591146e+01
4.669966667542010441e+01
4.671442425993429026e+01
4.672918184444848322e+01
4.674393942896266907e+01
4.675869701347686203e+01
4.677345459799104788e+01
4.678821218250524083e+01
4.680296976701942668e+01
4.681772735153361964e+01
4.683248493604781260e+01
4.684724252056199845e+01
4.686200010507619140e+01
4.687675768959037725e+01
4.689151527410457021e+01
4.690627285861875606e+01
4.692103044313294902e+01
4.693578802764713487e+01
4.695054561216132782e+01
4.696530319667551368e+01
4.698006078118970663e+01
4.699481836570389248e+01
4.700957595021808544e+01
4.702433353473227129e+01
4.703909111924646425e+01
4.705384870376065010e+01
4.706860628827484305e+01
4.708336387278902890e+01
4.709812145730322186e+01
4.711287904181740771e+01
4.712763662633160067e+01
4.714239421084578652e+01
4.715715179535997947e+01
4.717190937987416532e+01
4.718666696438835828e+01
4.720142454890255124e+01
4.721618213341673709e+01
4.723093971793093004e+01
4.724569730244511589e+01
4.726045488695930885e+01
4.727521247147349470e+01
4.728997005598768766e+01
4.730472764050187351e+01
4.731948522501606647e+01
4.733424280953025232e+01
4.734900039404444527e+01
4.736375797855863112e+01
4.737851556307282408e+01
4.739327314758700993e+01
4.740803073210120289e+01
4.742278831661538874e+01
4.743754590112958169e+01
4.745230348564376754e+01
4.746706107015796050e+01
4.748181865467214635e+01
4.749657623918633931e+01
4.751133382370052516e+01
4.752609140821471811e+01
4.754084899272891107e+01
4.755560657724309692e+01
4.757036416175728988e+01
4.758512174627147573e+01
4.759987933078566869e+01
4.761463691529985454e+01
4.762939449981404749e+01
4.764415208432823334e+01
4.765890966884242630e+01
4.767366725335661215e+01
4.768842483787080511e+01
4.770318242238499096e+01
4.771794000689918391e+01
4.773269759141336976e+01
4.774745517592756272e+01
4.776221276044174857e+01
4.777697034495594153e+01
4.779172792947012738e+01
4.780648551398432033e+01
4.782124309849850619e+01
4.783600068301269914e+01
4.785075826752688499e+01
4.786551585204107795e+01
4.788027343655526380e+01
4.789503102106945676e+01
4.790978860558364971e+01
4.792454619009783556e+01
4.793930377461202852e+01
4.795406135912621437e+01
4.796881894364040733e+01
4.798357652815459318e+01
4.799833411266878613e+01
4.801309169718297198e+01
4.802784928169716494e+01
4.804260686621135079e+01
4.805736445072554375e+01
4.807212203523972960e+01
4.808687961975392255e+01
4.810163720426810841e+01
4.811639478878230136e+01
4.813115237329648721e+01
4.814590995781068017e+01
4.816066754232486602e+01
4.817542512683905898e+01
4.819018271135324483e+01
4.820494029586743778e+01
4.821969788038162363e+01
4.823445546489581659e+01
4.824921304941000955e+01
4.826397063392419540e+01
4.827872821843838835e+01
4.829348580295257420e+01
4.830824338746676716e+01
4.832300097198095301e+01
4.833775855649514597e+01
4.835251614100933182e+01
4.836727372552352477e+01
4.838203131003771063e+01
4.839678889455190358e+01
4.841154647906608943e+01
4.842630406358028239e+01
4.844106164809446824e+01
4.845581923260866120e+01
4.847057681712284705e+01
4.848533440163704000e+01
4.850009198615122585e+01
4.851484957066541881e+01
4.852960715517960466e+01
4.854436473969379762e+01
4.855912232420798347e+01
4.857387990872217642e+01
4.858863749323636227e+01
4.860339507775055523e+01
4.861815266226474819e+01
4.863291024677892693e+01
4.864766783129311989e+01
4.866242541580730574e+01
4.867718300032149870e+01
4.869194058483568455e+01
4.870669816934987750e+01
4.872145575386406335e+01
4.873621333837825631e+01
4.875097092289244216e+01
4.876572850740663512e+01
4.878048609192082097e+01
4.879524367643501392e+01
4.881000126094919978e+01
4.882475884546339273e+01
4.883951642997757858e+01
4.885427401449177154e+01
4.886903159900595739e+01
4.888378918352015035e+01
4.889854676803434330e+01
4.891330435254852915e+01
4.892806193706272211e+01
4.894281952157690796e+01
4.895757710609110092e+01
4.897233469060528677e+01
4.898709227511947972e+01
4.900184985963366557e+01
4.901660744414785853e+01
4.903136502866204438e+01
4.904612261317623734e+01
4.906088019769042319e+01
4.907563778220461614e+01
4.909039536671880199e+01
4.910515295123299495e+01
4.911991053574718080e+01
4.913466812026137376e+01
4.914942570477555961e+01
4.916418328928975257e+01
4.917894087380393842e+01
4.919369845831813137e+01
4.920845604283231722e+01
4.922321362734651018e+01
4.923797121186069603e+01
4.925272879637488899e+01
4.926748638088908194e+01
4.928224396540326779e+01
4.929700154991746075e+01
4.931175913443164660e+01
4.932651671894583956e+01
4.934127430346002541e+01
4.935603188797421836e+01
4.937078947248840421e+01
4.938554705700259717e+01
4.940030464151678302e+01
4.941506222603097598e+01
4.942981981054516183e+01
4.944457739505935479e+01
4.945933497957354064e+01
4.947409256408773359e+01
4.948885014860191944e+01
4.950360773311611240e+01
4.951836531763029825e+01
4.953312290214449121e+01
4.954788048665867706e+01
4.956263807117287001e+01
4.957739565568705586e+01
4.959215324020124882e+01
4.960691082471544178e+01
4.962166840922962763e+01
4.963642599374382058e+01
4.965118357825800643e+01
4.966594116277219939e+01
4.968069874728638524e+01
4.969545633180057820e+01
4.971021391631476405e+01
4.972497150082895701e+01
4.973972908534314286e+01
4.975448666985733581e+01
4.976924425437152166e+01
4.978400183888571462e+01
4.979875942339990047e+01
4.981351700791409343e+01
4.982827459242827928e+01
4.984303217694247223e+01
4.985778976145665808e+01
4.987254734597085104e+01
4.988730493048503689e+01
4.990206251499922985e+01
4.991682009951341570e+01
4.993157768402760865e+01
4.994633526854179451e+01
4.996109285305598746e+01
4.997585043757018042e+01
4.999060802208436627e+01
5.000536560659855922e+01
5.002012319111274508e+01
5.003488077562693803e+01
5.004963836014112388e+01
5.006439594465531684e+01
5.007915352916950269e+01
5.009391111368369565e+01
5.010866869819788150e+01
5.012342628271207445e+01
5.013818386722626030e+01
5.015294145174045326e+01
5.016769903625463911e+01
5.018245662076883207e+01
5.019721420528301792e+01
5.021197178979721087e+01
5.022672937431139673e+01
5.024148695882558968e+01
5.025624454333977553e+01
5.027100212785396849e+01
5.028575971236815434e+01
5.030051729688234730e+01
5.031527488139653315e+01
5.033003246591072610e+01
5.034479005042491906e+01
5.035954763493910491e+01
5.037430521945329787e+01
5.038906280396748372e+01
5.040382038848167667e+01
5.041857797299586252e+01
5.043333555751005548e+01
5.044809314202424133e+01
5.046285072653843429e+01
5.047760831105262014e+01
5.049236589556681309e+01
5.050712348008099895e+01
5.052188106459519190e+01
5.053663864910937775e+01
5.055139623362357071e+01
5.056615381813775656e+01
5.058091140265194952e+01
5.059566898716613537e+01
5.061042657168032832e+01
5.062518415619451417e+01
5.063994174070870713e+01
5.065469932522289298e+01
5.066945690973708594e+01
5.068421449425127889e+01
5.069897207876546474e+01
5.071372966327965770e+01
5.072848724779384355e+01
5.074324483230803651e+01
5.075800241682222236e+01
5.077276000133641531e+01
5.078751758585060117e+01
5.080227517036479412e+01
5.081703275487897997e+01
5.083179033939317293e+01
5.084654792390735878e+01
5.086130550842155174e+01
5.087606309293573759e+01
5.089082067744993054e+01
5.090557826196411639e+01
5.092033584647830935e+01
5.093509343099249520e+01
5.094985101550668816e+01
5.096460860002087401e+01
5.097936618453506696e+01
5.099412376904925281e+01
5.100888135356344577e+01
5.102363893807763162e+01
5.103839652259182458e+01
5.105315410710601753e+01
5.106791169162020338e+01
5.108266927613439634e+01
5.109742686064858219e+01
5.111218444516277515e+01
5.112694202967696100e+01
5.114169961419115396e+01
5.115645719870533981e+01
5.117121478321953276e+01
5.118597236773371861e+01
5.120072995224791157e+01
5.121548753676209742e+01
5.123024512127629038e+01
5.124500270579047623e+01
5.125976029030466918e+01
5.127451787481885503e+01
5.128927545933304799e+01
5.130403304384723384e+01
5.131879062836142680e+01
5.133354821287561265e+01
5.134830579738980560e+01
5.136306338190399146e+01
5.137782096641818441e+01
5.139257855093237026e+01
5.140733613544656322e+01
5.142209371996075618e+01
5.143685130447494203e+01
5.145160888898913498e+01
5.146636647350332083e+01
5.148112405801751379e+01
5.149588164253169964e+01
5.151063922704589260e+01
5.152539681156007845e+01
5.154015439607427140e+01
5.155491198058845725e+01
5.156966956510265021e+01
5.158442714961683606e+01
5.159918473413102902e+01
5.161394231864521487e+01
5.162869990315940782e+01
5.164345748767359368e+01
5.165821507218778663e+01
5.167297265670197248e+01
5.168773024121616544e+01
5.170248782573035129e+01
5.171724541024454425e+01
5.173200299475873010e+01
5.174676057927292305e+01
5.176151816378711601e+01
5.177627574830130186e+01
5.179103333281549482e+01
5.180579091732968067e+01
5.182054850184387362e+01
5.183530608635805947e+01
5.185006367087225243e+01
5.186482125538643828e+01
5.187957883990063124e+01
5.189433642441480998e+01
5.190909400892900294e+01
5.192385159344318879e+01
5.193860917795738175e+01
5.195336676247156760e+01
5.196812434698576055e+01
5.198288193149994640e+01
5.199763951601413936e+01
5.201239710052832521e+01
5.202715468504251817e+01
5.204191226955671112e+01
5.205666985407089697e+01
5.207142743858508993e+01
5.208618502309927578e+01
5.210094260761346874e+01
5.211570019212765459e+01
5.213045777664184754e+01
5.214521536115603340e+01
5.215997294567022635e+01
5.217473053018441220e+01
5.218948811469860516e+01
5.220424569921279101e+01
5.221900328372698397e+01
5.223376086824116982e+01
5.224851845275536277e+01
5.226327603726954862e+01
5.227803362178374158e+01
5.229279120629792743e+01
5.230754879081212039e+01
5.232230637532630624e+01
5.233706395984049919e+01
5.235182154435468505e+01
5.236657912886887800e+01
5.238133671338306385e+01
5.239609429789725681e+01
5.241085188241144976e+01
5.242560946692563562e+01
5.244036705143982857e+01
5.245512463595401442e+01
5.246988222046820738e+01
5.248463980498239323e+01
5.249939738949658619e+01
5.251415497401077204e+01
5.252891255852496499e+01
5.254367014303915084e+01
5.255842772755334380e+01
5.257318531206752965e+01
5.258794289658172261e+01
5.260270048109590846e+01
5.261745806561010141e+01
5.263221565012428727e+01
5.264697323463848022e+01
5.266173081915266607e+01
5.267648840366685903e+01
5.269124598818104488e+01
5.270600357269523784e+01
5.272076115720942369e+01
5.273551874172361664e+01
5.275027632623780249e+01
5.276503391075199545e+01
5.277979149526618841e+01
5.279454907978037426e+01
5.280930666429456721e+01
5.282406424880875306e+01
5.283882183332294602e+01
5.285357941783713187e+01
5.286833700235132483e+01
5.288309458686551068e+01
5.289785217137970363e+01
5.291260975589388948e+01
5.292736734040808244e+01
5.294212492492226829e+01
5.295688250943646125e+01
5.297164009395064710e+01
5.298639767846484006e+01
5.300115526297902591e+01
5.301591284749321886e+01
5.303067043200740471e+01
5.304542801652159767e+01
5.306018560103578352e+01
5.307494318554997648e+01
5.308970077006416233e+01
5.310445835457835528e+01
5.311921593909254824e+01
5.313397352360673409e+01
5.314873110812092705e+01
5.316348869263511290e+01
5.317824627714930585e+01
5.319300386166349170e+01
5.320776144617768466e+01
5.322251903069187051e+01
5.323727661520606347e+01
5.325203419972024932e+01
5.326679178423444228e+01
5.328154936874862813e+01
5.329630695326282108e+01
5.331106453777700693e+01
5.332582212229119989e+01
5.334057970680538574e+01
5.335533729131957870e+01
5.337009487583376455e+01
5.338485246034795750e+01
5.339961004486214335e+01
5.341436762937633631e+01
5.342912521389052216e+01
5.344388279840471512e+01
5.345864038291890097e+01
5.347339796743309392e+01
5.348815555194728688e+01
5.350291313646147273e+01
5.351767072097566569e+01
5.353242830548985154e+01
5.354718589000404450e+01
5.356194347451823035e+01
5.357670105903242330e+01
5.359145864354660915e+01
5.360621622806080211e+01
5.362097381257498796e+01
5.363573139708918092e+01
5.365048898160336677e+01
5.366524656611755972e+01
5.368000415063174557e+01
5.369476173514593853e+01
5.370951931966012438e+01
5.372427690417431734e+01
5.373903448868850319e+01
5.375379207320269614e+01
5.376854965771688200e+01
5.378330724223107495e+01
5.379806482674526080e+01
5.381282241125945376e+01
5.382757999577364671e+01
5.384233758028783257e+01
5.385709516480202552e+01
5.387185274931621137e+01
5.388661033383040433e+01
5.390136791834459018e+01
5.391612550285878314e+01
5.393088308737296899e+01
5.394564067188716194e+01
5.396039825640134069e+01
5.397515584091553364e+01
5.398991342542971950e+01
5.400467100994391245e+01
5.401942859445809830e+01
5.403418617897229126e+01
5.404894376348647711e+01
5.406370134800067007e+01
5.407845893251485592e+01
5.409321651702904887e+01
5.410797410154323472e+01
5.412273168605742768e+01
5.413748927057162064e+01
5.415224685508580649e+01
5.416700443959999944e+01
5.418176202411418529e+01
5.419651960862837825e+01
5.421127719314256410e+01
5.422603477765675706e+01
5.424079236217094291e+01
5.425554994668513586e+01
5.427030753119932172e+01
5.428506511571351467e+01
5.429982270022770052e+01
5.431458028474189348e+01
5.432933786925607933e+01
5.434409545377027229e+01
5.435885303828445814e+01
5.437361062279865109e+01
5.438836820731283694e+01
5.440312579182702990e+01
5.441788337634121575e+01
5.443264096085540871e+01
5.444739854536959456e+01
5.446215612988378751e+01
5.447691371439798047e+01
5.449167129891216632e+01
5.450642888342635928e+01
5.452118646794054513e+01
5.453594405245473808e+01
5.455070163696892394e+01
5.456545922148311689e+01
5.458021680599730274e+01
5.459497439051149570e+01
5.460973197502568155e+01
5.462448955953987451e+01
5.463924714405406036e+01
5.465400472856825331e+01
5.466876231308243916e+01
5.468351989759663212e+01
5.469827748211081797e+01
5.471303506662501093e+01
5.472779265113919678e+01
5.474255023565338973e+01
5.475730782016757558e+01
5.477206540468176854e+01
5.478682298919595439e+01
5.480158057371014735e+01
5.481633815822433320e+01
5.483109574273852616e+01
5.484585332725271911e+01
5.486061091176690496e+01
5.487536849628109792e+01
5.489012608079528377e+01
5.490488366530947673e+01
5.491964124982366258e+01
5.493439883433785553e+01
5.494915641885204138e+01
5.496391400336623434e+01
5.497867158788042019e+01
5.499342917239461315e+01
5.500818675690879900e+01
5.502294434142299195e+01
5.503770192593717780e+01
5.505245951045137076e+01
5.506721709496555661e+01
5.508197467947974957e+01
5.509673226399393542e+01
5.511148984850812838e+01
5.512624743302231423e+01
5.514100501753650718e+01
5.515576260205069303e+01
5.517052018656488599e+01
5.518527777107907895e+01
5.520003535559326480e+01
5.521479294010745775e+01
5.522955052462164360e+01
5.524430810913583656e+01
5.525906569365002241e+01
5.527382327816421537e+01
5.528858086267840122e+01
5.530333844719259417e+01
5.531809603170678002e+01
5.533285361622097298e+01
5.534761120073515883e+01
5.536236878524935179e+01
5.537712636976353764e+01
5.539188395427773060e+01
5.540664153879191645e+01
5.542139912330610940e+01
5.543615670782029525e+01
5.545091429233448821e+01
5.546567187684867406e+01
5.548042946136286702e+01
5.549518704587705287e+01
5.550994463039124582e+01
5.552470221490543167e+01
5.553945979941962463e+01
5.555421738393381759e+01
5.556897496844800344e+01
5.558373255296219639e+01
5.559849013747638224e+01
5.561324772199057520e+01
5.562800530650476105e+01
5.564276289101895401e+01
5.565752047553313986e+01
5.567227806004733281e+01
5.568703564456151867e+01
5.570179322907571162e+01
5.571655081358989747e+01
5.573130839810409043e+01
5.574606598261827628e+01
5.576082356713246924e+01
5.577558115164665509e+01
5.579033873616084804e+01
5.580509632067503389e+01
5.581985390518922685e+01
5.583461148970341270e+01
5.584936907421760566e+01
5.586412665873179151e+01
5.587888424324598446e+01
5.589364182776017032e+01
5.590839941227436327e+01
5.592315699678855623e+01
5.593791458130274208e+01
5.595267216581693503e+01
5.596742975033112089e+01
5.598218733484531384e+01
5.599694491935949969e+01
5.601170250387369265e+01
5.602646008838787850e+01
5.604121767290207146e+01
5.605597525741625731e+01
5.607073284193045026e+01
5.608549042644463611e+01
5.610024801095882907e+01
5.611500559547301492e+01
5.612976317998720788e+01
5.614452076450139373e+01
5.615927834901558668e+01
5.617403593352977254e+01
5.618879351804396549e+01
5.620355110255815134e+01
5.621830868707234430e+01
5.623306627158653015e+01
5.624782385610072311e+01
5.626258144061491606e+01
5.627733902512910191e+01
5.629209660964329487e+01
5.630685419415748072e+01
5.632161177867167368e+01
5.633636936318585953e+01
5.635112694770005248e+01
5.636588453221423833e+01
5.638064211672843129e+01
5.639539970124261714e+01
5.641015728575681010e+01
5.642491487027099595e+01
5.643967245478518890e+01
5.645443003929937476e+01
5.646918762381356771e+01
5.648394520832775356e+01
5.649870279284194652e+01
5.651346037735613237e+01
5.652821796187032533e+01
5.654297554638451118e+01
5.655773313089870413e+01
5.657249071541288998e+01
5.658724829992708294e+01
5.660200588444126879e+01
5.661676346895546175e+01
5.663152105346965470e+01
5.664627863798384055e+01
5.666103622249803351e+01
5.667579380701221936e+01
5.669055139152641232e+01
5.670530897604059817e+01
5.672006656055479112e+01
5.673482414506897697e+01
5.674958172958316993e+01
5.676433931409735578e+01
5.677909689861154874e+01
5.679385448312573459e+01
5.680861206763992755e+01
5.682336965215411340e+01
5.683812723666830635e+01
5.685288482118249220e+01
5.686764240569668516e+01
5.688239999021087101e+01
5.689715757472506397e+01
5.691191515923924982e+01
5.692667274375344277e+01
5.694143032826762862e+01
5.695618791278182158e+01
5.697094549729600743e+01
5.698570308181020039e+01
5.700046066632439334e+01
5.701521825083857919e+01
5.702997583535277215e+01
5.704473341986695800e+01
5.705949100438115096e+01
5.707424858889533681e+01
5.708900617340952977e+01
5.710376375792371562e+01
5.711852134243790857e+01
5.713327892695209442e+01
5.714803651146628738e+01
5.716279409598047323e+01
5.717755168049466619e+01
5.719230926500885204e+01
5.720706684952304499e+01
5.722182443403723084e+01
5.723658201855142380e+01
5.725133960306560965e+01
5.726609718757980261e+01
5.728085477209398846e+01
5.729561235660818141e+01
5.731036994112236727e+01
5.732512752563656022e+01
5.733988511015075318e+01
5.735464269466493903e+01
5.736940027917913199e+01
5.738415786369331784e+01
5.739891544820751079e+01
5.741367303272169664e+01
5.742843061723588960e+01
5.744318820175007545e+01
5.745794578626426841e+01
5.747270337077845426e+01
5.748746095529264721e+01
5.750221853980683306e+01
5.751697612432102602e+01
5.753173370883521187e+01
5.754649129334940483e+01
5.756124887786359068e+01
5.757600646237778363e+01
5.759076404689196949e+01
5.760552163140616244e+01
5.762027921592034829e+01
5.763503680043454125e+01
5.764979438494872710e+01
5.766455196946292006e+01
5.767930955397710591e+01
5.769406713849129886e+01
5.770882472300549182e+01
5.772358230751967767e+01
5.773833989203385642e+01
5.775309747654805648e+01
5.776785506106223522e+01
5.778261264557643528e+01
5.779737023009061403e+01
5.781212781460481409e+01
5.782688539911899284e+01
5.784164298363319290e+01
5.785640056814737164e+01
5.787115815266157171e+01
5.788591573717575045e+01
5.790067332168995051e+01
5.791543090620412926e+01
5.793018849071832932e+01
5.794494607523250806e+01
5.795970365974670813e+01
5.797446124426088687e+01
5.798921882877508693e+01
5.800397641328926568e+01
5.801873399780346574e+01
5.803349158231764449e+01
5.804824916683184455e+01
5.806300675134602329e+01
5.807776433586023046e+01
5.809252192037440210e+01
5.810727950488860927e+01
5.812203708940278091e+01
5.813679467391698807e+01
5.815155225843115971e+01
5.816630984294536688e+01
5.818106742745953852e+01
5.819582501197374569e+01
5.821058259648791733e+01
5.822534018100212450e+01
5.824009776551629614e+01
5.825485535003050330e+01
5.826961293454468205e+01
5.828437051905888211e+01
5.829912810357306086e+01
5.831388568808726092e+01
5.832864327260143966e+01
5.834340085711563972e+01
5.835815844162981847e+01
5.837291602614401853e+01
5.838767361065819728e+01
5.840243119517239734e+01
5.841718877968657608e+01
5.843194636420077615e+01
5.844670394871495489e+01
5.846146153322915495e+01
5.847621911774333370e+01
5.849097670225753376e+01
5.850573428677171250e+01
5.852049187128591257e+01
5.853524945580009131e+01
5.855000704031429137e+01
5.856476462482847012e+01
5.857952220934267018e+01
5.859427979385684893e+01
5.860903737837104899e+01
5.862379496288522773e+01
5.863855254739942779e+01
5.865331013191360654e+01
5.866806771642780660e+01
5.868282530094198535e+01
5.869758288545618541e+01
5.871234046997036415e+01
5.872709805448456422e+01
5.874185563899874296e+01
5.875661322351294302e+01
5.877137080802712177e+01
5.878612839254132894e+01
5.880088597705550058e+01
5.881564356156970774e+01
5.883040114608387938e+01
5.884515873059808655e+01
5.885991631511225819e+01
5.887467389962646536e+01
5.888943148414063700e+01
5.890418906865484416e+01
5.891894665316901580e+01
5.893370423768322297e+01
5.894846182219739461e+01
5.896321940671160178e+01
5.897797699122578052e+01
5.899273457573998058e+01
5.900749216025415933e+01
5.902224974476835939e+01
5.903700732928253814e+01
5.905176491379673820e+01
5.906652249831091694e+01
5.908128008282511701e+01
5.909603766733929575e+01
5.911079525185348160e+01
5.912555283636767456e+01
5.914031042088186041e+01
5.915506800539605337e+01
5.916982558991023922e+01
5.918458317442443217e+01
5.919934075893861802e+01
5.921409834345281098e+01
5.922885592796699683e+01
5.924361351248118979e+01
5.925837109699537564e+01
5.927312868150956859e+01
5.928788626602375444e+01
5.930264385053794740e+01
5.931740143505213325e+01
5.933215901956632621e+01
5.934691660408051916e+01
5.936167418859470502e+01
5.937643177310889797e+01
5.939118935762308382e+01
5.940594694213727678e+01
5.942070452665146263e+01
5.943546211116565559e+01
5.945021969567984144e+01
5.946497728019403439e+01
5.947973486470822024e+01
5.949449244922241320e+01
5.950925003373659905e+01
5.952400761825079201e+01
5.953876520276497786e+01
5.955352278727917081e+01
5.956828037179335666e+01
5.958303795630754962e+01
5.959779554082173547e+01
5.961255312533592843e+01
5.962731070985011428e+01
5.964206829436430723e+01
5.965682587887849309e+01
5.967158346339268604e+01
5.968634104790687189e+01
5.970109863242106485e+01
5.971585621693525781e+01
5.973061380144944366e+01
5.974537138596363661e+01
5.976012897047782246e+01
5.977488655499201542e+01
5.978964413950620127e+01
5.980440172402039423e+01
5.981915930853458008e+01
5.983391689304877303e+01
5.984867447756295888e+01
5.986343206207715184e+01
5.987818964659133769e+01
5.989294723110553065e+01
5.990770481561971650e+01
5.992246240013390945e+01
5.993721998464809531e+01
5.995197756916228826e+01
5.996673515367647411e+01
5.998149273819066707e+01
5.999625032270485292e+01
6.001100790721904588e+01
6.002576549173323173e+01
6.004052307624742468e+01
6.005528066076161764e+01
6.007003824527580349e+01
6.008479582978999645e+01
6.009955341430418230e+01
6.011431099881837525e+01
6.012906858333256110e+01
6.014382616784675406e+01
6.015858375236093991e+01
6.017334133687513287e+01
6.018809892138931872e+01
6.020285650590351167e+01
6.021761409041769753e+01
6.023237167493189048e+01
6.024712925944607633e+01
6.026188684396026929e+01
6.027664442847445514e+01
6.029140201298864810e+01
6.030615959750283395e+01
6.032091718201702690e+01
6.033567476653121275e+01
6.035043235104540571e+01
6.036518993555959156e+01
6.037994752007378452e+01
6.039470510458797037e+01
6.040946268910216332e+01
6.042422027361635628e+01
6.043897785813054213e+01
6.045373544264473509e+01
6.046849302715892094e+01
6.048325061167311389e+01
6.049800819618729975e+01
6.051276578070149270e+01
6.052752336521567855e+01
6.054228094972987151e+01
6.055703853424405736e+01
6.057179611875825032e+01
6.058655370327243617e+01
6.060131128778662912e+01
6.061606887230081497e+01
6.063082645681500793e+01
6.064558404132919378e+01
6.066034162584338674e+01
6.067509921035757259e+01
6.068985679487176554e+01
6.070461437938595139e+01
6.071937196390014435e+01
6.073412954841433020e+01
6.074888713292852316e+01
6.076364471744271611e+01
6.077840230195690197e+01
6.079315988647109492e+01
6.080791747098528077e+01
6.082267505549947373e+01
6.083743264001365958e+01
6.085219022452785254e+01
6.086694780904203839e+01
6.088170539355623134e+01
6.089646297807041719e+01
6.091122056258461015e+01
6.092597814709879600e+01
6.094073573161298896e+01
6.095549331612717481e+01
6.097025090064136776e+01
6.098500848515555361e+01
6.099976606966974657e+01
6.101452365418393242e+01
6.102928123869812538e+01
6.104403882321231123e+01
6.105879640772650419e+01
6.107355399224069004e+01
6.108831157675488299e+01
6.110306916126906884e+01
6.111782674578326180e+01
6.113258433029745476e+01
6.114734191481164061e+01
6.116209949932583356e+01
6.117685708384001941e+01
6.119161466835421237e+01
6.120637225286839822e+01
6.122112983738259118e+01
6.123588742189677703e+01
6.125064500641096998e+01
6.126540259092515583e+01
6.128016017543934879e+01
6.129491775995353464e+01
6.130967534446772760e+01
6.132443292898191345e+01
6.133919051349610641e+01
6.135394809801029226e+01
6.136870568252448521e+01
6.138346326703867106e+01
6.139822085155286402e+01
6.141297843606704987e+01
6.142773602058124283e+01
6.144249360509542868e+01
6.145725118960962163e+01
6.147200877412380748e+01
6.148676635863800044e+01
6.150152394315219340e+01
6.151628152766637925e+01
6.153103911218057220e+01
6.154579669669475805e+01
6.156055428120895101e+01
6.157531186572313686e+01
6.159006945023732982e+01
6.160482703475151567e+01
6.161958461926570862e+01
6.163434220377989448e+01
6.164909978829408743e+01
6.166385737280827328e+01
6.167861495732246624e+01
6.169337254183665209e+01
6.170813012635084505e+01
6.172288771086503090e+01
6.173764529537922385e+01
6.175240287989340970e+01
6.176716046440760266e+01
6.178191804892178851e+01
6.179667563343598147e+01
6.181143321795016732e+01
6.182619080246436027e+01
6.184094838697855323e+01
6.185570597149273908e+01
6.187046355600693204e+01
6.188522114052111789e+01
6.189997872503531084e+01
6.191473630954949670e+01
6.192949389406368965e+01
6.194425147857787550e+01
6.195900906309206846e+01
6.197376664760625431e+01
6.198852423212044727e+01
6.200328181663463312e+01
6.201803940114882607e+01
6.203279698566301192e+01
6.204755457017720488e+01
6.206231215469139073e+01
6.207706973920558369e+01
6.209182732371976954e+01
6.210658490823396249e+01
6.212134249274814835e+01
6.213610007726234130e+01
6.215085766177652715e+01
6.216561524629072011e+01
6.218037283080490596e+01
6.219513041531909892e+01
6.220988799983329187e+01
6.222464558434747772e+01
6.223940316886167068e+01
6.225416075337585653e+01
6.226891833789004949e+01
6.228367592240423534e+01
6.229843350691842829e+01
6.231319109143261414e+01
6.232794867594680710e+01
6.234270626046099295e+01
6.235746384497518591e+01
6.237222142948937176e+01
6.238697901400356471e+01
6.240173659851775056e+01
6.241649418303194352e+01
6.243125176754612937e+01
6.244600935206032233e+01
6.246076693657450818e+01
6.247552452108870114e+01
6.249028210560288699e+01
6.250503969011707994e+01
6.251979727463126579e+01
6.253455485914545875e+01
6.254931244365964460e+01
6.256407002817383756e+01
6.257882761268803051e+01
6.259358519720221636e+01
6.260834278171640932e+01
6.262310036623059517e+01
6.263785795074478813e+01
6.265261553525897398e+01
6.266737311977316693e+01
6.268213070428735278e+01
6.269688828880154574e+01
6.271164587331573159e+01
6.272640345782992455e+01
6.274116104234411040e+01
6.275591862685830336e+01
6.277067621137248921e+01
6.278543379588668216e+01
6.280019138040086801e+01
6.281494896491506097e+01
6.282970654942924682e+01
6.284446413394343978e+01
6.285922171845762563e+01
6.287397930297181858e+01
6.288873688748600443e+01
6.290349447200019739e+01
6.291825205651439035e+01
6.293300964102857620e+01
6.294776722554276915e+01
6.296252481005695500e+01
6.297728239457114796e+01
6.299203997908533381e+01
6.300679756359952677e+01
6.302155514811371262e+01
6.303631273262790558e+01
6.305107031714209143e+01
6.306582790165628438e+01
6.308058548617047023e+01
6.309534307068466319e+01
6.311010065519884904e+01
6.312485823971304200e+01
6.313961582422722785e+01
6.315437340874142080e+01
6.316913099325560665e+01
6.318388857776979961e+01
6.319864616228398546e+01
6.321340374679817842e+01
6.322816133131236427e+01
6.324291891582654301e+01
6.325767650034074308e+01
6.327243408485492182e+01
6.328719166936912899e+01
6.330194925388330063e+01
6.331670683839750779e+01
6.333146442291167943e+01
6.334622200742588660e+01
6.336097959194005824e+01
6.337573717645426541e+01
6.339049476096843705e+01
6.340525234548264422e+01
6.342000992999681586e+01
6.343476751451102302e+01
6.344952509902519466e+01
6.346428268353940183e+01
6.347904026805358058e+01
6.349379785256778064e+01
6.350855543708195938e+01
6.352331302159615944e+01
6.353807060611033819e+01
6.355282819062453825e+01
6.356758577513871700e+01
6.358234335965291706e+01
6.359710094416709580e+01
6.361185852868129587e+01
6.362661611319547461e+01
6.364137369770967467e+01
6.365613128222385342e+01
6.367088886673805348e+01
6.368564645125223223e+01
6.370040403576643229e+01
6.371516162028061103e+01
6.372991920479481109e+01
6.374467678930898984e+01
6.375943437382318990e+01
6.377419195833736865e+01
6.378894954285156871e+01
6.380370712736574745e+01
6.381846471187994752e+01
6.383322229639412626e+01
6.384797988090832632e+01
6.386273746542250507e+01
6.387749504993670513e+01
6.389225263445088387e+01
6.390701021896508394e+01
6.392176780347926268e+01
6.393652538799346274e+01
6.395128297250764149e+01
6.396604055702184155e+01
6.398079814153602030e+01
6.399555572605022746e+01
6.401031331056439910e+01
6.402507089507859916e+01
6.403982847959278502e+01
6.405458606410698508e+01
6.406934364862115672e+01
6.408410123313535678e+01
6.409885881764954263e+01
6.411361640216374269e+01
6.412837398667791433e+01
6.414313157119211439e+01
6.415788915570630024e+01
6.417264674022050031e+01
6.418740432473467195e+01
6.420216190924887201e+01
6.421691949376305786e+01
6.423167707827725792e+01
6.424643466279142956e+01
6.426119224730562962e+01
6.427594983181981547e+01
6.429070741633401553e+01
6.430546500084818717e+01
6.432022258536238724e+01
6.433498016987657309e+01
6.434973775439077315e+01
6.436449533890494479e+01
6.437925292341915906e+01
6.439401050793333070e+01
6.440876809244753076e+01
6.442352567696170240e+01
6.443828326147591667e+01
6.445304084599008831e+01
6.446779843050428838e+01
6.448255601501846002e+01
6.449731359953267429e+01
6.451207118404684593e+01
6.452682876856104599e+01
6.454158635307521763e+01
6.455634393758943190e+01
6.457110152210360354e+01
6.458585910661780360e+01
6.460061669113198946e+01
6.461537427564617531e+01
6.463013186016036116e+01
6.464488944467454701e+01
6.465964702918874707e+01
6.467440461370293292e+01
6.468916219821711877e+01
6.470391978273130462e+01
6.471867736724550468e+01
6.473343495175969053e+01
6.474819253627387639e+01
6.476295012078806224e+01
6.477770770530226230e+01
6.479246528981644815e+01
6.480722287433063400e+01
6.482198045884481985e+01
6.483673804335901991e+01
6.485149562787320576e+01
6.486625321238739161e+01
6.488101079690157746e+01
6.489576838141577753e+01
6.491052596592996338e+01
6.492528355044414923e+01
6.494004113495834929e+01
6.495479871947253514e+01
6.496955630398672099e+01
6.498431388850090684e+01
6.499907147301510690e+01
6.501382905752929275e+01
6.502858664204347861e+01
6.504334422655766446e+01
6.505810181107186452e+01
6.507285939558605037e+01
6.508761698010023622e+01
6.510237456461442207e+01
6.511713214912862213e+01
6.513188973364280798e+01
6.514664731815699383e+01
6.516140490267117968e+01
6.517616248718537975e+01
6.519092007169956560e+01
6.520567765621375145e+01
6.522043524072793730e+01
6.523519282524213736e+01
6.524995040975632321e+01
6.526470799427050906e+01
6.527946557878470912e+01
6.529422316329889497e+01
6.530898074781308082e+01
6.532373833232726668e+01
6.533849591684146674e+01
6.535325350135565259e+01
6.536801108586983844e+01
6.538276867038402429e+01
6.539752625489822435e+01
6.541228383941241020e+01
6.542704142392659605e+01
6.544179900844078190e+01
6.545655659295498197e+01
6.547131417746916782e+01
6.548607176198335367e+01
6.550082934649753952e+01
6.551558693101173958e+01
6.553034451552592543e+01
6.554510210004011128e+01
6.555985968455429713e+01
6.557461726906849719e+01
6.558937485358268304e+01
6.560413243809686890e+01
6.561889002261105475e+01
6.563364760712525481e+01
6.564840519163944066e+01
6.566316277615362651e+01
6.567792036066782657e+01
6.569267794518201242e+01
6.570743552969619827e+01
6.572219311421038412e+01
6.573695069872458419e+01
6.575170828323877004e+01
6.576646586775295589e+01
6.578122345226714174e+01
6.579598103678134180e+01
6.581073862129552765e+01
6.582549620580971350e+01
6.584025379032389935e+01
6.585501137483809941e+01
6.586976895935228526e+01
6.588452654386647112e+01
6.589928412838065697e+01
6.591404171289485703e+01
6.592879929740904288e+01
6.594355688192322873e+01
6.595831446643741458e+01
6.597307205095161464e+01
6.598782963546580049e+01
6.600258721997998634e+01
6.601734480449418641e+01
6.603210238900837226e+01
6.604685997352255811e+01
6.606161755803674396e+01
6.607637514255094402e+01
6.609113272706512987e+01
6.610589031157931572e+01
6.612064789609350157e+01
6.613540548060770163e+01
6.615016306512188748e+01
6.616492064963607334e+01
6.617967823415025919e+01
6.619443581866445925e+01
6.620919340317864510e+01
6.622395098769283095e+01
6.623870857220701680e+01
6.625346615672121686e+01
6.626822374123540271e+01
6.628298132574958856e+01
6.629773891026377441e+01
6.631249649477797448e+01
6.632725407929216033e+01
6.634201166380634618e+01
6.635676924832054624e+01
6.637152683283473209e+01
6.638628441734891794e+01
6.640104200186310379e+01
6.641579958637730385e+01
6.643055717089148970e+01
6.644531475540567556e+01
6.646007233991986141e+01
6.647482992443406147e+01
6.648958750894824732e+01
6.650434509346243317e+01
6.651910267797661902e+01
6.653386026249081908e+01
6.654861784700500493e+01
6.656337543151919078e+01
6.657813301603337663e+01
6.659289060054757670e+01
6.660764818506176255e+01
6.662240576957594840e+01
6.663716335409013425e+01
6.665192093860433431e+01
6.666667852311852016e+01
6.668143610763270601e+01
6.669619369214689186e+01
6.671095127666109192e+01
6.672570886117527778e+01
6.674046644568946363e+01
6.675522403020366369e+01
6.676998161471784954e+01
6.678473919923203539e+01
6.679949678374622124e+01
6.681425436826042130e+01
6.682901195277460715e+01
6.684376953728879300e+01
6.685852712180297885e+01
6.687328470631717892e+01
6.688804229083136477e+01
6.690279987534555062e+01
6.691755745985973647e+01
6.693231504437393653e+01
6.694707262888812238e+01
6.696183021340230823e+01
6.697658779791649408e+01
6.699134538243069414e+01
6.700610296694488000e+01
6.702086055145906585e+01
6.703561813597325170e+01
6.705037572048745176e+01
6.706513330500163761e+01
6.707989088951582346e+01
6.709464847403002352e+01
6.710940605854420937e+01
6.712416364305839522e+01
6.713892122757258107e+01
6.715367881208678114e+01
6.716843639660096699e+01
6.718319398111515284e+01
6.719795156562933869e+01
6.721270915014353875e+01
6.722746673465772460e+01
6.724222431917191045e+01
6.725698190368609630e+01
6.727173948820029636e+01
6.728649707271448221e+01
6.730125465722866807e+01
6.731601224174285392e+01
6.733076982625705398e+01
6.734552741077123983e+01
6.736028499528542568e+01
6.737504257979961153e+01
6.738980016431381159e+01
6.740455774882799744e+01
6.741931533334218329e+01
6.743407291785638336e+01
6.744883050237056921e+01
6.746358808688475506e+01
6.747834567139894091e+01
6.749310325591314097e+01
6.750786084042732682e+01
6.752261842494151267e+01
6.753737600945569852e+01
6.755213359396989858e+01
6.756689117848408443e+01
6.758164876299827029e+01
6.759640634751245614e+01
6.761116393202665620e+01
6.762592151654084205e+01
6.764067910105502790e+01
6.765543668556921375e+01
6.767019427008341381e+01
6.768495185459759966e+01
6.769970943911178551e+01
6.771446702362597136e+01
6.772922460814017143e+01
6.774398219265435728e+01
6.775873977716854313e+01
6.777349736168272898e+01
6.778825494619692904e+01
6.780301253071111489e+01
6.781777011522530074e+01
6.783252769973950080e+01
6.784728528425368665e+01
6.786204286876787251e+01
6.787680045328205836e+01
6.789155803779625842e+01
6.790631562231044427e+01
6.792107320682463012e+01
6.793583079133881597e+01
6.795058837585301603e+01
6.796534596036720188e+01
6.798010354488138773e+01
6.799486112939557358e+01
6.800961871390977365e+01
6.802437629842395950e+01
6.803913388293814535e+01
6.805389146745233120e+01
6.806864905196653126e+01
6.808340663648071711e+01
6.809816422099490296e+01
6.811292180550908881e+01
6.812767939002328887e+01
6.814243697453747473e+01
6.815719455905166058e+01
6.817195214356586064e+01
6.818670972808004649e+01
6.820146731259423234e+01
6.821622489710841819e+01
6.823098248162261825e+01
6.824574006613680410e+01
6.826049765065098995e+01
6.827525523516517580e+01
6.829001281967937587e+01
6.830477040419356172e+01
6.831952798870774757e+01
6.833428557322193342e+01
6.834904315773613348e+01
6.836380074225031933e+01
6.837855832676450518e+01
6.839331591127869103e+01
6.840807349579289109e+01
6.842283108030707695e+01
6.843758866482126280e+01
6.845234624933544865e+01
6.846710383384964871e+01
6.848186141836383456e+01
6.849661900287802041e+01
6.851137658739222047e+01
6.852613417190640632e+01
6.854089175642059217e+01
6.855564934093477802e+01
6.857040692544897809e+01
6.858516450996316394e+01
6.859992209447734979e+01
6.861467967899153564e+01
6.862943726350573570e+01
6.864419484801992155e+01
6.865895243253410740e+01
6.867371001704829325e+01
6.868846760156249331e+01
6.870322518607667917e+01
6.871798277059086502e+01
6.873274035510505087e+01
6.874749793961923672e+01
6.876225552413343678e+01
6.877701310864760842e+01
6.879177069316180848e+01
6.880652827767599433e+01
6.882128586219019439e+01
6.883604344670436603e+01
6.885080103121858031e+01
6.886555861573275195e+01
6.888031620024695201e+01
6.889507378476112365e+01
6.890983136927533792e+01
6.892458895378950956e+01
6.893934653830370962e+01
6.895410412281788126e+01
6.896886170733209553e+01
6.898361929184626717e+01
6.899837687636046724e+01
6.901313446087463888e+01
6.902789204538885315e+01
6.904264962990302479e+01
6.905740721441722485e+01
6.907216479893141070e+01
6.908692238344561076e+01
6.910167996795978240e+01
6.911643755247398246e+01
6.913119513698816831e+01
6.914595272150236838e+01
6.916071030601654002e+01
6.917546789053074008e+01
6.919022547504492593e+01
6.920498305955912599e+01
6.921974064407329763e+01
6.923449822858749769e+01
6.924925581310168354e+01
6.926401339761588360e+01
6.927877098213005524e+01
6.929352856664425531e+01
6.930828615115844116e+01
6.932304373567264122e+01
6.933780132018681286e+01
6.935255890470101292e+01
6.936731648921519877e+01
6.938207407372939883e+01
6.939683165824357047e+01
6.941158924275777053e+01
6.942634682727195639e+01
6.944110441178615645e+01
6.945586199630032809e+01
6.947061958081452815e+01
6.948537716532871400e+01
6.950013474984291406e+01
6.951489233435708570e+01
6.952964991887128576e+01
6.954440750338547161e+01
6.955916508789967168e+01
6.957392267241384332e+01
6.958868025692805759e+01
6.960343784144222923e+01
6.961819542595642929e+01
6.963295301047060093e+01
6.964771059498481520e+01
6.966246817949898684e+01
6.967722576401318690e+01
6.969198334852735854e+01
6.970674093304157282e+01
6.972149851755574446e+01
6.973625610206994452e+01
6.975101368658411616e+01
6.976577127109833043e+01
6.978052885561250207e+01
6.979528644012670213e+01
6.981004402464088798e+01
6.982480160915508804e+01
6.983955919366925968e+01
6.985431677818345975e+01
6.986907436269764560e+01
6.988383194721184566e+01
6.989858953172601730e+01
6.991334711624021736e+01
6.992810470075440321e+01
6.994286228526860327e+01
6.995761986978277491e+01
6.997237745429697497e+01
6.998713503881116083e+01
7.000189262332536089e+01
7.001665020783953253e+01
7.003140779235373259e+01
7.004616537686791844e+01
7.006092296138211850e+01
7.007568054589629014e+01
7.009043813041049020e+01
7.010519571492467605e+01
7.011995329943886190e+01
7.013471088395304776e+01
7.014946846846724782e+01
7.016422605298143367e+01
7.017898363749561952e+01
7.019374122200980537e+01
7.020849880652400543e+01
7.022325639103819128e+01
7.023801397555237713e+01
7.025277156006656298e+01
7.026752914458076305e+01
7.028228672909494890e+01
7.029704431360913475e+01
7.031180189812332060e+01
7.032655948263752066e+01
7.034131706715170651e+01
7.035607465166589236e+01
7.037083223618007821e+01
7.038558982069427827e+01
7.040034740520846412e+01
7.041510498972264998e+01
7.042986257423683583e+01
7.044462015875103589e+01
7.045937774326522174e+01
7.047413532777940759e+01
7.048889291229359344e+01
7.050365049680779350e+01
7.051840808132197935e+01
7.053316566583616520e+01
7.054792325035036527e+01
7.056268083486455112e+01
7.057743841937873697e+01
7.059219600389293703e+01
7.060695358840712288e+01
7.062171117292132294e+01
7.063646875743549458e+01
7.065122634194969464e+01
7.066598392646388049e+01
7.068074151097808056e+01
7.069549909549225220e+01
7.071025668000645226e+01
7.072501426452063811e+01
7.073977184903483817e+01
7.075452943354900981e+01
7.076928701806320987e+01
7.078404460257739572e+01
7.079880218709158157e+01
7.081355977160576742e+01
7.082831735611995327e+01
7.084307494063415334e+01
7.085783252514833919e+01
7.087259010966252504e+01
7.088734769417672510e+01
7.090210527869091095e+01
7.091686286320509680e+01
7.093162044771928265e+01
7.094637803223348271e+01
7.096113561674766856e+01
7.097589320126185441e+01
7.099065078577604027e+01
7.100540837029024033e+01
7.102016595480442618e+01
7.103492353931861203e+01
7.104968112383279788e+01
7.106443870834699794e+01
7.107919629286118379e+01
7.109395387737536964e+01
7.110871146188955549e+01
7.112346904640375556e+01
7.113822663091794141e+01
7.115298421543212726e+01
7.116774179994631311e+01
7.118249938446051317e+01
7.119725696897469902e+01
7.121201455348888487e+01
7.122677213800308493e+01
7.124152972251727078e+01
7.125628730703145663e+01
7.127104489154564249e+01
7.128580247605984255e+01
7.130056006057402840e+01
7.131531764508821425e+01
7.133007522960240010e+01
7.134483281411660016e+01
7.135959039863078601e+01
7.137434798314497186e+01
7.138910556765915771e+01
7.140386315217335778e+01
7.141862073668754363e+01
7.143337832120172948e+01
