2.422176909383084364e+01
2.424241252327833251e+01
2.426305595272582138e+01
2.428369938217331381e+01
2.430434281162079913e+01
2.432498624106829155e+01
2.434562967051577687e+01
2.436627309996326929e+01
2.438691652941075816e+01
2.440755995885824703e+01
2.442820338830573590e+01
2.444884681775322477e+01
2.446949024720071364e+01
2.449013367664820251e+01
2.451077710609569138e+01
2.453142053554318380e+01
2.455206396499066912e+01
2.457270739443816154e+01
2.459335082388565041e+01
2.461399425333313928e+01
2.463463768278062815e+01
2.465528111222811702e+01
2.467592454167560589e+01
2.469656797112309476e+01
2.471721140057058363e+01
2.473785483001807606e+01
2.475849825946556138e+01
2.477914168891305380e+01
2.479978511836053912e+01
2.482042854780803154e+01
2.484107197725552041e+01
2.486171540670300928e+01
2.488235883615049815e+01
2.490300226559798702e+01
2.492364569504547589e+01
2.494428912449296831e+01
2.496493255394045363e+01
2.498557598338794605e+01
2.500621941283543137e+01
2.502686284228292379e+01
2.504750627173041266e+01
2.506814970117790153e+01
2.508879313062539040e+01
2.510943656007287927e+01
2.513007998952036814e+01
2.515072341896786057e+01
2.517136684841534588e+01
2.519201027786283831e+01
2.521265370731032363e+01
2.523329713675781605e+01
2.525394056620530492e+01
2.527458399565279379e+01
2.529522742510028266e+01
2.531587085454777153e+01
2.533651428399526040e+01
2.535715771344274927e+01
2.537780114289024169e+01
2.539844457233773056e+01
2.541908800178521588e+01
2.543973143123270830e+01
2.546037486068019717e+01
2.548101829012768604e+01
2.550166171957517847e+01
2.552230514902266378e+01
2.554294857847015621e+01
2.556359200791764152e+01
2.558423543736513395e+01
2.560487886681262282e+01
2.562552229626011169e+01
2.564616572570760056e+01
2.566680915515508943e+01
2.568745258460257830e+01
2.570809601405007072e+01
2.572873944349755604e+01
2.574938287294504846e+01
2.577002630239253378e+01
2.579066973184002620e+01
2.581131316128751507e+01
2.583195659073500394e+01
2.585260002018249281e+01
2.587324344962998168e+01
2.589388687907747055e+01
2.591453030852495942e+01
2.593517373797244829e+01
2.595581716741994072e+01
2.597646059686742603e+01
2.599710402631491846e+01
2.601774745576240733e+01
2.603839088520989620e+01
2.605903431465738507e+01
2.607967774410487394e+01
2.610032117355236281e+01
2.612096460299985168e+01
2.614160803244734055e+01
2.616225146189483297e+01
2.618289489134231829e+01
2.620353832078981071e+01
2.622418175023729603e+01
2.624482517968478845e+01
2.626546860913227732e+01
2.628611203857976619e+01
2.630675546802725506e+01
2.632739889747474393e+01
2.634804232692223280e+01
2.636868575636972523e+01
2.638932918581721054e+01
2.640997261526470297e+01
2.643061604471218828e+01
2.645125947415968071e+01
2.647190290360716958e+01
2.649254633305465845e+01
2.651318976250214732e+01
2.653383319194963619e+01
2.655447662139712861e+01
2.657512005084461748e+01
2.659576348029210280e+01
2.661640690973959522e+01
2.663705033918708409e+01
2.665769376863457296e+01
2.667833719808206183e+01
2.669898062752955070e+01
2.671962405697704313e+01
2.674026748642452844e+01
2.676091091587202087e+01
2.678155434531950618e+01
2.680219777476699861e+01
2.682284120421448748e+01
2.684348463366197635e+01
2.686412806310946522e+01
2.688477149255695409e+01
2.690541492200444296e+01
2.692605835145193538e+01
2.694670178089942070e+01
2.696734521034691312e+01
2.698798863979439844e+01
2.700863206924189086e+01
2.702927549868937973e+01
2.704991892813686860e+01
2.707056235758435747e+01
2.709120578703184634e+01
2.711184921647933521e+01
2.713249264592682763e+01
2.715313607537431295e+01
2.717377950482180538e+01
2.719442293426929069e+01
2.721506636371678312e+01
2.723570979316427199e+01
2.725635322261176086e+01
2.727699665205924973e+01
2.729764008150673860e+01
2.731828351095422747e+01
2.733892694040171634e+01
2.735957036984920521e+01
2.738021379929669763e+01
2.740085722874418295e+01
2.742150065819167537e+01
2.744214408763916069e+01
2.746278751708665311e+01
2.748343094653414198e+01
2.750407437598163085e+01
2.752471780542911972e+01
2.754536123487660859e+01
2.756600466432409746e+01
2.758664809377158988e+01
2.760729152321907520e+01
2.762793495266656763e+01
2.764857838211405650e+01
2.766922181156154537e+01
2.768986524100903424e+01
2.771050867045652311e+01
2.773115209990401553e+01
2.775179552935150085e+01
2.777243895879898972e+01
2.779308238824648214e+01
2.781372581769397101e+01
2.783436924714145988e+01
2.785501267658894520e+01
2.787565610603643762e+01
2.789629953548392649e+01
2.791694296493141536e+01
2.793758639437890423e+01
2.795822982382639310e+01
2.797887325327388552e+01
2.799951668272137439e+01
2.802016011216885971e+01
2.804080354161635213e+01
2.806144697106384100e+01
2.808209040051132988e+01
2.810273382995881875e+01
2.812337725940630762e+01
2.814402068885380004e+01
2.816466411830128536e+01
2.818530754774877778e+01
2.820595097719626310e+01
2.822659440664375552e+01
2.824723783609124439e+01
2.826788126553873326e+01
2.828852469498622213e+01
2.830916812443371100e+01
2.832981155388119987e+01
2.835045498332869229e+01
2.837109841277617761e+01
2.839174184222367003e+01
2.841238527167115535e+01
2.843302870111864777e+01
2.845367213056613664e+01
2.847431556001362551e+01
2.849495898946111438e+01
2.851560241890860325e+01
2.853624584835609213e+01
2.855688927780358455e+01
2.857753270725106987e+01
2.859817613669856229e+01
2.861881956614604761e+01
2.863946299559354003e+01
2.866010642504102890e+01
2.868074985448851422e+01
2.870139328393600664e+01
2.872203671338349551e+01
2.874268014283098793e+01
2.876332357227847680e+01
2.878396700172596212e+01
2.880461043117345454e+01
2.882525386062094341e+01
2.884589729006842873e+01
2.886654071951591760e+01
2.888718414896341002e+01
2.890782757841090245e+01
2.892847100785839132e+01
2.894911443730587663e+01
2.896975786675336551e+01
2.899040129620085793e+01
2.901104472564834325e+01
2.903168815509583212e+01
2.905233158454332454e+01
2.907297501399081341e+01
2.909361844343830583e+01
2.911426187288579115e+01
2.913490530233328002e+01
2.915554873178077244e+01
2.917619216122825421e+01
2.919683559067574663e+01
2.921747902012323905e+01
2.923812244957072792e+01
2.925876587901822035e+01
2.927940930846570211e+01
2.930005273791319453e+01
2.932069616736068340e+01
2.934133959680817583e+01
2.936198302625566114e+01
2.938262645570315001e+01
2.940326988515064244e+01
2.942391331459813131e+01
2.944455674404561663e+01
2.946520017349310905e+01
2.948584360294059792e+01
2.950648703238809034e+01
2.952713046183557566e+01
2.954777389128306453e+01
2.956841732073055695e+01
2.958906075017804582e+01
2.960970417962553114e+01
2.963034760907302001e+01
2.965099103852051243e+01
2.967163446796800486e+01
2.969227789741548662e+01
2.971292132686297904e+01
2.973356475631046791e+01
2.975420818575796034e+01
2.977485161520544565e+01
2.979549504465293452e+01
2.981613847410042695e+01
2.983678190354791582e+01
2.985742533299540824e+01
2.987806876244289356e+01
2.989871219189038243e+01
2.991935562133787485e+01
2.993999905078535662e+01
2.996064248023284904e+01
2.998128590968034146e+01
3.000192933912783033e+01
3.002257276857532275e+01
3.004321619802280452e+01
3.006385962747029694e+01
3.008450305691778581e+01
3.010514648636527113e+01
3.012578991581276355e+01
3.014643334526025242e+01
3.016707677470774485e+01
3.018772020415523372e+01
3.020836363360271903e+01
3.022900706305021146e+01
3.024965049249770033e+01
3.027029392194518564e+01
3.029093735139267451e+01
3.031158078084016694e+01
3.033222421028765936e+01
3.035286763973514823e+01
3.037351106918263355e+01
3.039415449863012242e+01
3.041479792807761484e+01
3.043544135752510371e+01
3.045608478697258903e+01
3.047672821642008145e+01
3.049737164586757032e+01
3.051801507531506275e+01
3.053865850476254806e+01
3.055930193421003693e+01
3.057994536365752936e+01
3.060058879310501823e+01
3.062123222255250354e+01
3.064187565199999597e+01
3.066251908144748484e+01
3.068316251089497726e+01
3.070380594034245902e+01
3.072444936978995145e+01
3.074509279923744032e+01
3.076573622868493274e+01
3.078637965813241806e+01
3.080702308757990693e+01
3.082766651702739935e+01
3.084830994647488822e+01
3.086895337592237354e+01
3.088959680536986596e+01
3.091024023481735483e+01
3.093088366426484725e+01
3.095152709371233257e+01
3.097217052315982144e+01
3.099281395260731387e+01
3.101345738205480274e+01
3.103410081150228805e+01
3.105474424094977692e+01
3.107538767039726935e+01
3.109603109984476177e+01
3.111667452929225064e+01
3.113731795873973596e+01
3.115796138818722483e+01
3.117860481763471725e+01
3.119924824708220257e+01
3.121989167652969144e+01
3.124053510597718386e+01
3.126117853542467273e+01
3.128182196487216515e+01
3.130246539431965047e+01
3.132310882376713934e+01
3.134375225321463176e+01
3.136439568266211353e+01
3.138503911210960595e+01
3.140568254155709482e+01
3.142632597100458725e+01
3.144696940045207967e+01
3.146761282989956143e+01
3.148825625934705386e+01
3.150889968879454273e+01
3.152954311824202804e+01
3.155018654768952047e+01
3.157082997713700934e+01
3.159147340658450176e+01
3.161211683603199063e+01
3.163276026547947595e+01
3.165340369492696837e+01
3.167404712437445724e+01
3.169469055382194256e+01
3.171533398326943143e+01
3.173597741271692385e+01
3.175662084216441627e+01
3.177726427161190514e+01
3.179790770105939046e+01
3.181855113050687933e+01
3.183919455995437175e+01
3.185983798940186063e+01
3.188048141884935305e+01
3.190112484829683837e+01
3.192176827774432724e+01
3.194241170719181966e+01
3.196305513663930498e+01
3.198369856608679385e+01
3.200434199553428272e+01
3.202498542498177869e+01
3.204562885442926756e+01
3.206627228387674933e+01
3.208691571332424530e+01
3.210755914277173417e+01
3.212820257221921594e+01
3.214884600166670481e+01
3.216948943111420078e+01
3.219013286056168965e+01
3.221077629000917852e+01
3.223141971945666739e+01
3.225206314890415626e+01
3.227270657835164513e+01
3.229335000779913400e+01
3.231399343724662288e+01
3.233463686669411175e+01
3.235528029614160062e+01
3.237592372558909659e+01
3.239656715503657836e+01
3.241721058448406723e+01
3.243785401393156320e+01
3.245849744337904497e+01
3.247914087282653384e+01
3.249978430227402271e+01
3.252042773172151868e+01
3.254107116116900755e+01
3.256171459061648932e+01
3.258235802006398529e+01
3.260300144951147416e+01
3.262364487895895593e+01
3.264428830840645190e+01
3.266493173785394077e+01
3.268557516730142964e+01
3.270621859674891851e+01
3.272686202619640738e+01
3.274750545564389625e+01
3.276814888509138513e+01
3.278879231453887400e+01
3.280943574398636287e+01
3.283007917343385174e+01
3.285072260288134771e+01
3.287136603232883658e+01
3.289200946177631835e+01
3.291265289122380722e+01
3.293329632067130319e+01
3.295393975011878496e+01
3.297458317956627383e+01
3.299522660901376980e+01
3.301587003846125867e+01
3.303651346790874754e+01
3.305715689735623641e+01
3.307780032680372528e+01
3.309844375625121415e+01
3.311908718569870302e+01
3.313973061514619900e+01
3.316037404459368076e+01
3.318101747404116963e+01
3.320166090348866561e+01
3.322230433293614738e+01
3.324294776238363625e+01
3.326359119183112512e+01
3.328423462127862109e+01
3.330487805072610996e+01
3.332552148017359173e+01
3.334616490962108770e+01
3.336680833906857657e+01
3.338745176851605834e+01
3.340809519796355431e+01
3.342873862741104318e+01
3.344938205685853205e+01
3.347002548630602092e+01
3.349066891575350979e+01
3.351131234520099866e+01
3.353195577464848753e+01
3.355259920409597640e+01
3.357324263354346527e+01
3.359388606299095414e+01
3.361452949243844301e+01
3.363517292188593899e+01
3.365581635133342076e+01
3.367645978078090963e+01
3.369710321022840560e+01
3.371774663967588737e+01
3.373839006912337624e+01
3.375903349857087221e+01
3.377967692801836108e+01
3.380032035746584995e+01
3.382096378691333882e+01
3.384160721636082769e+01
3.386225064580831656e+01
3.388289407525579833e+01
3.390353750470329430e+01
3.392418093415078317e+01
3.394482436359827204e+01
3.396546779304576802e+01
3.398611122249324978e+01
3.400675465194073865e+01
3.402739808138822752e+01
3.404804151083571639e+01
3.406868494028320526e+01
3.408932836973069413e+01
3.410997179917819011e+01
3.413061522862567898e+01
3.415125865807316075e+01
3.417190208752065672e+01
3.419254551696814559e+01
3.421318894641563446e+01
3.423383237586312333e+01
3.425447580531061220e+01
3.427511923475810107e+01
3.429576266420558994e+01
3.431640609365307881e+01
3.433704952310056768e+01
3.435769295254805655e+01
3.437833638199554542e+01
3.439897981144304140e+01
3.441962324089052316e+01
3.444026667033801203e+01
3.446091009978550801e+01
3.448155352923298977e+01
3.450219695868047864e+01
3.452284038812797462e+01
3.454348381757546349e+01
3.456412724702295236e+01
3.458477067647043413e+01
3.460541410591793010e+01
3.462605753536541897e+01
3.464670096481290074e+01
3.466734439426039671e+01
3.468798782370788558e+01
3.470863125315537445e+01
3.472927468260286332e+01
3.474991811205035219e+01
3.477056154149784106e+01
3.479120497094532993e+01
3.481184840039281880e+01
3.483249182984030767e+01
3.485313525928779654e+01
3.487377868873529252e+01
3.489442211818278139e+01
3.491506554763026315e+01
3.493570897707775913e+01
3.495635240652524800e+01
3.497699583597272976e+01
3.499763926542021863e+01
3.501828269486771461e+01
3.503892612431520348e+01
3.505956955376269235e+01
3.508021298321018122e+01
3.510085641265767009e+01
3.512149984210515896e+01
3.514214327155264783e+01
3.516278670100013670e+01
3.518343013044762557e+01
3.520407355989511444e+01
3.522471698934261042e+01
3.524536041879009218e+01
3.526600384823758105e+01
3.528664727768507703e+01
3.530729070713255879e+01
3.532793413658004766e+01
3.534857756602753653e+01
3.536922099547503251e+01
3.538986442492252138e+01
3.541050785437000314e+01
3.543115128381749912e+01
3.545179471326498799e+01
3.547243814271247686e+01
3.549308157215996573e+01
3.551372500160745460e+01
3.553436843105494347e+01
3.555501186050243234e+01
3.557565528994992121e+01
3.559629871939741008e+01
3.561694214884489895e+01
3.563758557829239493e+01
3.565822900773988380e+01
3.567887243718736556e+01
3.569951586663486154e+01
3.572015929608235041e+01
3.574080272552983217e+01
3.576144615497732104e+01
3.578208958442481702e+01
3.580273301387230589e+01
3.582337644331979476e+01
3.584401987276728363e+01
3.586466330221477250e+01
3.588530673166226137e+01
3.590595016110975024e+01
3.592659359055723911e+01
3.594723702000472798e+01
3.596788044945221685e+01
3.598852387889971283e+01
3.600916730834719459e+01
3.602981073779468346e+01
3.605045416724217944e+01
3.607109759668966120e+01
3.609174102613715007e+01
3.611238445558463894e+01
3.613302788503213492e+01
3.615367131447962379e+01
3.617431474392710555e+01
3.619495817337460153e+01
3.621560160282209040e+01
3.623624503226957216e+01
3.625688846171706814e+01
3.627753189116455701e+01
3.629817532061204588e+01
3.631881875005953475e+01
3.633946217950702362e+01
3.636010560895451249e+01
3.638074903840200136e+01
3.640139246784949023e+01
3.642203589729697910e+01
3.644267932674446797e+01
3.646332275619195684e+01
3.648396618563945282e+01
3.650460961508693458e+01
3.652525304453442345e+01
3.654589647398191943e+01
3.656653990342940830e+01
3.658718333287689717e+01
3.660782676232438604e+01
3.662847019177187491e+01
3.664911362121936378e+01
3.666975705066685265e+01
3.669040048011434152e+01
3.671104390956183039e+01
3.673168733900931926e+01
3.675233076845681524e+01
3.677297419790429700e+01
3.679361762735178587e+01
3.681426105679928185e+01
3.683490448624676361e+01
3.685554791569425248e+01
3.687619134514174135e+01
3.689683477458923733e+01
3.691747820403672620e+01
3.693812163348420796e+01
3.695876506293170394e+01
3.697940849237919281e+01
3.700005192182667457e+01
3.702069535127417055e+01
3.704133878072165942e+01
3.706198221016914829e+01
3.708262563961663716e+01
3.710326906906412603e+01
3.712391249851161490e+01
3.714455592795910377e+01
3.716519935740659264e+01
3.718584278685408151e+01
3.720648621630157038e+01
3.722712964574905925e+01
3.724777307519655523e+01
3.726841650464403699e+01
3.728905993409152586e+01
3.730970336353902184e+01
3.733034679298650360e+01
3.735099022243399247e+01
3.737163365188148845e+01
3.739227708132897732e+01
3.741292051077646619e+01
3.743356394022394795e+01
3.745420736967144393e+01
3.747485079911893280e+01
3.749549422856641456e+01
3.751613765801391054e+01
3.753678108746139941e+01
3.755742451690888828e+01
3.757806794635637715e+01
3.759871137580386602e+01
3.761935480525135489e+01
3.763999823469884376e+01
3.766064166414633263e+01
3.768128509359382150e+01
3.770192852304131037e+01
3.772257195248880635e+01
3.774321538193629522e+01
3.776385881138377698e+01
3.778450224083127296e+01
3.780514567027876183e+01
3.782578909972625070e+01
3.784643252917373957e+01
3.786707595862122844e+01
3.788771938806871731e+01
3.790836281751620618e+01
3.792900624696369505e+01
3.794964967641118392e+01
3.797029310585867279e+01
3.799093653530616166e+01
3.801157996475365763e+01
3.803222339420113940e+01
3.805286682364862827e+01
3.807351025309612425e+01
3.809415368254360601e+01
3.811479711199109488e+01
3.813544054143859086e+01
3.815608397088607973e+01
3.817672740033356860e+01
3.819737082978105036e+01
3.821801425922854634e+01
3.823865768867603521e+01
3.825930111812351697e+01
3.827994454757101295e+01
3.830058797701850182e+01
3.832123140646599069e+01
3.834187483591347956e+01
3.836251826536096843e+01
3.838316169480845730e+01
3.840380512425594617e+01
3.842444855370343504e+01
3.844509198315092391e+01
3.846573541259841278e+01
3.848637884204590875e+01
3.850702227149339762e+01
3.852766570094087939e+01
3.854830913038836826e+01
3.856895255983586424e+01
3.858959598928334600e+01
3.861023941873084198e+01
3.863088284817833085e+01
3.865152627762581972e+01
3.867216970707330859e+01
3.869281313652079746e+01
3.871345656596828633e+01
3.873409999541577520e+01
3.875474342486326407e+01
3.877538685431076004e+01
3.879603028375824181e+01
3.881667371320573068e+01
3.883731714265322665e+01
3.885796057210070842e+01
3.887860400154819729e+01
3.889924743099569326e+01
3.891989086044317503e+01
3.894053428989067100e+01
3.896117771933815277e+01
3.898182114878564875e+01
3.900246457823313762e+01
3.902310800768061938e+01
3.904375143712811536e+01
3.906439486657560423e+01
3.908503829602308599e+01
3.910568172547058197e+01
3.912632515491807084e+01
3.914696858436555971e+01
3.916761201381304858e+01
3.918825544326053745e+01
3.920889887270802632e+01
3.922954230215551519e+01
3.925018573160300406e+01
3.927082916105050003e+01
3.929147259049798180e+01
3.931211601994547067e+01
3.933275944939296664e+01
3.935340287884044841e+01
3.937404630828793728e+01
3.939468973773543325e+01
3.941533316718291502e+01
3.943597659663041100e+01
3.945662002607789987e+01
3.947726345552538874e+01
3.949790688497287761e+01
3.951855031442035937e+01
3.953919374386786245e+01
3.955983717331534422e+01
3.958048060276283309e+01
3.960112403221032906e+01
3.962176746165781083e+01
3.964241089110529970e+01
3.966305432055279567e+01
3.968369775000027744e+01
3.970434117944777341e+01
3.972498460889525518e+01
3.974562803834275115e+01
3.976627146779024002e+01
3.978691489723772179e+01
3.980755832668521776e+01
3.982820175613270663e+01
3.984884518558018840e+01
3.986948861502768438e+01
3.989013204447517325e+01
3.991077547392266212e+01
3.993141890337015099e+01
3.995206233281763986e+01
3.997270576226512873e+01
3.999334919171261760e+01
4.001399262116010647e+01
4.003463605060760244e+01
4.005527948005508421e+01
4.007592290950257308e+01
4.009656633895006905e+01
4.011720976839755082e+01
4.013785319784503969e+01
4.015849662729253566e+01
4.017914005674001743e+01
4.019978348618751340e+01
4.022042691563500227e+01
4.024107034508249114e+01
4.026171377452998001e+01
4.028235720397746178e+01
4.030300063342495775e+01
4.032364406287244663e+01
4.034428749231992839e+01
4.036493092176743147e+01
4.038557435121491324e+01
4.040621778066240211e+01
4.042686121010989098e+01
4.044750463955737985e+01
4.046814806900486872e+01
4.048879149845235759e+01
4.050943492789984646e+01
4.053007835734734243e+01
4.055072178679482420e+01
4.057136521624232017e+01
4.059200864568980904e+01
4.061265207513729081e+01
4.063329550458478678e+01
4.065393893403227565e+01
4.067458236347976452e+01
4.069522579292725339e+01
4.071586922237474226e+01
4.073651265182223113e+01
4.075715608126972000e+01
4.077779951071720888e+01
4.079844294016470485e+01
4.081908636961218662e+01
4.083972979905967549e+01
4.086037322850717146e+01
4.088101665795465323e+01
4.090166008740214210e+01
4.092230351684963807e+01
4.094294694629711984e+01
4.096359037574461581e+01
4.098423380519210468e+01
4.100487723463959355e+01
4.102552066408708242e+01
4.104616409353456419e+01
4.106680752298206016e+01
4.108745095242954903e+01
4.110809438187703080e+01
4.112873781132453388e+01
4.114938124077201564e+01
4.117002467021950451e+01
4.119066809966699338e+01
4.121131152911448225e+01
4.123195495856197113e+01
4.125259838800946000e+01
4.127324181745694887e+01
4.129388524690444484e+01
4.131452867635192661e+01
4.133517210579942258e+01
4.135581553524691145e+01
4.137645896469439322e+01
4.139710239414188209e+01
4.141774582358937806e+01
4.143838925303685983e+01
4.145903268248435580e+01
4.147967611193184467e+01
4.150031954137933354e+01
4.152096297082682241e+01
4.154160640027431128e+01
4.156224982972180015e+01
4.158289325916928902e+01
4.160353668861677789e+01
4.162418011806427387e+01
4.164482354751175563e+01
4.166546697695924450e+01
4.168611040640674048e+01
4.170675383585422225e+01
4.172739726530171112e+01
4.174804069474920709e+01
4.176868412419668886e+01
4.178932755364418483e+01
4.180997098309166660e+01
4.183061441253916257e+01
4.185125784198665144e+01
4.187190127143413321e+01
4.189254470088163629e+01
4.191318813032911805e+01
4.193383155977660692e+01
4.195447498922409579e+01
4.197511841867158466e+01
4.199576184811907353e+01
4.201640527756656240e+01
4.203704870701405127e+01
4.205769213646154725e+01
4.207833556590902901e+01
4.209897899535652499e+01
4.211962242480401386e+01
4.214026585425149563e+01
4.216090928369898450e+01
4.218155271314648047e+01
4.220219614259396224e+01
4.222283957204145821e+01
4.224348300148894708e+01
4.226412643093643595e+01
4.228476986038392482e+01
4.230541328983141369e+01
4.232605671927890256e+01
4.234670014872639143e+01
4.236734357817387320e+01
4.238798700762137628e+01
4.240863043706885804e+01
4.242927386651634691e+01
4.244991729596384289e+01
4.247056072541132465e+01
4.249120415485881352e+01
4.251184758430630239e+01
4.253249101375379126e+01
4.255313444320128724e+01
4.257377787264876901e+01
4.259442130209626498e+01
4.261506473154375385e+01
4.263570816099123562e+01
4.265635159043873159e+01
4.267699501988622046e+01
4.269763844933370223e+01
4.271828187878119820e+01
4.273892530822868707e+01
4.275956873767617594e+01
4.278021216712366481e+01
4.280085559657115368e+01
4.282149902601864255e+01
4.284214245546613142e+01
4.286278588491362029e+01
4.288342931436111627e+01
4.290407274380859803e+01
4.292471617325608690e+01
4.294535960270358288e+01
4.296600303215106464e+01
4.298664646159855351e+01
4.300728989104604949e+01
4.302793332049353836e+01
4.304857674994102723e+01
4.306922017938851610e+01
4.308986360883600497e+01
4.311050703828349384e+01
4.313115046773097561e+01
4.315179389717847869e+01
4.317243732662596045e+01
4.319308075607344932e+01
4.321372418552094530e+01
4.323436761496842706e+01
4.325501104441591593e+01
4.327565447386340480e+01
4.329629790331089367e+01
4.331694133275838965e+01
4.333758476220587141e+01
4.335822819165336739e+01
4.337887162110085626e+01
4.339951505054833802e+01
4.342015847999583400e+01
4.344080190944332287e+01
4.346144533889080463e+01
4.348208876833830061e+01
4.350273219778578948e+01
4.352337562723327835e+01
4.354401905668076722e+01
4.356466248612825609e+01
4.358530591557574496e+01
4.360594934502323383e+01
4.362659277447072270e+01
4.364723620391821868e+01
4.366787963336570044e+01
4.368852306281318931e+01
4.370916649226068529e+01
4.372980992170816705e+01
4.375045335115565592e+01
4.377109678060315190e+01
4.379174021005063366e+01
4.381238363949812964e+01
4.383302706894561851e+01
4.385367049839310738e+01
4.387431392784059625e+01
4.389495735728807801e+01
4.391560078673557399e+01
4.393624421618306286e+01
4.395688764563054463e+01
4.397753107507804771e+01
4.399817450452552947e+01
4.401881793397301834e+01
4.403946136342050721e+01
4.406010479286799608e+01
4.408074822231548495e+01
4.410139165176297382e+01
4.412203508121046269e+01
4.414267851065795867e+01
4.416332194010544043e+01
4.418396536955293641e+01
4.420460879900042528e+01
4.422525222844790704e+01
4.424589565789540302e+01
4.426653908734289189e+01
4.428718251679038076e+01
4.430782594623786963e+01
4.432846937568535850e+01
4.434911280513284737e+01
4.436975623458033624e+01
4.439039966402782511e+01
4.441104309347532109e+01
4.443168652292280285e+01
4.445232995237029172e+01
4.447297338181778770e+01
4.449361681126526946e+01
4.451426024071275833e+01
4.453490367016025431e+01
4.455554709960773607e+01
4.457619052905523205e+01
4.459683395850272092e+01
4.461747738795020979e+01
4.463812081739769866e+01
4.465876424684518042e+01
4.467940767629267640e+01
4.470005110574016527e+01
4.472069453518764703e+01
4.474133796463515012e+01
4.476198139408263188e+01
4.478262482353012075e+01
4.480326825297760962e+01
4.482391168242509849e+01
4.484455511187258736e+01
4.486519854132007623e+01
4.488584197076756510e+01
4.490648540021506108e+01
4.492712882966254284e+01
4.494777225911003882e+01
4.496841568855752769e+01
4.498905911800500945e+01
4.500970254745249832e+01
4.503034597689999430e+01
4.505098940634747606e+01
4.507163283579497204e+01
4.509227626524246091e+01
4.511291969468994978e+01
4.513356312413743865e+01
4.515420655358492752e+01
4.517484998303241639e+01
4.519549341247990526e+01
4.521613684192738702e+01
4.523678027137489011e+01
4.525742370082237187e+01
4.527806713026986074e+01
4.529871055971735672e+01
4.531935398916483848e+01
4.533999741861232735e+01
4.536064084805981622e+01
4.538128427750731220e+01
4.540192770695480107e+01
4.542257113640228283e+01
4.544321456584977881e+01
4.546385799529726768e+01
4.548450142474474944e+01
4.550514485419224542e+01
4.552578828363973429e+01
4.554643171308722316e+01
4.556707514253471203e+01
4.558771857198220090e+01
4.560836200142968977e+01
4.562900543087717864e+01
4.564964886032466751e+01
4.567029228977216349e+01
4.569093571921964525e+01
4.571157914866714123e+01
4.573222257811463010e+01
4.575286600756211186e+01
4.577350943700960073e+01
4.579415286645709671e+01
4.581479629590457847e+01
4.583543972535207445e+01
4.585608315479956332e+01
4.587672658424705219e+01
4.589737001369454106e+01
4.591801344314202993e+01
4.593865687258951880e+01
4.595930030203700767e+01
4.597994373148448943e+01
4.600058716093199251e+01
4.602123059037947428e+01
4.604187401982696315e+01
4.606251744927445912e+01
4.608316087872194089e+01
4.610380430816942976e+01
4.612444773761691863e+01
4.614509116706440750e+01
4.616573459651190348e+01
4.618637802595938524e+01
4.620702145540688122e+01
4.622766488485437009e+01
4.624830831430185185e+01
4.626895174374934783e+01
4.628959517319683670e+01
4.631023860264431846e+01
4.633088203209181444e+01
4.635152546153930331e+01
4.637216889098679218e+01
4.639281232043428105e+01
4.641345574988176992e+01
4.643409917932925879e+01
4.645474260877674766e+01
4.647538603822423653e+01
4.649602946767173250e+01
4.651667289711921427e+01
4.653731632656670314e+01
4.655795975601419912e+01
4.657860318546168088e+01
4.659924661490917686e+01
4.661989004435666573e+01
4.664053347380415460e+01
4.666117690325164347e+01
4.668182033269913234e+01
4.670246376214662121e+01
4.672310719159411008e+01
4.674375062104159184e+01
4.676439405048909492e+01
4.678503747993657669e+01
4.680568090938406556e+01
4.682632433883156153e+01
4.684696776827904330e+01
4.686761119772653217e+01
4.688825462717402104e+01
4.690889805662150991e+01
4.692954148606900588e+01
4.695018491551648765e+01
4.697082834496398362e+01
4.699147177441147250e+01
4.701211520385895426e+01
4.703275863330645024e+01
4.705340206275393911e+01
4.707404549220142087e+01
4.709468892164891685e+01
4.711533235109640572e+01
4.713597578054389459e+01
4.715661920999138346e+01
4.717726263943887233e+01
4.719790606888636120e+01
4.721854949833385007e+01
4.723919292778133894e+01
4.725983635722883491e+01
4.728047978667631668e+01
4.730112321612380555e+01
4.732176664557130152e+01
4.734241007501878329e+01
4.736305350446627216e+01
4.738369693391376813e+01
4.740434036336124990e+01
4.742498379280874587e+01
4.744562722225622764e+01
4.746627065170372362e+01
4.748691408115121249e+01
4.750755751059869425e+01
4.752820094004619023e+01
4.754884436949367910e+01
4.756948779894116086e+01
4.759013122838865684e+01
4.761077465783614571e+01
4.763141808728363458e+01
4.765206151673112345e+01
4.767270494617861232e+01
4.769334837562610119e+01
4.771399180507359006e+01
4.773463523452108603e+01
4.775527866396857490e+01
4.777592209341605667e+01
4.779656552286355264e+01
4.781720895231104151e+01
4.783785238175852328e+01
4.785849581120601925e+01
4.787913924065350812e+01
4.789978267010099700e+01
4.792042609954848587e+01
4.794106952899597474e+01
4.796171295844346361e+01
4.798235638789095248e+01
4.800299981733844135e+01
4.802364324678593732e+01
4.804428667623341909e+01
4.806493010568090796e+01
4.808557353512840393e+01
4.810621696457588570e+01
4.812686039402337457e+01
4.814750382347087054e+01
4.816814725291835231e+01
4.818879068236584828e+01
4.820943411181333005e+01
4.823007754126082602e+01
4.825072097070831489e+01
4.827136440015579666e+01
4.829200782960329263e+01
4.831265125905078150e+01
4.833329468849826327e+01
4.835393811794575925e+01
4.837458154739324812e+01
4.839522497684073699e+01
4.841586840628822586e+01
4.843651183573571473e+01
4.845715526518320360e+01
4.847779869463069247e+01
4.849844212407818134e+01
4.851908555352567731e+01
4.853972898297315908e+01
4.856037241242064795e+01
4.858101584186814392e+01
4.860165927131562569e+01
4.862230270076311456e+01
4.864294613021061053e+01
4.866358955965809230e+01
4.868423298910558827e+01
4.870487641855307714e+01
4.872551984800056601e+01
4.874616327744805488e+01
4.876680670689554375e+01
4.878745013634303263e+01
4.880809356579052150e+01
4.882873699523800326e+01
4.884938042468550634e+01
4.887002385413298811e+01
4.889066728358047698e+01
4.891131071302797295e+01
4.893195414247545472e+01
4.895259757192295069e+01
4.897324100137043246e+01
4.899388443081792843e+01
4.901452786026541730e+01
4.903517128971289907e+01
4.905581471916039504e+01
4.907645814860788391e+01
4.909710157805536568e+01
4.911774500750286165e+01
4.913838843695035052e+01
4.915903186639783939e+01
4.917967529584532826e+01
4.920031872529281713e+01
4.922096215474030600e+01
4.924160558418779488e+01
4.926224901363528375e+01
4.928289244308277972e+01
4.930353587253026149e+01
4.932417930197775036e+01
4.934482273142524633e+01
4.936546616087272810e+01
4.938610959032021697e+01
4.940675301976771294e+01
4.942739644921519471e+01
4.944803987866269068e+01
4.946868330811017955e+01
4.948932673755766842e+01
4.950997016700515729e+01
4.953061359645264616e+01
4.955125702590013503e+01
4.957190045534762390e+01
4.959254388479510567e+01
4.961318731424260875e+01
4.963383074369009051e+01
4.965447417313757938e+01
4.967511760258507536e+01
4.969576103203255713e+01
4.971640446148004600e+01
4.973704789092753487e+01
4.975769132037502374e+01
4.977833474982251971e+01
4.979897817927000148e+01
4.981962160871749745e+01
4.984026503816498632e+01
4.986090846761246809e+01
4.988155189705996406e+01
4.990219532650745293e+01
4.992283875595493470e+01
4.994348218540243067e+01
4.996412561484991954e+01
4.998476904429740841e+01
5.000541247374489728e+01
5.002605590319238615e+01
5.004669933263987502e+01
5.006734276208736389e+01
5.008798619153485276e+01
5.010862962098234874e+01
5.012927305042983050e+01
5.014991647987731938e+01
5.017055990932481535e+01
5.019120333877229712e+01
5.021184676821979309e+01
5.023249019766728196e+01
5.025313362711477083e+01
5.027377705656225970e+01
5.029442048600974147e+01
5.031506391545723744e+01
5.033570734490472631e+01
5.035635077435220808e+01
5.037699420379971116e+01
5.039763763324719292e+01
5.041828106269468179e+01
5.043892449214217066e+01
5.045956792158965953e+01
5.048021135103714840e+01
5.050085478048463727e+01
5.052149820993212614e+01
5.054214163937962212e+01
5.056278506882710388e+01
5.058342849827459986e+01
5.060407192772208873e+01
5.062471535716957050e+01
5.064535878661706647e+01
5.066600221606455534e+01
5.068664564551203711e+01
5.070728907495953308e+01
5.072793250440702195e+01
5.074857593385451082e+01
5.076921936330199969e+01
5.078986279274948856e+01
5.081050622219697743e+01
5.083114965164446630e+01
5.085179308109195517e+01
5.087243651053945115e+01
5.089307993998693291e+01
5.091372336943442178e+01
5.093436679888191776e+01
5.095501022832939952e+01
5.097565365777688839e+01
5.099629708722438437e+01
5.101694051667186613e+01
5.103758394611936211e+01
5.105822737556684388e+01
5.107887080501433985e+01
5.109951423446182872e+01
5.112015766390931049e+01
5.114080109335680646e+01
5.116144452280429533e+01
5.118208795225177710e+01
5.120273138169927307e+01
5.122337481114676194e+01
5.124401824059425081e+01
5.126466167004173968e+01
5.128530509948922855e+01
5.130594852893672453e+01
5.132659195838420629e+01
5.134723538783170227e+01
5.136787881727919114e+01
5.138852224672667290e+01
5.140916567617416177e+01
5.142980910562165775e+01
5.145045253506913951e+01
5.147109596451663549e+01
5.149173939396412436e+01
5.151238282341161323e+01
5.153302625285910210e+01
5.155366968230659097e+01
5.157431311175407984e+01
5.159495654120156871e+01
5.161559997064905758e+01
5.163624340009655356e+01
5.165688682954403532e+01
5.167753025899152419e+01
5.169817368843902017e+01
5.171881711788650193e+01
5.173946054733399080e+01
5.176010397678148678e+01
5.178074740622896854e+01
5.180139083567646452e+01
5.182203426512394628e+01
5.184267769457144226e+01
5.186332112401893113e+01
5.188396455346641289e+01
5.190460798291390887e+01
5.192525141236139774e+01
5.194589484180887951e+01
5.196653827125637548e+01
5.198718170070386435e+01
5.200782513015135322e+01
5.202846855959884209e+01
5.204911198904633096e+01
5.206975541849381983e+01
5.209039884794130870e+01
5.211104227738879757e+01
5.213168570683629355e+01
5.215232913628377531e+01
5.217297256573126418e+01
5.219361599517876016e+01
5.221425942462624192e+01
5.223490285407373079e+01
5.225554628352122677e+01
5.227618971296870853e+01
5.229683314241620451e+01
5.231747657186369338e+01
5.233812000131118225e+01
5.235876343075867112e+01
5.237940686020615288e+01
5.240005028965364886e+01
5.242069371910113773e+01
5.244133714854862660e+01
5.246198057799612258e+01
5.248262400744360434e+01
5.250326743689109321e+01
5.252391086633858208e+01
5.254455429578607095e+01
5.256519772523356693e+01
5.258584115468104869e+01
5.260648458412854467e+01
5.262712801357603354e+01
5.264777144302351530e+01
5.266841487247101128e+01
5.268905830191850015e+01
5.270970173136598191e+01
5.273034516081347789e+01
5.275098859026096676e+01
5.277163201970845563e+01
5.279227544915594450e+01
5.281291887860343337e+01
5.283356230805092224e+01
5.285420573749841111e+01
5.287484916694589998e+01
5.289549259639339596e+01
5.291613602584087772e+01
5.293677945528836659e+01
5.295742288473586257e+01
5.297806631418334433e+01
5.299870974363084031e+01
5.301935317307832918e+01
5.303999660252581094e+01
5.306064003197330692e+01
5.308128346142079579e+01
5.310192689086827755e+01
5.312257032031577353e+01
5.314321374976325529e+01
5.316385717921075837e+01
5.318450060865824014e+01
5.320514403810572190e+01
5.322578746755322499e+01
5.324643089700070675e+01
5.326707432644818851e+01
5.328771775589568449e+01
5.330836118534317336e+01
5.332900461479066934e+01
5.334964804423815110e+01
5.337029147368563997e+01
5.339093490313313595e+01
5.341157833258061771e+01
5.343222176202810658e+01
5.345286519147560256e+01
5.347350862092308432e+01
5.349415205037058030e+01
5.351479547981806917e+01
5.353543890926555093e+01
5.355608233871304691e+01
5.357672576816053578e+01
5.359736919760803175e+01
5.361801262705551352e+01
5.363865605650300239e+01
5.365929948595049837e+01
5.367994291539798013e+01
5.370058634484546900e+01
5.372122977429296498e+01
5.374187320374044674e+01
5.376251663318794272e+01
5.378316006263543159e+01
5.380380349208291335e+01
5.382444692153040933e+01
5.384509035097789820e+01
5.386573378042537996e+01
5.388637720987287594e+01
5.390702063932035770e+01
5.392766406876786078e+01
5.394830749821534255e+01
5.396895092766282431e+01
5.398959435711032739e+01
5.401023778655780916e+01
5.403088121600529092e+01
5.405152464545278690e+01
5.407216807490027577e+01
5.409281150434777174e+01
5.411345493379525351e+01
5.413409836324274238e+01
5.415474179269023836e+01
5.417538522213772012e+01
5.419602865158520899e+01
5.421667208103270497e+01
5.423731551048018673e+01
5.425795893992768271e+01
5.427860236937517158e+01
5.429924579882265334e+01
5.431988922827014932e+01
5.434053265771763819e+01
5.436117608716511995e+01
5.438181951661261593e+01
5.440246294606010480e+01
5.442310637550760077e+01
5.444374980495508254e+01
5.446439323440257141e+01
5.448503666385006738e+01
5.450568009329754915e+01
5.452632352274503091e+01
5.454696695219253400e+01
5.456761038164001576e+01
5.458825381108751174e+01
5.460889724053500061e+01
5.462954066998248237e+01
5.465018409942997835e+01
5.467082752887746011e+01
5.469147095832494898e+01
5.471211438777244496e+01
5.473275781721992672e+01
5.475340124666742980e+01
5.477404467611491157e+01
5.479468810556239333e+01
5.481533153500988931e+01
5.483597496445737818e+01
5.485661839390487415e+01
5.487726182335235592e+01
5.489790525279984479e+01
5.491854868224734076e+01
5.493919211169482253e+01
5.495983554114231140e+01
5.498047897058980737e+01
5.500112240003728914e+01
5.502176582948478512e+01
5.504240925893227399e+01
5.506305268837975575e+01
5.508369611782725173e+01
5.510433954727474060e+01
5.512498297672222236e+01
5.514562640616971834e+01
5.516626983561720721e+01
5.518691326506470318e+01
5.520755669451218495e+01
5.522820012395966671e+01
5.524884355340716979e+01
5.526948698285465156e+01
5.529013041230213332e+01
5.531077384174963640e+01
5.533141727119711817e+01
5.535206070064461414e+01
5.537270413009209591e+01
5.539334755953958478e+01
5.541399098898708075e+01
5.543463441843456252e+01
5.545527784788205139e+01
5.547592127732954737e+01
5.549656470677702913e+01
5.551720813622452511e+01
5.553785156567201398e+01
5.555849499511949574e+01
5.557913842456699172e+01
5.559978185401448059e+01
5.562042528346196235e+01
5.564106871290945833e+01
5.566171214235694720e+01
5.568235557180444317e+01
5.570299900125192494e+01
5.572364243069941381e+01
5.574428586014690978e+01
5.576492928959439155e+01
5.578557271904188042e+01
5.580621614848937639e+01
5.582685957793685816e+01
5.584750300738435413e+01
5.586814643683184300e+01
5.588878986627932477e+01
5.590943329572682075e+01
5.593007672517430962e+01
5.595072015462180559e+01
5.597136358406928736e+01
5.599200701351676912e+01
5.601265044296427220e+01
5.603329387241175397e+01
5.605393730185923573e+01
5.607458073130673881e+01
5.609522416075422058e+01
5.611586759020171655e+01
5.613651101964919832e+01
5.615715444909668719e+01
5.617779787854418316e+01
5.619844130799166493e+01
5.621908473743915380e+01
5.623972816688664977e+01
5.626037159633413154e+01
5.628101502578162751e+01
5.630165845522911638e+01
5.632230188467659815e+01
5.634294531412409412e+01
5.636358874357158300e+01
5.638423217301906476e+01
5.640487560246656074e+01
5.642551903191404961e+01
5.644616246136154558e+01
5.646680589080902735e+01
5.648744932025651622e+01
5.650809274970401219e+01
5.652873617915149396e+01
5.654937960859898283e+01
5.657002303804647880e+01
5.659066646749396057e+01
5.661130989694145654e+01
5.663195332638894541e+01
5.665259675583642718e+01
5.667324018528392315e+01
5.669388361473141202e+01
5.671452704417889379e+01
5.673517047362638976e+01
5.675581390307387153e+01
5.677645733252137461e+01
5.679710076196885638e+01
5.681774419141633814e+01
5.683838762086384122e+01
5.685903105031132299e+01
5.687967447975880475e+01
5.690031790920630073e+01
5.692096133865378960e+01
5.694160476810128557e+01
5.696224819754876734e+01
5.698289162699625621e+01
5.700353505644375218e+01
5.702417848589123395e+01
5.704482191533872282e+01
5.706546534478621879e+01
5.708610877423370056e+01
5.710675220368119653e+01
5.712739563312868540e+01
5.714803906257616717e+01
5.716868249202366314e+01
5.718932592147115201e+01
5.720996935091864799e+01
5.723061278036612975e+01
5.725125620981361863e+01
5.727189963926111460e+01
5.729254306870859637e+01
5.731318649815607813e+01
5.733382992760358121e+01
5.735447335705106298e+01
5.737511678649855895e+01
5.739576021594604782e+01
5.741640364539352959e+01
5.743704707484102556e+01
5.745769050428850733e+01
5.747833393373599620e+01
5.749897736318349217e+01
5.751962079263097394e+01
5.754026422207847702e+01
5.756090765152595878e+01
5.758155108097344055e+01
5.760219451042094363e+01
5.762283793986842539e+01
5.764348136931590716e+01
5.766412479876340313e+01
5.768476822821089200e+01
5.770541165765838798e+01
5.772605508710586975e+01
5.774669851655335862e+01
5.776734194600085459e+01
5.778798537544833636e+01
5.780862880489582523e+01
5.782927223434332120e+01
5.784991566379080297e+01
5.787055909323829894e+01
5.789120252268578781e+01
5.791184595213326958e+01
5.793248938158076555e+01
5.795313281102825442e+01
5.797377624047573619e+01
5.799441966992323216e+01
5.801506309937072103e+01
5.803570652881821701e+01
5.805634995826569877e+01
5.807699338771318054e+01
5.809763681716068362e+01
5.811828024660816538e+01
5.813892367605564715e+01
5.815956710550315023e+01
5.818021053495063200e+01
5.820085396439812797e+01
5.822149739384560974e+01
5.824214082329309861e+01
5.826278425274059458e+01
5.828342768218807635e+01
5.830407111163557943e+01
5.832471454108306119e+01
5.834535797053054296e+01
5.836600139997803893e+01
5.838664482942552780e+01
5.840728825887300957e+01
5.842793168832050554e+01
5.844857511776799441e+01
5.846921854721549039e+01
5.848986197666297215e+01
5.851050540611046102e+01
5.853114883555795700e+01
5.855179226500543876e+01
5.857243569445292763e+01
5.859307912390042361e+01
5.861372255334790538e+01
5.863436598279540135e+01
5.865500941224289022e+01
5.867565284169037199e+01
5.869629627113786796e+01
5.871693970058535683e+01
5.873758313003283860e+01
5.875822655948033457e+01
5.877886998892782344e+01
5.879951341837531942e+01
5.882015684782280118e+01
5.884080027727028295e+01
5.886144370671778603e+01
5.888208713616526779e+01
5.890273056561274956e+01
5.892337399506025264e+01
5.894401742450773440e+01
5.896466085395523038e+01
5.898530428340271214e+01
5.900594771285020101e+01
5.902659114229769699e+01
5.904723457174517876e+01
5.906787800119266763e+01
5.908852143064016360e+01
5.910916486008764537e+01
5.912980828953514134e+01
5.915045171898263021e+01
5.917109514843011198e+01
5.919173857787760795e+01
5.921238200732509682e+01
5.923302543677257859e+01
5.925366886622007456e+01
5.927431229566756343e+01
5.929495572511505941e+01
5.931559915456254117e+01
5.933624258401003004e+01
5.935688601345752602e+01
5.937752944290500778e+01
5.939817287235249665e+01
5.941881630179999263e+01
5.943945973124747439e+01
5.946010316069497037e+01
5.948074659014245924e+01
5.950139001958994101e+01
5.952203344903743698e+01
5.954267687848492585e+01
5.956332030793242183e+01
5.958396373737990359e+01
5.960460716682738536e+01
5.962525059627488844e+01
5.964589402572237020e+01
5.966653745516985197e+01
5.968718088461735505e+01
5.970782431406483681e+01
5.972846774351233279e+01
5.974911117295981455e+01
5.976975460240730342e+01
5.979039803185479940e+01
5.981104146130228116e+01
5.983168489074977003e+01
5.985232832019726601e+01
5.987297174964474777e+01
5.989361517909224375e+01
5.991425860853973262e+01
5.993490203798721438e+01
5.995554546743471036e+01
5.997618889688219923e+01
5.999683232632968100e+01
6.001747575577717697e+01
6.003811918522466584e+01
6.005876261467216182e+01
6.007940604411964358e+01
6.010004947356713245e+01
6.012069290301462843e+01
6.014133633246211019e+01
6.016197976190959196e+01
6.018262319135709504e+01
6.020326662080457680e+01
6.022391005025207278e+01
6.024455347969956165e+01
6.026519690914704341e+01
6.028584033859453939e+01
6.030648376804202115e+01
6.032712719748951002e+01
6.034777062693700600e+01
6.036841405638448776e+01
6.038905748583199085e+01
6.040970091527947261e+01
6.043034434472695438e+01
6.045098777417445035e+01
6.047163120362193922e+01
6.049227463306942099e+01
6.051291806251691696e+01
6.053356149196440583e+01
6.055420492141190181e+01
6.057484835085938357e+01
6.059549178030687244e+01
6.061613520975436842e+01
6.063677863920185018e+01
6.065742206864934616e+01
6.067806549809683503e+01
6.069870892754431679e+01
6.071935235699181277e+01
6.073999578643930164e+01
6.076063921588678340e+01
6.078128264533427938e+01
6.080192607478176825e+01
6.082256950422926423e+01
6.084321293367674599e+01
6.086385636312423486e+01
6.088449979257173084e+01
6.090514322201921260e+01
6.092578665146669437e+01
6.094643008091419745e+01
6.096707351036167921e+01
6.098771693980917519e+01
6.100836036925666406e+01
6.102900379870414582e+01
6.104964722815164180e+01
6.107029065759912356e+01
6.109093408704661243e+01
6.111157751649410841e+01
6.113222094594159017e+01
6.115286437538909325e+01
6.117350780483657502e+01
6.119415123428405678e+01
6.121479466373155276e+01
6.123543809317904163e+01
6.125608152262652339e+01
6.127672495207401937e+01
6.129736838152150824e+01
6.131801181096900422e+01
6.133865524041648598e+01
6.135929866986397485e+01
6.137994209931147083e+01
6.140058552875895259e+01
6.142122895820644146e+01
6.144187238765393744e+01
6.146251581710141920e+01
6.148315924654891518e+01
6.150380267599640405e+01
6.152444610544388581e+01
6.154508953489138179e+01
6.156573296433887066e+01
6.158637639378635242e+01
6.160701982323384840e+01
6.162766325268133727e+01
6.164830668212883324e+01
6.166895011157631501e+01
6.168959354102379677e+01
6.171023697047129986e+01
6.173088039991878162e+01
6.175152382936626339e+01
6.177216725881376647e+01
6.179281068826124823e+01
6.181345411770874421e+01
6.183409754715622597e+01
6.185474097660371484e+01
6.187538440605121082e+01
6.189602783549869258e+01
6.191667126494619566e+01
6.193731469439367743e+01
6.195795812384115919e+01
6.197860155328865517e+01
6.199924498273614404e+01
6.201988841218362580e+01
6.204053184163112178e+01
6.206117527107861065e+01
6.208181870052610662e+01
6.210246212997358839e+01
6.212310555942107726e+01
6.214374898886857324e+01
6.216439241831605500e+01
6.218503584776354387e+01
6.220567927721103985e+01
6.222632270665852161e+01
6.224696613610601759e+01
6.226760956555350646e+01
6.228825299500098822e+01
6.230889642444848420e+01
6.232953985389597307e+01
6.235018328334345483e+01
6.237082671279095081e+01
6.239147014223843968e+01
6.241211357168593565e+01
6.243275700113341742e+01
6.245340043058089918e+01
6.247404386002840226e+01
6.249468728947588403e+01
6.251533071892336579e+01
6.253597414837086887e+01
6.255661757781835064e+01
6.257726100726584662e+01
6.259790443671332838e+01
6.261854786616081725e+01
6.263919129560831323e+01
6.265983472505579499e+01
6.268047815450328386e+01
6.270112158395077984e+01
6.272176501339826160e+01
6.274240844284575758e+01
6.276305187229324645e+01
6.278369530174072821e+01
6.280433873118822419e+01
6.282498216063571306e+01
6.284562559008319482e+01
6.286626901953069080e+01
6.288691244897817967e+01
6.290755587842567564e+01
6.292819930787315741e+01
6.294884273732064628e+01
6.296948616676814225e+01
6.299012959621562402e+01
6.301077302566311999e+01
6.303141645511060887e+01
6.305205988455809063e+01
6.307270331400558661e+01
6.309334674345307548e+01
6.311399017290055724e+01
6.313463360234805322e+01
6.315527703179553498e+01
6.317592046124303806e+01
6.319656389069051983e+01
6.321720732013800159e+01
6.323785074958550467e+01
6.325849417903298644e+01
6.327913760848046820e+01
6.329978103792796418e+01
6.332042446737545305e+01
6.334106789682294902e+01
6.336171132627043079e+01
6.338235475571791966e+01
6.340299818516541563e+01
6.342364161461289740e+01
6.344428504406038627e+01
6.346492847350788225e+01
6.348557190295536401e+01
6.350621533240285999e+01
6.352685876185034886e+01
6.354750219129783062e+01
6.356814562074532660e+01
6.358878905019281547e+01
6.360943247964029723e+01
6.363007590908779321e+01
6.365071933853528208e+01
6.367136276798277805e+01
6.369200619743025982e+01
6.371264962687774869e+01
6.373329305632524466e+01
6.375393648577272643e+01
6.377457991522020819e+01
6.379522334466771127e+01
6.381586677411519304e+01
6.383651020356268901e+01
6.385715363301017788e+01
6.387779706245765965e+01
6.389844049190515562e+01
6.391908392135263739e+01
6.393972735080012626e+01
6.396037078024762224e+01
6.398101420969510400e+01
6.400165763914260708e+01
6.402230106859008174e+01
6.404294449803757061e+01
6.406358792748507369e+01
6.408423135693254835e+01
6.410487478638003722e+01
6.412551821582754030e+01
6.414616164527501496e+01
6.416680507472251804e+01
6.418744850417000691e+01
6.420809193361748157e+01
6.422873536306498465e+01
6.424937879251247352e+01
6.427002222195996239e+01
6.429066565140745126e+01
6.431130908085494013e+01
6.433195251030242900e+01
6.435259593974991787e+01
6.437323936919740675e+01
6.439388279864489562e+01
6.441452622809238449e+01
6.443516965753987336e+01
6.445581308698736223e+01
6.447645651643485110e+01
6.449709994588233997e+01
6.451774337532982884e+01
6.453838680477731771e+01
6.455903023422480658e+01
6.457967366367229545e+01
6.460031709311979853e+01
6.462096052256727319e+01
6.464160395201476206e+01
6.466224738146226514e+01
6.468289081090973980e+01
6.470353424035722867e+01
6.472417766980471754e+01
6.474482109925220641e+01
6.476546452869970949e+01
6.478610795814718415e+01
6.480675138759467302e+01
6.482739481704217610e+01
6.484803824648965076e+01
6.486868167593713963e+01
6.488932510538464271e+01
6.490996853483211737e+01
6.493061196427962045e+01
6.495125539372710932e+01
6.497189882317458398e+01
6.499254225262208706e+01
6.501318568206957593e+01
6.503382911151705059e+01
6.505447254096455367e+01
6.507511597041204254e+01
6.509575939985953141e+01
6.511640282930702028e+01
6.513704625875450915e+01
6.515768968820199802e+01
6.517833311764948689e+01
6.519897654709696155e+01
6.521961997654446463e+01
6.524026340599195350e+01
6.526090683543944237e+01
6.528155026488693125e+01
6.530219369433442012e+01
6.532283712378190899e+01
6.534348055322939786e+01
6.536412398267690094e+01
6.538476741212437560e+01
6.540541084157186447e+01
6.542605427101936755e+01
6.544669770046684221e+01
6.546734112991433108e+01
6.548798455936181995e+01
