1.447625881982517448e+01
1.448670739849182887e+01
1.449715597715848681e+01
1.450760455582514119e+01
1.451805313449179913e+01
1.452850171315845351e+01
1.453895029182510967e+01
1.454939887049176406e+01
1.455984744915842199e+01
1.457029602782507638e+01
1.458074460649173432e+01
1.459119318515838870e+01
1.460164176382504486e+01
1.461209034249169925e+01
1.462253892115835718e+01
1.463298749982501157e+01
1.464343607849166951e+01
1.465388465715832389e+01
1.466433323582498183e+01
1.467478181449163621e+01
1.468523039315829237e+01
1.469567897182494676e+01
1.470612755049160469e+01
1.471657612915825908e+01
1.472702470782491702e+01
1.473747328649157140e+01
1.474792186515822934e+01
1.475837044382488372e+01
1.476881902249153988e+01
1.477926760115819427e+01
1.478971617982485220e+01
1.480016475849150659e+01
1.481061333715816453e+01
1.482106191582481891e+01
1.483151049449147507e+01
1.484195907315812946e+01
1.485240765182478739e+01
1.486285623049144178e+01
1.487330480915809972e+01
1.488375338782475410e+01
1.489420196649141204e+01
1.490465054515806642e+01
1.491509912382472258e+01
1.492554770249137697e+01
1.493599628115803490e+01
1.494644485982468929e+01
1.495689343849134723e+01
1.496734201715800161e+01
1.497779059582465777e+01
1.498823917449131216e+01
1.499868775315797009e+01
1.500913633182462448e+01
1.501958491049128241e+01
1.503003348915793680e+01
1.504048206782459474e+01
1.505093064649124912e+01
1.506137922515790351e+01
1.507182780382455967e+01
1.508227638249121405e+01
1.509272496115787199e+01
1.510317353982452637e+01
1.511362211849118431e+01
1.512407069715783869e+01
1.513451927582449663e+01
1.514496785449114924e+01
1.515541643315780718e+01
1.516586501182446156e+01
1.517631359049111950e+01
1.518676216915777388e+01
1.519721074782443182e+01
1.520765932649108620e+01
1.521810790515774237e+01
1.522855648382439675e+01
1.523900506249105469e+01
1.524945364115770907e+01
1.525990221982436701e+01
1.527035079849102139e+01
1.528079937715767933e+01
1.529124795582433372e+01
1.530169653449098988e+01
1.531214511315764426e+01
1.532259369182430220e+01
1.533304227049095658e+01
1.534349084915761452e+01
1.535393942782426890e+01
1.536438800649092506e+01
1.537483658515757945e+01
1.538528516382423739e+01
1.539573374249089177e+01
1.540618232115754971e+01
1.541663089982420409e+01
1.542707947849086203e+01
1.543752805715751641e+01
1.544797663582417258e+01
1.545842521449082696e+01
1.546887379315748490e+01
1.547932237182413928e+01
1.548977095049079722e+01
1.550021952915745160e+01
1.551066810782410954e+01
1.552111668649076215e+01
1.553156526515742009e+01
1.554201384382407447e+01
1.555246242249073241e+01
1.556291100115738679e+01
1.557335957982404118e+01
1.558380815849069911e+01
1.559425673715735527e+01
1.560470531582400966e+01
1.561515389449066404e+01
1.562560247315732198e+01
1.563605105182397992e+01
1.564649963049063430e+01
1.565694820915728869e+01
1.566739678782394662e+01
1.567784536649059923e+01
1.568829394515725717e+01
1.569874252382391155e+01
1.570919110249056949e+01
1.571963968115722388e+01
1.573008825982388181e+01
1.574053683849053620e+01
1.575098541715719236e+01
1.576143399582384674e+01
1.577188257449050468e+01
1.578233115315715906e+01
1.579277973182381700e+01
1.580322831049047139e+01
1.581367688915712932e+01
1.582412546782378371e+01
1.583457404649043987e+01
1.584502262515709425e+01
1.585547120382375219e+01
1.586591978249040658e+01
1.587636836115706451e+01
1.588681693982371890e+01
1.589726551849037506e+01
1.590771409715702944e+01
1.591816267582368738e+01
1.592861125449034176e+01
1.593905983315699970e+01
1.594950841182365409e+01
1.595995699049031202e+01
1.597040556915696641e+01
1.598085414782362257e+01
1.599130272649027695e+01
1.600175130515693667e+01
1.601219988382359105e+01
1.602264846249024544e+01
1.603309704115689982e+01
1.604354561982355776e+01
1.605399419849021214e+01
1.606444277715687008e+01
1.607489135582352446e+01
1.608533993449018240e+01
1.609578851315683679e+01
1.610623709182349472e+01
1.611668567049014911e+01
1.612713424915680704e+01
1.613758282782346143e+01
1.614803140649011937e+01
1.615847998515677375e+01
1.616892856382342814e+01
1.617937714249008252e+01
1.618982572115674046e+01
1.620027429982339484e+01
1.621072287849004923e+01
1.622117145715670716e+01
1.623162003582336155e+01
1.624206861449001948e+01
1.625251719315667387e+01
1.626296577182333181e+01
1.627341435048998619e+01
1.628386292915664413e+01
1.629431150782329851e+01
1.630476008648995645e+01
1.631520866515661083e+01
1.632565724382326522e+01
1.633610582248991960e+01
1.634655440115657754e+01
1.635700297982323193e+01
1.636745155848988986e+01
1.637790013715654425e+01
1.638834871582320218e+01
1.639879729448985657e+01
1.640924587315651451e+01
1.641969445182316889e+01
1.643014303048982683e+01
1.644059160915648121e+01
1.645104018782313915e+01
1.646148876648979353e+01
1.647193734515644792e+01
1.648238592382310230e+01
1.649283450248976024e+01
1.650328308115641462e+01
1.651373165982307256e+01
1.652418023848972695e+01
1.653462881715638488e+01
1.654507739582303927e+01
1.655552597448969721e+01
1.656597455315635159e+01
1.657642313182300953e+01
1.658687171048966391e+01
1.659732028915632185e+01
1.660776886782297623e+01
1.661821744648963417e+01
1.662866602515628500e+01
1.663911460382294294e+01
1.664956318248959732e+01
1.666001176115625526e+01
1.667046033982290965e+01
1.668090891848956403e+01
1.669135749715622197e+01
1.670180607582287990e+01
1.671225465448953429e+01
1.672270323315618867e+01
1.673315181182284661e+01
1.674360039048950455e+01
1.675404896915615893e+01
1.676449754782281332e+01
1.677494612648947125e+01
1.678539470515612564e+01
1.679584328382278002e+01
1.680629186248943441e+01
1.681674044115609234e+01
1.682718901982274673e+01
1.683763759848940467e+01
1.684808617715605905e+01
1.685853475582271699e+01
1.686898333448937137e+01
1.687943191315602931e+01
1.688988049182268369e+01
1.690032907048934163e+01
1.691077764915599602e+01
1.692122622782265395e+01
1.693167480648930834e+01
1.694212338515596272e+01
1.695257196382261711e+01
1.696302054248927504e+01
1.697346912115592943e+01
1.698391769982258737e+01
1.699436627848924175e+01
1.700481485715589969e+01
1.701526343582255407e+01
1.702571201448921201e+01
1.703616059315586639e+01
1.704660917182252433e+01
1.705705775048917872e+01
1.706750632915583665e+01
1.707795490782249104e+01
1.708840348648914542e+01
1.709885206515579981e+01
1.710930064382245774e+01
1.711974922248911213e+01
1.713019780115577007e+01
1.714064637982242445e+01
1.715109495848908239e+01
1.716154353715573677e+01
1.717199211582239471e+01
1.718244069448904909e+01
1.719288927315570703e+01
1.720333785182236142e+01
1.721378643048901935e+01
1.722423500915567374e+01
1.723468358782232812e+01
1.724513216648898251e+01
1.725558074515564044e+01
1.726602932382229483e+01
1.727647790248894921e+01
1.728692648115560715e+01
1.729737505982226509e+01
1.730782363848891947e+01
1.731827221715557386e+01
1.732872079582223179e+01
1.733916937448888973e+01
1.734961795315554411e+01
1.736006653182219850e+01
1.737051511048885644e+01
1.738096368915551082e+01
1.739141226782216521e+01
1.740186084648881959e+01
1.741230942515547753e+01
1.742275800382213191e+01
1.743320658248878985e+01
1.744365516115544423e+01
1.745410373982210217e+01
1.746455231848875655e+01
1.747500089715541449e+01
1.748544947582206888e+01
1.749589805448872681e+01
1.750634663315538120e+01
1.751679521182203914e+01
1.752724379048869352e+01
1.753769236915534790e+01
1.754814094782200229e+01
1.755858952648866023e+01
1.756903810515531461e+01
1.757948668382197255e+01
1.758993526248862693e+01
1.760038384115528487e+01
1.761083241982193925e+01
1.762128099848859719e+01
1.763172957715525158e+01
1.764217815582190951e+01
1.765262673448856390e+01
1.766307531315522183e+01
1.767352389182187622e+01
1.768397247048853416e+01
1.769442104915518854e+01
1.770486962782184293e+01
1.771531820648849731e+01
1.772576678515515525e+01
1.773621536382180963e+01
1.774666394248846757e+01
1.775711252115512195e+01
1.776756109982177989e+01
1.777800967848843428e+01
1.778845825715508866e+01
1.779890683582174660e+01
1.780935541448840453e+01
1.781980399315505892e+01
1.783025257182171330e+01
1.784070115048837124e+01
1.785114972915502563e+01
1.786159830782168001e+01
1.787204688648833439e+01
1.788249546515499233e+01
1.789294404382165027e+01
1.790339262248830465e+01
1.791384120115495904e+01
1.792428977982161697e+01
1.793473835848827136e+01
1.794518693715492930e+01
1.795563551582158368e+01
1.796608409448824162e+01
1.797653267315489600e+01
1.798698125182155394e+01
1.799742983048820832e+01
1.800787840915486271e+01
1.801832698782151709e+01
1.802877556648817503e+01
1.803922414515482942e+01
1.804967272382148735e+01
1.806012130248814174e+01
1.807056988115479967e+01
1.808101845982145406e+01
1.809146703848811200e+01
1.810191561715476638e+01
1.811236419582142432e+01
1.812281277448807870e+01
1.813326135315473664e+01
1.814370993182139102e+01
1.815415851048804541e+01
1.816460708915469979e+01
1.817505566782135773e+01
1.818550424648801211e+01
1.819595282515467005e+01
1.820640140382132444e+01
1.821684998248798237e+01
1.822729856115463676e+01
1.823774713982129470e+01
1.824819571848794908e+01
1.825864429715460702e+01
1.826909287582126140e+01
1.827954145448791934e+01
1.828999003315457372e+01
1.830043861182122811e+01
1.831088719048788249e+01
1.832133576915454043e+01
1.833178434782119481e+01
1.834223292648784920e+01
1.835268150515450714e+01
1.836313008382116507e+01
1.837357866248781946e+01
1.838402724115447384e+01
1.839447581982113178e+01
1.840492439848778972e+01
1.841537297715444410e+01
1.842582155582109849e+01
1.843627013448775642e+01
1.844671871315441436e+01
1.845716729182106519e+01
1.846761587048771958e+01
1.847806444915437751e+01
1.848851302782103545e+01
1.849896160648768983e+01
1.850941018515434422e+01
1.851985876382100216e+01
1.853030734248766009e+01
1.854075592115431448e+01
1.855120449982096886e+01
1.856165307848762680e+01
1.857210165715428118e+01
1.858255023582093912e+01
1.859299881448759351e+01
1.860344739315425144e+01
1.861389597182090583e+01
1.862434455048756021e+01
1.863479312915421460e+01
1.864524170782087253e+01
1.865569028648752692e+01
1.866613886515418486e+01
1.867658744382083924e+01
1.868703602248749718e+01
1.869748460115415156e+01
1.870793317982080950e+01
1.871838175848746388e+01
1.872883033715412182e+01
1.873927891582077621e+01
1.874972749448743414e+01
1.876017607315408853e+01
1.877062465182074291e+01
1.878107323048739730e+01
1.879152180915405523e+01
1.880197038782070962e+01
1.881241896648736756e+01
1.882286754515402194e+01
1.883331612382067988e+01
1.884376470248733426e+01
1.885421328115398865e+01
1.886466185982064658e+01
1.887511043848730452e+01
1.888555901715395891e+01
1.889600759582061329e+01
1.890645617448727123e+01
1.891690475315392561e+01
1.892735333182058000e+01
1.893780191048723438e+01
1.894825048915389232e+01
1.895869906782055025e+01
1.896914764648720464e+01
1.897959622515385902e+01
1.899004480382051696e+01
1.900049338248717490e+01
1.901094196115382928e+01
1.902139053982048367e+01
1.903183911848714160e+01
1.904228769715379954e+01
1.905273627582045393e+01
1.906318485448710831e+01
1.907363343315376270e+01
1.908408201182042063e+01
1.909453059048707502e+01
1.910497916915372940e+01
1.911542774782038734e+01
1.912587632648704172e+01
1.913632490515369966e+01
1.914677348382035404e+01
1.915722206248701198e+01
1.916767064115366637e+01
1.917811921982032430e+01
1.918856779848697869e+01
1.919901637715363663e+01
1.920946495582029101e+01
1.921991353448694539e+01
1.923036211315359978e+01
1.924081069182025772e+01
1.925125927048691210e+01
1.926170784915357004e+01
1.927215642782022442e+01
1.928260500648688236e+01
1.929305358515353674e+01
1.930350216382019468e+01
1.931395074248684907e+01
1.932439932115350700e+01
1.933484789982016139e+01
1.934529647848681932e+01
1.935574505715347371e+01
1.936619363582013165e+01
1.937664221448678248e+01
1.938709079315344042e+01
1.939753937182009480e+01
1.940798795048674918e+01
1.941843652915340712e+01
1.942888510782006506e+01
1.943933368648671944e+01
1.944978226515337383e+01
1.946023084382003177e+01
1.947067942248668970e+01
1.948112800115334409e+01
1.949157657981999847e+01
1.950202515848665641e+01
1.951247373715331435e+01
1.952292231581996873e+01
1.953337089448662311e+01
1.954381947315327750e+01
1.955426805181993544e+01
1.956471663048658982e+01
1.957516520915324421e+01
1.958561378781990214e+01
1.959606236648656008e+01
1.960651094515321446e+01
1.961695952381986885e+01
1.962740810248652679e+01
1.963785668115318472e+01
1.964830525981983911e+01
1.965875383848649349e+01
1.966920241715315143e+01
1.967965099581980581e+01
1.969009957448646020e+01
1.970054815315311458e+01
1.971099673181977252e+01
1.972144531048642691e+01
1.973189388915308484e+01
1.974234246781973923e+01
1.975279104648639716e+01
1.976323962515305155e+01
1.977368820381970949e+01
1.978413678248636387e+01
1.979458536115302181e+01
1.980503393981967619e+01
1.981548251848633413e+01
1.982593109715298851e+01
1.983637967581964290e+01
1.984682825448629728e+01
1.985727683315295522e+01
1.986772541181960960e+01
1.987817399048626754e+01
1.988862256915292193e+01
1.989907114781957986e+01
1.990951972648623425e+01
1.991996830515289219e+01
1.993041688381954657e+01
1.994086546248620451e+01
1.995131404115285889e+01
1.996176261981951683e+01
1.997221119848617121e+01
1.998265977715282560e+01
1.999310835581947998e+01
2.000355693448613437e+01
2.001400551315279230e+01
2.002445409181945024e+01
2.003490267048610463e+01
2.004535124915275901e+01
2.005579982781941695e+01
2.006624840648607488e+01
2.007669698515272927e+01
2.008714556381938365e+01
2.009759414248604159e+01
2.010804272115269953e+01
2.011849129981935391e+01
2.012893987848600830e+01
2.013938845715266268e+01
2.014983703581932062e+01
2.016028561448597500e+01
2.017073419315262939e+01
2.018118277181928732e+01
2.019163135048594526e+01
2.020207992915259965e+01
2.021252850781925403e+01
2.022297708648591197e+01
2.023342566515256991e+01
2.024387424381922429e+01
2.025432282248587867e+01
2.026477140115253661e+01
2.027521997981919100e+01
2.028566855848584893e+01
2.029611713715249977e+01
2.030656571581915770e+01
2.031701429448581209e+01
2.032746287315247002e+01
2.033791145181912441e+01
2.034836003048578235e+01
2.035880860915243673e+01
2.036925718781909467e+01
2.037970576648574905e+01
2.039015434515240699e+01
2.040060292381906137e+01
2.041105150248571931e+01
2.042150008115237370e+01
2.043194865981903163e+01
2.044239723848568602e+01
2.045284581715234040e+01
2.046329439581899479e+01
2.047374297448565272e+01
2.048419155315230711e+01
2.049464013181896505e+01
2.050508871048561943e+01
2.051553728915227737e+01
2.052598586781893175e+01
2.053643444648558969e+01
2.054688302515224407e+01
2.055733160381889846e+01
2.056778018248555640e+01
2.057822876115221433e+01
2.058867733981886872e+01
2.059912591848552310e+01
2.060957449715217749e+01
2.062002307581883542e+01
2.063047165448548981e+01
2.064092023315214419e+01
2.065136881181880213e+01
2.066181739048546007e+01
2.067226596915211445e+01
2.068271454781876884e+01
2.069316312648542677e+01
2.070361170515208471e+01
2.071406028381873909e+01
2.072450886248539348e+01
2.073495744115205142e+01
2.074540601981870580e+01
2.075585459848536019e+01
2.076630317715201457e+01
2.077675175581867251e+01
2.078720033448533044e+01
2.079764891315198483e+01
2.080809749181863921e+01
2.081854607048529715e+01
2.082899464915195153e+01
2.083944322781860947e+01
2.084989180648526386e+01
2.086034038515192179e+01
2.087078896381857618e+01
2.088123754248523412e+01
2.089168612115188850e+01
2.090213469981854288e+01
2.091258327848519727e+01
2.092303185715185521e+01
2.093348043581850959e+01
2.094392901448516753e+01
2.095437759315182191e+01
2.096482617181847985e+01
2.097527475048513423e+01
2.098572332915179217e+01
2.099617190781844656e+01
2.100662048648510449e+01
2.101706906515175888e+01
2.102751764381841681e+01
2.103796622248507120e+01
2.104841480115172558e+01
2.105886337981837997e+01
2.106931195848503791e+01
2.107976053715169229e+01
2.109020911581835023e+01
2.110065769448500461e+01
2.111110627315165900e+01
2.112155485181831693e+01
2.113200343048497487e+01
2.114245200915162926e+01
2.115290058781828364e+01
2.116334916648494158e+01
2.117379774515159951e+01
2.118424632381825390e+01
2.119469490248490828e+01
2.120514348115156267e+01
2.121559205981822060e+01
2.122604063848487499e+01
2.123648921715152937e+01
2.124693779581818731e+01
2.125738637448484525e+01
2.126783495315149963e+01
2.127828353181815402e+01
2.128873211048481195e+01
2.129918068915146989e+01
2.130962926781812428e+01
2.132007784648477866e+01
2.133052642515143660e+01
2.134097500381809454e+01
2.135142358248474892e+01
2.136187216115140330e+01
2.137232073981805769e+01
2.138276931848471207e+01
2.139321789715137001e+01
2.140366647581802440e+01
2.141411505448468233e+01
2.142456363315133672e+01
2.143501221181799465e+01
2.144546079048464904e+01
2.145590936915130698e+01
2.146635794781796136e+01
2.147680652648461930e+01
2.148725510515127368e+01
2.149770368381793162e+01
2.150815226248458600e+01
2.151860084115124039e+01
2.152904941981789477e+01
2.153949799848455271e+01
2.154994657715120709e+01
2.156039515581786503e+01
2.157084373448451942e+01
2.158129231315117735e+01
2.159174089181783174e+01
2.160218947048448968e+01
2.161263804915114406e+01
2.162308662781780200e+01
2.163353520648445638e+01
2.164398378515111432e+01
2.165443236381776870e+01
2.166488094248442309e+01
2.167532952115107747e+01
2.168577809981773541e+01
2.169622667848438979e+01
2.170667525715104418e+01
2.171712383581770212e+01
2.172757241448436005e+01
2.173802099315101444e+01
2.174846957181766882e+01
2.175891815048432676e+01
2.176936672915098470e+01
2.177981530781763908e+01
2.179026388648429347e+01
2.180071246515095140e+01
2.181116104381760579e+01
2.182160962248426017e+01
2.183205820115091456e+01
2.184250677981757249e+01
2.185295535848423043e+01
2.186340393715088481e+01
2.187385251581753920e+01
2.188430109448419714e+01
2.189474967315085507e+01
2.190519825181750946e+01
2.191564683048416384e+01
2.192609540915082178e+01
2.193654398781747972e+01
2.194699256648413410e+01
2.195744114515078849e+01
2.196788972381744287e+01
2.197833830248410081e+01
2.198878688115075519e+01
2.199923545981740958e+01
2.200968403848406751e+01
2.202013261715072545e+01
2.203058119581737984e+01
2.204102977448403422e+01
2.205147835315069216e+01
2.206192693181735009e+01
2.207237551048400448e+01
2.208282408915065886e+01
2.209327266781731325e+01
2.210372124648397119e+01
2.211416982515062912e+01
2.212461840381727995e+01
2.213506698248393434e+01
2.214551556115059228e+01
2.215596413981725021e+01
2.216641271848390460e+01
2.217686129715055898e+01
2.218730987581721692e+01
2.219775845448387486e+01
2.220820703315052924e+01
2.221865561181718363e+01
2.222910419048384156e+01
2.223955276915049950e+01
2.225000134781715388e+01
2.226044992648380827e+01
2.227089850515046621e+01
2.228134708381712059e+01
2.229179566248377498e+01
2.230224424115042936e+01
2.231269281981708730e+01
2.232314139848374523e+01
2.233358997715039962e+01
2.234403855581705400e+01
2.235448713448371194e+01
2.236493571315036988e+01
2.237538429181702426e+01
2.238583287048367865e+01
2.239628144915033658e+01
2.240673002781699452e+01
2.241717860648364891e+01
2.242762718515030329e+01
2.243807576381695768e+01
2.244852434248361561e+01
2.245897292115027000e+01
2.246942149981692438e+01
2.247987007848358232e+01
2.249031865715024026e+01
2.250076723581689464e+01
2.251121581448354902e+01
2.252166439315020696e+01
2.253211297181686490e+01
2.254256155048351928e+01
2.255301012915017367e+01
2.256345870781683161e+01
2.257390728648348599e+01
2.258435586515014037e+01
2.259480444381679476e+01
2.260525302248345270e+01
2.261570160115011063e+01
2.262615017981676502e+01
2.263659875848341940e+01
2.264704733715007379e+01
2.265749591581673172e+01
2.266794449448338966e+01
2.267839307315004405e+01
2.268884165181669843e+01
2.269929023048335637e+01
2.270973880915001430e+01
2.272018738781666869e+01
2.273063596648332307e+01
2.274108454514997746e+01
2.275153312381663540e+01
2.276198170248328978e+01
2.277243028114994416e+01
2.278287885981660210e+01
2.279332743848326004e+01
2.280377601714991442e+01
2.281422459581656881e+01
2.282467317448322675e+01
2.283512175314988468e+01
2.284557033181653907e+01
2.285601891048319345e+01
2.286646748914985139e+01
2.287691606781650577e+01
2.288736464648316016e+01
2.289781322514981454e+01
2.290826180381647248e+01
2.291871038248313042e+01
2.292915896114978480e+01
2.293960753981643919e+01
2.295005611848309712e+01
2.296050469714975506e+01
2.297095327581640944e+01
2.298140185448306383e+01
2.299185043314972177e+01
2.300229901181637970e+01
2.301274759048303409e+01
2.302319616914968847e+01
2.303364474781634641e+01
2.304409332648300079e+01
2.305454190514965518e+01
2.306499048381630956e+01
2.307543906248296750e+01
2.308588764114962544e+01
2.309633621981627982e+01
2.310678479848293421e+01
2.311723337714959214e+01
2.312768195581625008e+01
2.313813053448290447e+01
2.314857911314955885e+01
2.315902769181621679e+01
2.316947627048287472e+01
2.317992484914952911e+01
2.319037342781618349e+01
2.320082200648283788e+01
2.321127058514949226e+01
2.322171916381615020e+01
2.323216774248280458e+01
2.324261632114945897e+01
2.325306489981611691e+01
2.326351347848277484e+01
2.327396205714942923e+01
2.328441063581608361e+01
2.329485921448274155e+01
2.330530779314939949e+01
2.331575637181605387e+01
2.332620495048270826e+01
2.333665352914936619e+01
2.334710210781602058e+01
2.335755068648267496e+01
2.336799926514932935e+01
2.337844784381598728e+01
2.338889642248264522e+01
2.339934500114929961e+01
2.340979357981595399e+01
2.342024215848261193e+01
2.343069073714926986e+01
2.344113931581592425e+01
2.345158789448257863e+01
2.346203647314923657e+01
2.347248505181589451e+01
2.348293363048254889e+01
2.349338220914920328e+01
2.350383078781585766e+01
2.351427936648251560e+01
2.352472794514916998e+01
2.353517652381582437e+01
2.354562510248248230e+01
2.355607368114914024e+01
2.356652225981579463e+01
2.357697083848244901e+01
2.358741941714910695e+01
2.359786799581576489e+01
2.360831657448241927e+01
2.361876515314907365e+01
2.362921373181573159e+01
2.363966231048238598e+01
2.365011088914904036e+01
2.366055946781569475e+01
2.367100804648235268e+01
2.368145662514901062e+01
2.369190520381566500e+01
2.370235378248231939e+01
2.371280236114897733e+01
2.372325093981563526e+01
2.373369951848228965e+01
2.374414809714894403e+01
2.375459667581560197e+01
2.376504525448225991e+01
2.377549383314891429e+01
2.378594241181556868e+01
2.379639099048222306e+01
2.380683956914887744e+01
2.381728814781553538e+01
2.382773672648218977e+01
2.383818530514884415e+01
2.384863388381550209e+01
2.385908246248216003e+01
2.386953104114881441e+01
2.387997961981546879e+01
2.389042819848212673e+01
2.390087677714878467e+01
2.391132535581543905e+01
2.392177393448209344e+01
2.393222251314875137e+01
2.394267109181540931e+01
2.395311967048206370e+01
2.396356824914871453e+01
2.397401682781537247e+01
2.398446540648203040e+01
2.399491398514868479e+01
2.400536256381533917e+01
2.401581114248199711e+01
2.402625972114865505e+01
2.403670829981530943e+01
2.404715687848196382e+01
2.405760545714862175e+01
2.406805403581527969e+01
2.407850261448193407e+01
2.408895119314858846e+01
2.409939977181524640e+01
2.410984835048190078e+01
2.412029692914855517e+01
2.413074550781520955e+01
2.414119408648186749e+01
2.415164266514852542e+01
2.416209124381517981e+01
2.417253982248183419e+01
2.418298840114849213e+01
2.419343697981515007e+01
2.420388555848180445e+01
2.421433413714845884e+01
2.422478271581511677e+01
2.423523129448177471e+01
2.424567987314842910e+01
2.425612845181508348e+01
2.426657703048173786e+01
2.427702560914839580e+01
2.428747418781505019e+01
2.429792276648170457e+01
2.430837134514836251e+01
2.431881992381502045e+01
2.432926850248167483e+01
2.433971708114832921e+01
2.435016565981498360e+01
2.436061423848164154e+01
2.437106281714829947e+01
2.438151139581495386e+01
2.439195997448160824e+01
2.440240855314826618e+01
2.441285713181492056e+01
2.442330571048157495e+01
2.443375428914822933e+01
2.444420286781488727e+01
2.445465144648154521e+01
2.446510002514819959e+01
2.447554860381485398e+01
2.448599718248151191e+01
2.449644576114816985e+01
2.450689433981482424e+01
2.451734291848147862e+01
2.452779149714813656e+01
2.453824007581479449e+01
2.454868865448144888e+01
2.455913723314810326e+01
2.456958581181475765e+01
2.458003439048141558e+01
2.459048296914806997e+01
2.460093154781472435e+01
2.461138012648138229e+01
2.462182870514804023e+01
2.463227728381469461e+01
2.464272586248134900e+01
2.465317444114800693e+01
2.466362301981466487e+01
2.467407159848131926e+01
2.468452017714797364e+01
2.469496875581463158e+01
2.470541733448128952e+01
2.471586591314794035e+01
2.472631449181459473e+01
2.473676307048125267e+01
2.474721164914791061e+01
2.475766022781456499e+01
2.476810880648121937e+01
2.477855738514787731e+01
2.478900596381453525e+01
2.479945454248118963e+01
2.480990312114784402e+01
2.482035169981450196e+01
2.483080027848115989e+01
2.484124885714781428e+01
2.485169743581446866e+01
2.486214601448112660e+01
2.487259459314778098e+01
2.488304317181443537e+01
2.489349175048108975e+01
2.490394032914774414e+01
2.491438890781440207e+01
2.492483748648106001e+01
2.493528606514771440e+01
2.494573464381436878e+01
2.495618322248102672e+01
2.496663180114768466e+01
2.497708037981433904e+01
2.498752895848099342e+01
2.499797753714765136e+01
2.500842611581430930e+01
2.501887469448096368e+01
2.502932327314761807e+01
2.503977185181427245e+01
2.505022043048093039e+01
2.506066900914758477e+01
2.507111758781423916e+01
2.508156616648089710e+01
2.509201474514755503e+01
2.510246332381420942e+01
2.511291190248086380e+01
2.512336048114752174e+01
2.513380905981417968e+01
2.514425763848083406e+01
2.515470621714748845e+01
2.516515479581414638e+01
2.517560337448080077e+01
2.518605195314745515e+01
2.519650053181410954e+01
2.520694911048076747e+01
2.521739768914742541e+01
2.522784626781407979e+01
2.523829484648073418e+01
2.524874342514739212e+01
2.525919200381405005e+01
2.526964058248070444e+01
2.528008916114735882e+01
2.529053773981401676e+01
2.530098631848067470e+01
2.531143489714732908e+01
2.532188347581398347e+01
2.533233205448063785e+01
2.534278063314729579e+01
2.535322921181395017e+01
2.536367779048060456e+01
2.537412636914726249e+01
2.538457494781392043e+01
2.539502352648057482e+01
2.540547210514722920e+01
2.541592068381388714e+01
2.542636926248054507e+01
2.543681784114719946e+01
2.544726641981385384e+01
2.545771499848050823e+01
2.546816357714716617e+01
2.547861215581382055e+01
2.548906073448047493e+01
2.549950931314712932e+01
2.550995789181378726e+01
2.552040647048044519e+01
2.553085504914709958e+01
2.554130362781375396e+01
2.555175220648041190e+01
2.556220078514706984e+01
2.557264936381372422e+01
2.558309794248037861e+01
2.559354652114703654e+01
2.560399509981369448e+01
2.561444367848034886e+01
2.562489225714700325e+01
2.563534083581365763e+01
2.564578941448031557e+01
2.565623799314696996e+01
2.566668657181362434e+01
2.567713515048028228e+01
2.568758372914694021e+01
2.569803230781359460e+01
2.570848088648024898e+01
2.571892946514690692e+01
2.572937804381356486e+01
2.573982662248021924e+01
2.575027520114687363e+01
2.576072377981353156e+01
2.577117235848018950e+01
2.578162093714684389e+01
2.579206951581349472e+01
2.580251809448015266e+01
2.581296667314681059e+01
2.582341525181346498e+01
2.583386383048011936e+01
2.584431240914677730e+01
2.585476098781343524e+01
2.586520956648008962e+01
2.587565814514674400e+01
2.588610672381340194e+01
2.589655530248005988e+01
2.590700388114671426e+01
2.591745245981336865e+01
2.592790103848002659e+01
2.593834961714668097e+01
2.594879819581333535e+01
2.595924677447998974e+01
2.596969535314664768e+01
2.598014393181330561e+01
2.599059251047996000e+01
2.600104108914661438e+01
2.601148966781327232e+01
2.602193824647992670e+01
2.603238682514658464e+01
2.604283540381323903e+01
2.605328398247989341e+01
2.606373256114655135e+01
2.607418113981320928e+01
2.608462971847986367e+01
2.609507829714651805e+01
2.610552687581317244e+01
2.611597545447983038e+01
2.612642403314648476e+01
2.613687261181313914e+01
2.614732119047979708e+01
2.615776976914645502e+01
2.616821834781310940e+01
2.617866692647976379e+01
2.618911550514642173e+01
2.619956408381307966e+01
2.621001266247973405e+01
2.622046124114638843e+01
2.623090981981304637e+01
2.624135839847970075e+01
2.625180697714635514e+01
2.626225555581300952e+01
2.627270413447966746e+01
2.628315271314632540e+01
2.629360129181297978e+01
2.630404987047963417e+01
2.631449844914629210e+01
2.632494702781295004e+01
2.633539560647960442e+01
2.634584418514625881e+01
2.635629276381291675e+01
2.636674134247957468e+01
2.637718992114622907e+01
2.638763849981288345e+01
2.639808707847953784e+01
2.640853565714619577e+01
2.641898423581285016e+01
2.642943281447950454e+01
2.643988139314616248e+01
2.645032997181282042e+01
2.646077855047947480e+01
2.647122712914612919e+01
2.648167570781278712e+01
2.649212428647944506e+01
2.650257286514609945e+01
2.651302144381275383e+01
2.652347002247941177e+01
2.653391860114606970e+01
2.654436717981272054e+01
2.655481575847937492e+01
2.656526433714603286e+01
2.657571291581269080e+01
2.658616149447934518e+01
2.659661007314599956e+01
2.660705865181265395e+01
2.661750723047931189e+01
2.662795580914596982e+01
2.663840438781262421e+01
2.664885296647927859e+01
2.665930154514593653e+01
2.666975012381259447e+01
2.668019870247924885e+01
2.669064728114590324e+01
2.670109585981256117e+01
2.671154443847921556e+01
2.672199301714586994e+01
2.673244159581252433e+01
2.674289017447918226e+01
2.675333875314584020e+01
2.676378733181249459e+01
2.677423591047914897e+01
2.678468448914580691e+01
2.679513306781246484e+01
2.680558164647911923e+01
2.681603022514577361e+01
2.682647880381243155e+01
2.683692738247908949e+01
2.684737596114574387e+01
2.685782453981239826e+01
2.686827311847905264e+01
2.687872169714571058e+01
2.688917027581236496e+01
2.689961885447901935e+01
2.691006743314567728e+01
2.692051601181233522e+01
2.693096459047898961e+01
2.694141316914564399e+01
2.695186174781230193e+01
2.696231032647895987e+01
2.697275890514561425e+01
2.698320748381226863e+01
2.699365606247892657e+01
2.700410464114558096e+01
2.701455321981223534e+01
2.702500179847888973e+01
2.703545037714554766e+01
2.704589895581220560e+01
2.705634753447885998e+01
2.706679611314551437e+01
2.707724469181217231e+01
2.708769327047883024e+01
2.709814184914548463e+01
2.710859042781213901e+01
2.711903900647879695e+01
2.712948758514545489e+01
2.713993616381210927e+01
2.715038474247876366e+01
2.716083332114541804e+01
2.717128189981207242e+01
2.718173047847873036e+01
2.719217905714538475e+01
2.720262763581203913e+01
2.721307621447869707e+01
2.722352479314535501e+01
2.723397337181200939e+01
2.724442195047866377e+01
2.725487052914532171e+01
2.726531910781197965e+01
2.727576768647863403e+01
2.728621626514528842e+01
2.729666484381194635e+01
2.730711342247860074e+01
2.731756200114525512e+01
2.732801057981190951e+01
2.733845915847856745e+01
2.734890773714522538e+01
2.735935631581187977e+01
2.736980489447853415e+01
2.738025347314519209e+01
2.739070205181185003e+01
2.740115063047850441e+01
2.741159920914515880e+01
2.742204778781181673e+01
2.743249636647847467e+01
2.744294494514512905e+01
2.745339352381178344e+01
2.746384210247843782e+01
2.747429068114509576e+01
2.748473925981175014e+01
2.749518783847840453e+01
2.750563641714506247e+01
2.751608499581172040e+01
2.752653357447837479e+01
2.753698215314502917e+01
2.754743073181168711e+01
2.755787931047834505e+01
2.756832788914499943e+01
2.757877646781165382e+01
2.758922504647831175e+01
2.759967362514496969e+01
2.761012220381162408e+01
2.762057078247827846e+01
2.763101936114493284e+01
2.764146793981159078e+01
2.765191651847824517e+01
2.766236509714489955e+01
2.767281367581155749e+01
2.768326225447821543e+01
2.769371083314486981e+01
2.770415941181152419e+01
2.771460799047817858e+01
2.772505656914483652e+01
2.773550514781149445e+01
2.774595372647814884e+01
2.775640230514480322e+01
2.776685088381146116e+01
2.777729946247811554e+01
2.778774804114476993e+01
2.779819661981142431e+01
2.780864519847808225e+01
2.781909377714474019e+01
2.782954235581139457e+01
2.783999093447804896e+01
2.785043951314470689e+01
2.786088809181136483e+01
2.787133667047801922e+01
2.788178524914467360e+01
2.789223382781133154e+01
2.790268240647798947e+01
2.791313098514464386e+01
2.792357956381129824e+01
2.793402814247795263e+01
2.794447672114461056e+01
2.795492529981126495e+01
2.796537387847791933e+01
2.797582245714457727e+01
2.798627103581123521e+01
2.799671961447788959e+01
2.800716819314454398e+01
2.801761677181120191e+01
2.802806535047785985e+01
2.803851392914451424e+01
2.804896250781116862e+01
2.805941108647782656e+01
2.806985966514448094e+01
2.808030824381113533e+01
2.809075682247778971e+01
2.810120540114444765e+01
2.811165397981110559e+01
2.812210255847775997e+01
2.813255113714441435e+01
2.814299971581107229e+01
2.815344829447773023e+01
2.816389687314438461e+01
2.817434545181103900e+01
2.818479403047769694e+01
2.819524260914435487e+01
2.820569118781100926e+01
2.821613976647766364e+01
2.822658834514431803e+01
2.823703692381097596e+01
2.824748550247763035e+01
2.825793408114428473e+01
2.826838265981094267e+01
2.827883123847759705e+01
2.828927981714425499e+01
2.829972839581090938e+01
2.831017697447756376e+01
2.832062555314422170e+01
2.833107413181087963e+01
2.834152271047753402e+01
2.835197128914418840e+01
2.836241986781084634e+01
2.837286844647750428e+01
2.838331702514415511e+01
2.839376560381080949e+01
2.840421418247746743e+01
2.841466276114412537e+01
2.842511133981077975e+01
2.843555991847743414e+01
2.844600849714409208e+01
2.845645707581075001e+01
2.846690565447740440e+01
2.847735423314405878e+01
2.848780281181071672e+01
2.849825139047737466e+01
2.850869996914402904e+01
2.851914854781068343e+01
2.852959712647734136e+01
2.854004570514399575e+01
2.855049428381065013e+01
2.856094286247730452e+01
2.857139144114396245e+01
2.858184001981062039e+01
2.859228859847727477e+01
2.860273717714392916e+01
2.861318575581058710e+01
2.862363433447724503e+01
2.863408291314389942e+01
2.864453149181055380e+01
2.865498007047720819e+01
2.866542864914386968e+01
2.867587722781052406e+01
2.868632580647717845e+01
2.869677438514383638e+01
2.870722296381049077e+01
2.871767154247714515e+01
2.872812012114379954e+01
2.873856869981045392e+01
2.874901727847711541e+01
2.875946585714376980e+01
2.876991443581042418e+01
2.878036301447708567e+01
2.879081159314374005e+01
2.880126017181039444e+01
2.881170875047704882e+01
2.882215732914370321e+01
2.883260590781036115e+01
2.884305448647701553e+01
2.885350306514366991e+01
2.886395164381033140e+01
2.887440022247697868e+01
2.888484880114364017e+01
2.889529737981029456e+01
2.890574595847694894e+01
2.891619453714361043e+01
2.892664311581026482e+01
2.893709169447691920e+01
2.894754027314358069e+01
2.895798885181022797e+01
2.896843743047688946e+01
2.897888600914354384e+01
2.898933458781019823e+01
2.899978316647685617e+01
2.901023174514351055e+01
2.902068032381016494e+01
2.903112890247682643e+01
2.904157748114347370e+01
2.905202605981013519e+01
2.906247463847678958e+01
2.907292321714344396e+01
2.908337179581010545e+01
2.909382037447675984e+01
2.910426895314341422e+01
2.911471753181007571e+01
2.912516611047672299e+01
2.913561468914338093e+01
2.914606326781003531e+01
2.915651184647668970e+01
2.916696042514335119e+01
2.917740900380999847e+01
2.918785758247665996e+01
2.919830616114331434e+01
2.920875473980996873e+01
2.921920331847663022e+01
2.922965189714328460e+01
2.924010047580993898e+01
2.925054905447660047e+01
2.926099763314324775e+01
2.927144621180990924e+01
2.928189479047656363e+01
2.929234336914321801e+01
2.930279194780987595e+01
2.931324052647653033e+01
2.932368910514318472e+01
2.933413768380984621e+01
2.934458626247649349e+01
2.935503484114315498e+01
2.936548341980980936e+01
2.937593199847646375e+01
2.938638057714312524e+01
2.939682915580977962e+01
2.940727773447643401e+01
2.941772631314309550e+01
2.942817489180974277e+01
2.943862347047640426e+01
2.944907204914305865e+01
2.945952062780970948e+01
2.946996920647637097e+01
2.948041778514302536e+01
2.949086636380967974e+01
2.950131494247634123e+01
2.951176352114298851e+01
2.952221209980965000e+01
2.953266067847630438e+01
2.954310925714295877e+01
2.955355783580962026e+01
2.956400641447627464e+01
2.957445499314292903e+01
2.958490357180958696e+01
2.959535215047623780e+01
2.960580072914289573e+01
2.961624930780955012e+01
2.962669788647620450e+01
2.963714646514286599e+01
2.964759504380952038e+01
2.965804362247617476e+01
2.966849220114283625e+01
2.967894077980948353e+01
2.968938935847614502e+01
2.969983793714279940e+01
2.971028651580945379e+01
2.972073509447611528e+01
2.973118367314276256e+01
2.974163225180942405e+01
2.975208083047607843e+01
2.976252940914273282e+01
2.977297798780939075e+01
2.978342656647604514e+01
2.979387514514269952e+01
2.980432372380936101e+01
2.981477230247600829e+01
2.982522088114266978e+01
2.983566945980932417e+01
2.984611803847597855e+01
2.985656661714264004e+01
2.986701519580929443e+01
2.987746377447594881e+01
2.988791235314260675e+01
2.989836093180925758e+01
2.990880951047591552e+01
2.991925808914256990e+01
2.992970666780922429e+01
2.994015524647588578e+01
2.995060382514254016e+01
2.996105240380919454e+01
2.997150098247585603e+01
2.998194956114250331e+01
2.999239813980916480e+01
3.000284671847581919e+01
3.001329529714247357e+01
3.002374387580913506e+01
3.003419245447578945e+01
3.004464103314244383e+01
3.005508961180910177e+01
3.006553819047575260e+01
3.007598676914241054e+01
3.008643534780906492e+01
3.009688392647571931e+01
3.010733250514238080e+01
3.011778108380903518e+01
3.012822966247568957e+01
3.013867824114235106e+01
3.014912681980899833e+01
3.015957539847565982e+01
3.017002397714231421e+01
3.018047255580896859e+01
3.019092113447563008e+01
3.020136971314228447e+01
3.021181829180893530e+01
3.022226687047559679e+01
3.023271544914224407e+01
3.024316402780890556e+01
3.025361260647555994e+01
3.026406118514221433e+01
3.027450976380887582e+01
3.028495834247552310e+01
3.029540692114218459e+01
3.030585549980883897e+01
3.031630407847549336e+01
3.032675265714215485e+01
3.033720123580880923e+01
3.034764981447546361e+01
3.035809839314212155e+01
3.036854697180877238e+01
3.037899555047543032e+01
3.038944412914208471e+01
3.039989270780873909e+01
3.041034128647540058e+01
3.042078986514205496e+01
3.043123844380870935e+01
3.044168702247537084e+01
3.045213560114201812e+01
3.046258417980867961e+01
3.047303275847533399e+01
3.048348133714198838e+01
3.049392991580864987e+01
3.050437849447530425e+01
3.051482707314195864e+01
3.052527565180861657e+01
3.053572423047526740e+01
3.054617280914192534e+01
3.055662138780857973e+01
3.056706996647523411e+01
3.057751854514189560e+01
3.058796712380854999e+01
3.059841570247520437e+01
3.060886428114186586e+01
3.061931285980851314e+01
3.062976143847517463e+01
3.064021001714182901e+01
3.065065859580848340e+01
3.066110717447514133e+01
3.067155575314179572e+01
3.068200433180845010e+01
3.069245291047511159e+01
3.070290148914175887e+01
3.071335006780842036e+01
3.072379864647507475e+01
3.073424722514172913e+01
3.074469580380839062e+01
3.075514438247504501e+01
3.076559296114169939e+01
3.077604153980836088e+01
3.078649011847500816e+01
3.079693869714166965e+01
3.080738727580832403e+01
3.081783585447497842e+01
3.082828443314163636e+01
3.083873301180828719e+01
3.084918159047494512e+01
3.085963016914159951e+01
3.087007874780825389e+01
3.088052732647491538e+01
3.089097590514156977e+01
3.090142448380822415e+01
3.091187306247488564e+01
3.092232164114153292e+01
3.093277021980819441e+01
3.094321879847484880e+01
3.095366737714150318e+01
3.096411595580816112e+01
3.097456453447481550e+01
3.098501311314146989e+01
3.099546169180813138e+01
3.100591027047477866e+01
3.101635884914144015e+01
3.102680742780809453e+01
3.103725600647474892e+01
3.104770458514141040e+01
3.105815316380806479e+01
3.106860174247471917e+01
3.107905032114138066e+01
3.108949889980802794e+01
3.109994747847468943e+01
3.111039605714134382e+01
3.112084463580799820e+01
3.113129321447465614e+01
3.114174179314131052e+01
3.115219037180796491e+01
3.116263895047462640e+01
3.117308752914127368e+01
3.118353610780793517e+01
3.119398468647458955e+01
3.120443326514124394e+01
3.121488184380790543e+01
3.122533042247455981e+01
3.123577900114121420e+01
3.124622757980787568e+01
3.125667615847452296e+01
3.126712473714118445e+01
3.127757331580783884e+01
3.128802189447449322e+01
3.129847047314115116e+01
3.130891905180780554e+01
3.131936763047445993e+01
3.132981620914112142e+01
3.134026478780776870e+01
3.135071336647443019e+01
3.136116194514108457e+01
3.137161052380773896e+01
3.138205910247440045e+01
3.139250768114104773e+01
3.140295625980770922e+01
3.141340483847436360e+01
3.142385341714101799e+01
3.143430199580767592e+01
3.144475057447433031e+01
3.145519915314098469e+01
3.146564773180764618e+01
3.147609631047429346e+01
3.148654488914095495e+01
3.149699346780760933e+01
3.150744204647426372e+01
3.151789062514092521e+01
3.152833920380757959e+01
3.153878778247423398e+01
3.154923636114089547e+01
3.155968493980754275e+01
3.157013351847420424e+01
3.158058209714085862e+01
3.159103067580751301e+01
3.160147925447417094e+01
3.161192783314082533e+01
3.162237641180747971e+01
3.163282499047414120e+01
3.164327356914078848e+01
3.165372214780744997e+01
3.166417072647410436e+01
3.167461930514075874e+01
3.168506788380742023e+01
3.169551646247407461e+01
3.170596504114072900e+01
3.171641361980739049e+01
3.172686219847403777e+01
3.173731077714069571e+01
3.174775935580735009e+01
3.175820793447400447e+01
3.176865651314066596e+01
3.177910509180732035e+01
3.178955367047397473e+01
3.180000224914063622e+01
3.181045082780728350e+01
3.182089940647394499e+01
3.183134798514059938e+01
3.184179656380725376e+01
3.185224514247391525e+01
3.186269372114056964e+01
3.187314229980722402e+01
3.188359087847388196e+01
3.189403945714053279e+01
3.190448803580719073e+01
3.191493661447384511e+01
3.192538519314049950e+01
3.193583377180716099e+01
3.194628235047380826e+01
3.195673092914046975e+01
3.196717950780712414e+01
3.197762808647377852e+01
3.198807666514044001e+01
3.199852524380709440e+01
3.200897382247374878e+01
3.201942240114041027e+01
3.202987097980705755e+01
3.204031955847371904e+01
3.205076813714037343e+01
3.206121671580702781e+01
3.207166529447368930e+01
3.208211387314034369e+01
3.209256245180699807e+01
3.210301103047365245e+01
3.211345960914030684e+01
3.212390818780696122e+01
3.213435676647361561e+01
3.214480534514026999e+01
3.215525392380693148e+01
3.216570250247358587e+01
3.217615108114024025e+01
3.218659965980690174e+01
3.219704823847354902e+01
3.220749681714021051e+01
3.221794539580686489e+01
3.222839397447351928e+01
3.223884255314018077e+01
3.224929113180683515e+01
3.225973971047348954e+01
3.227018828914015103e+01
3.228063686780679831e+01
3.229108544647345980e+01
3.230153402514011418e+01
3.231198260380676857e+01
3.232243118247343006e+01
3.233287976114008444e+01
3.234332833980673882e+01
3.235377691847340031e+01
3.236422549714004759e+01
3.237467407580670908e+01
3.238512265447336347e+01
3.239557123314001785e+01
3.240601981180667934e+01
3.241646839047333373e+01
3.242691696913998101e+01
3.243736554780664250e+01
3.244781412647328978e+01
3.245826270513995127e+01
3.246871128380660565e+01
3.247915986247326003e+01
3.248960844113992152e+01
3.250005701980656880e+01
3.251050559847323029e+01
3.252095417713988468e+01
3.253140275580653906e+01
3.254185133447320055e+01
3.255229991313985494e+01
3.256274849180650932e+01
3.257319707047317081e+01
3.258364564913981809e+01
3.259409422780647958e+01
3.260454280647313396e+01
3.261499138513978835e+01
3.262543996380644984e+01
3.263588854247310422e+01
3.264633712113975861e+01
3.265678569980642010e+01
3.266723427847306738e+01
3.267768285713972887e+01
3.268813143580638325e+01
3.269858001447303764e+01
3.270902859313969913e+01
3.271947717180635351e+01
3.272992575047300789e+01
3.274037432913966228e+01
3.275082290780630956e+01
3.276127148647297105e+01
3.277172006513962543e+01
3.278216864380627982e+01
3.279261722247294131e+01
3.280306580113959569e+01
3.281351437980625008e+01
3.282396295847291157e+01
3.283441153713955885e+01
3.284486011580622034e+01
3.285530869447287472e+01
3.286575727313952910e+01
3.287620585180619059e+01
3.288665443047284498e+01
3.289710300913949936e+01
3.290755158780616085e+01
3.291800016647280813e+01
3.292844874513946962e+01
3.293889732380612401e+01
3.294934590247277839e+01
3.295979448113943988e+01
3.297024305980609427e+01
3.298069163847274865e+01
3.299114021713941014e+01
3.300158879580605742e+01
3.301203737447271891e+01
3.302248595313937329e+01
3.303293453180602768e+01
3.304338311047268206e+01
3.305383168913933645e+01
3.306428026780599083e+01
3.307472884647264522e+01
3.308517742513929960e+01
3.309562600380596109e+01
3.310607458247261548e+01
3.311652316113926986e+01
3.312697173980593135e+01
3.313742031847257863e+01
3.314786889713924012e+01
3.315831747580589450e+01
3.316876605447254889e+01
3.317921463313921038e+01
3.318966321180586476e+01
3.320011179047251915e+01
3.321056036913918064e+01
3.322100894780582792e+01
3.323145752647248941e+01
3.324190610513914379e+01
3.325235468380579817e+01
3.326280326247245966e+01
3.327325184113911405e+01
3.328370041980576843e+01
3.329414899847242992e+01
3.330459757713907720e+01
3.331504615580573869e+01
3.332549473447239308e+01
3.333594331313904746e+01
3.334639189180570185e+01
3.335684047047235623e+01
3.336728904913901061e+01
3.337773762780567210e+01
3.338818620647231938e+01
3.339863478513898087e+01
3.340908336380563526e+01
3.341953194247228964e+01
3.342998052113895113e+01
3.344042909980560552e+01
3.345087767847225990e+01
3.346132625713892139e+01
3.347177483580556867e+01
3.348222341447223016e+01
3.349267199313888455e+01
3.350312057180553893e+01
3.351356915047220042e+01
3.352401772913885480e+01
3.353446630780550919e+01
3.354491488647217068e+01
3.355536346513881796e+01
3.356581204380547945e+01
3.357626062247213383e+01
3.358670920113878822e+01
3.359715777980544971e+01
3.360760635847210409e+01
3.361805493713875848e+01
3.362850351580541286e+01
3.363895209447206724e+01
3.364940067313872163e+01
3.365984925180537601e+01
3.367029783047203040e+01
3.368074640913869189e+01
3.369119498780533917e+01
3.370164356647200066e+01
3.371209214513865504e+01
3.372254072380530943e+01
3.373298930247197092e+01
3.374343788113862530e+01
3.375388645980527969e+01
3.376433503847194117e+01
3.377478361713858845e+01
3.378523219580524994e+01
3.379568077447190433e+01
3.380612935313855871e+01
3.381657793180522020e+01
3.382702651047187459e+01
3.383747508913852897e+01
3.384792366780519046e+01
3.385837224647183774e+01
3.386882082513849923e+01
3.387926940380515362e+01
3.388971798247180800e+01
3.390016656113846949e+01
3.391061513980512387e+01
3.392106371847177826e+01
3.393151229713843264e+01
3.394196087580508703e+01
3.395240945447174141e+01
3.396285803313839580e+01
3.397330661180505018e+01
3.398375519047171167e+01
3.399420376913836606e+01
3.400465234780502044e+01
3.401510092647168193e+01
3.402554950513832921e+01
3.403599808380499070e+01
3.404644666247164508e+01
3.405689524113829947e+01
3.406734381980496096e+01
3.407779239847161534e+01
3.408824097713826973e+01
3.409868955580493122e+01
3.410913813447157850e+01
3.411958671313823999e+01
3.413003529180489437e+01
3.414048387047154876e+01
3.415093244913821025e+01
3.416138102780486463e+01
3.417182960647151901e+01
3.418227818513818050e+01
3.419272676380482778e+01
3.420317534247148927e+01
3.421362392113814366e+01
3.422407249980479804e+01
3.423452107847145953e+01
3.424496965713810681e+01
3.425541823580476120e+01
3.426586681447141558e+01
3.427631539313806996e+01
3.428676397180473145e+01
3.429721255047138584e+01
3.430766112913804022e+01
3.431810970780470171e+01
3.432855828647134899e+01
3.433900686513801048e+01
3.434945544380466487e+01
3.435990402247131925e+01
3.437035260113798074e+01
3.438080117980463513e+01
3.439124975847128951e+01
3.440169833713795100e+01
3.441214691580459828e+01
3.442259549447125977e+01
3.443304407313791415e+01
3.444349265180456854e+01
3.445394123047123003e+01
3.446438980913788441e+01
3.447483838780453880e+01
3.448528696647120029e+01
3.449573554513784757e+01
3.450618412380450906e+01
3.451663270247116344e+01
3.452708128113781783e+01
3.453752985980447932e+01
3.454797843847113370e+01
3.455842701713778808e+01
3.456887559580444247e+01
3.457932417447109685e+01
3.458977275313775124e+01
3.460022133180440562e+01
3.461066991047106001e+01
3.462111848913772150e+01
3.463156706780437588e+01
3.464201564647103027e+01
3.465246422513769176e+01
3.466291280380433903e+01
3.467336138247100052e+01
3.468380996113765491e+01
3.469425853980430929e+01
3.470470711847097078e+01
3.471515569713762517e+01
3.472560427580427955e+01
3.473605285447094104e+01
3.474650143313758832e+01
3.475695001180424981e+01
3.476739859047090420e+01
3.477784716913755858e+01
3.478829574780422007e+01
3.479874432647086735e+01
3.480919290513752884e+01
3.481964148380418322e+01
3.483009006247083761e+01
3.484053864113749910e+01
3.485098721980415348e+01
3.486143579847080787e+01
3.487188437713746225e+01
3.488233295580411664e+01
3.489278153447077102e+01
3.490323011313742541e+01
3.491367869180407979e+01
3.492412727047074128e+01
3.493457584913739566e+01
3.494502442780405005e+01
3.495547300647071154e+01
3.496592158513735882e+01
3.497637016380402031e+01
3.498681874247067469e+01
3.499726732113732908e+01
3.500771589980399057e+01
3.501816447847064495e+01
3.502861305713729934e+01
3.503906163580396083e+01
3.504951021447060810e+01
3.505995879313726959e+01
3.507040737180392398e+01
3.508085595047057836e+01
3.509130452913723985e+01
3.510175310780389424e+01
3.511220168647054862e+01
3.512265026513721011e+01
3.513309884380385739e+01
3.514354742247051888e+01
3.515399600113717327e+01
3.516444457980382765e+01
3.517489315847048204e+01
3.518534173713713642e+01
3.519579031580379080e+01
3.520623889447045229e+01
3.521668747313709957e+01
3.522713605180376106e+01
3.523758463047041545e+01
3.524803320913706983e+01
3.525848178780373132e+01
3.526893036647038571e+01
3.527937894513704009e+01
3.528982752380370158e+01
3.530027610247034886e+01
3.531072468113701035e+01
3.532117325980366473e+01
3.533162183847031912e+01
3.534207041713698061e+01
3.535251899580362789e+01
3.536296757447028938e+01
