nan
nan
nan
nan
nan
nan
nan
nan
nan
nan
nan
nan
nan
nan
nan
nan
nan
nan
nan
nan
nan
nan
nan
nan
nan
nan
nan
nan
nan
9.082779693603515625e+01
9.545652008056640625e+01
9.647248840332031250e+01
9.563726806640625000e+01
8.986414337158203125e+01
8.968914031982421875e+01
9.121317291259765625e+01
9.521873474121093750e+01
9.548725128173828125e+01
9.687807464599609375e+01
9.383098602294921875e+01
9.224665832519531250e+01
9.232454681396484375e+01
9.464253997802734375e+01
9.337484741210937500e+01
9.433084869384765625e+01
9.393868255615234375e+01
9.378154754638671875e+01
9.316431427001953125e+01
9.203997039794921875e+01
9.194357299804687500e+01
9.046814727783203125e+01
9.291674041748046875e+01
9.328342437744140625e+01
9.236627960205078125e+01
8.900390625000000000e+01
8.818741607666015625e+01
8.774118041992187500e+01
8.839877319335937500e+01
8.960929870605468750e+01
9.087504577636718750e+01
9.227631378173828125e+01
9.104694366455078125e+01
9.098867034912109375e+01
9.151361846923828125e+01
9.211141967773437500e+01
9.255386352539062500e+01
9.173731231689453125e+01
9.227945709228515625e+01
9.305419921875000000e+01
9.349787139892578125e+01
9.232556152343750000e+01
9.167767333984375000e+01
9.032683563232421875e+01
8.852288055419921875e+01
8.751724243164062500e+01
8.834459686279296875e+01
9.058887481689453125e+01
9.141776275634765625e+01
8.969560241699218750e+01
9.007736968994140625e+01
8.944926452636718750e+01
9.023455810546875000e+01
9.090244293212890625e+01
8.975583648681640625e+01
8.939298248291015625e+01
8.661781311035156250e+01
8.599383544921875000e+01
8.521240234375000000e+01
8.533918762207031250e+01
8.662693786621093750e+01
8.739466857910156250e+01
8.764719390869140625e+01
8.774226379394531250e+01
8.910500335693359375e+01
9.201755523681640625e+01
9.198985290527343750e+01
9.323728942871093750e+01
9.279428100585937500e+01
9.214336395263671875e+01
9.252150726318359375e+01
9.128936767578125000e+01
9.045522308349609375e+01
8.723058319091796875e+01
8.806980133056640625e+01
8.884636688232421875e+01
8.805242156982421875e+01
8.724283599853515625e+01
8.616983032226562500e+01
8.770314788818359375e+01
9.000334930419921875e+01
9.135464477539062500e+01
9.221278381347656250e+01
9.171870422363281250e+01
9.135691070556640625e+01
9.166083526611328125e+01
9.263052368164062500e+01
9.134391784667968750e+01
8.831011199951171875e+01
8.710816955566406250e+01
8.861593627929687500e+01
8.965177917480468750e+01
8.914060974121093750e+01
8.924466705322265625e+01
9.019479370117187500e+01
9.107008361816406250e+01
9.023449707031250000e+01
8.886706542968750000e+01
8.754479980468750000e+01
8.719851684570312500e+01
8.754260253906250000e+01
8.818632507324218750e+01
8.759439849853515625e+01
8.817368316650390625e+01
8.839759063720703125e+01
8.852074432373046875e+01
8.736348724365234375e+01
8.776334381103515625e+01
8.808624267578125000e+01
8.740811157226562500e+01
8.553575897216796875e+01
8.415795898437500000e+01
8.496143341064453125e+01
8.685890197753906250e+01
8.644760131835937500e+01
8.771131896972656250e+01
8.853665924072265625e+01
8.934337615966796875e+01
8.756176757812500000e+01
8.591923522949218750e+01
8.653029632568359375e+01
8.754308319091796875e+01
8.774659729003906250e+01
8.706066131591796875e+01
8.664238739013671875e+01
8.617028808593750000e+01
8.595539093017578125e+01
8.619891357421875000e+01
8.779923248291015625e+01
9.008113861083984375e+01
9.096917724609375000e+01
8.962402343750000000e+01
8.842612457275390625e+01
8.692505645751953125e+01
8.686528015136718750e+01
8.650098419189453125e+01
8.595317840576171875e+01
8.550494384765625000e+01
8.495589447021484375e+01
8.568144989013671875e+01
8.657004547119140625e+01
8.855528259277343750e+01
8.852627563476562500e+01
8.718924713134765625e+01
8.667507934570312500e+01
8.681542968750000000e+01
8.742696380615234375e+01
8.750530242919921875e+01
8.817784118652343750e+01
8.791593170166015625e+01
8.630022430419921875e+01
8.525973510742187500e+01
8.535570526123046875e+01
8.678675079345703125e+01
8.782730865478515625e+01
8.834949493408203125e+01
8.735751342773437500e+01
8.555784606933593750e+01
8.493837738037109375e+01
8.471202850341796875e+01
8.558880615234375000e+01
8.552351379394531250e+01
8.615644073486328125e+01
8.779795837402343750e+01
8.720446777343750000e+01
8.695606994628906250e+01
8.524355316162109375e+01
8.575189971923828125e+01
8.554837036132812500e+01
8.491971588134765625e+01
8.431333160400390625e+01
8.359880065917968750e+01
8.432904815673828125e+01
8.581040954589843750e+01
8.715120697021484375e+01
8.792047882080078125e+01
8.710124969482421875e+01
8.576782226562500000e+01
8.615205383300781250e+01
8.530760192871093750e+01
8.490017700195312500e+01
8.424897003173828125e+01
8.454640197753906250e+01
8.599263763427734375e+01
8.603008270263671875e+01
8.603979492187500000e+01
8.647773742675781250e+01
8.658545684814453125e+01
8.665927124023437500e+01
8.548055267333984375e+01
8.443965148925781250e+01
8.521621704101562500e+01
8.390956878662109375e+01
8.492517089843750000e+01
8.461322021484375000e+01
8.410356903076171875e+01
8.350912475585937500e+01
8.368453979492187500e+01
8.457192230224609375e+01
8.505722045898437500e+01
8.586412811279296875e+01
8.703861999511718750e+01
8.649401855468750000e+01
8.549100494384765625e+01
8.467543029785156250e+01
8.365576934814453125e+01
8.472177886962890625e+01
8.558676147460937500e+01
8.632633209228515625e+01
8.553170013427734375e+01
8.424958038330078125e+01
8.494271087646484375e+01
8.569104003906250000e+01
8.666778564453125000e+01
8.709811401367187500e+01
8.739003753662109375e+01
8.743025970458984375e+01
8.681719207763671875e+01
8.486573028564453125e+01
8.349295806884765625e+01
8.287436676025390625e+01
8.381829071044921875e+01
8.445978546142578125e+01
8.445108795166015625e+01
8.359252929687500000e+01
8.282971954345703125e+01
8.239649200439453125e+01
8.401222229003906250e+01
8.733052062988281250e+01
8.718058013916015625e+01
8.570954895019531250e+01
8.373671722412109375e+01
8.404668426513671875e+01
8.456825256347656250e+01
8.352547454833984375e+01
8.366430664062500000e+01
8.409762573242187500e+01
8.440756225585937500e+01
8.470291137695312500e+01
8.342751312255859375e+01
8.423010253906250000e+01
8.476609039306640625e+01
8.395552825927734375e+01
8.441472625732421875e+01
8.431944274902343750e+01
8.626840209960937500e+01
8.681813049316406250e+01
8.612517547607421875e+01
8.633740234375000000e+01
8.553743743896484375e+01
8.503003692626953125e+01
8.445558929443359375e+01
8.375344848632812500e+01
8.379177856445312500e+01
8.382095336914062500e+01
8.537322998046875000e+01
8.398275756835937500e+01
8.351771545410156250e+01
8.195121765136718750e+01
8.194934844970703125e+01
8.202119445800781250e+01
8.202333831787109375e+01
8.368383789062500000e+01
8.434297943115234375e+01
8.605151367187500000e+01
8.513045501708984375e+01
8.343412017822265625e+01
8.287592315673828125e+01
8.252399444580078125e+01
8.316618347167968750e+01
8.230762481689453125e+01
8.152306365966796875e+01
8.168634033203125000e+01
8.239414215087890625e+01
8.253807067871093750e+01
8.388732147216796875e+01
8.365292358398437500e+01
8.348343658447265625e+01
8.293686676025390625e+01
8.299283599853515625e+01
8.379093170166015625e+01
8.464569091796875000e+01
8.449092102050781250e+01
8.545504760742187500e+01
8.522042846679687500e+01
8.416699981689453125e+01
8.361730957031250000e+01
8.148767089843750000e+01
8.255673217773437500e+01
8.255837249755859375e+01
8.258415985107421875e+01
8.212393951416015625e+01
7.976988983154296875e+01
7.879429626464843750e+01
7.926059722900390625e+01
8.027407836914062500e+01
8.182490539550781250e+01
8.070439147949218750e+01
8.136436462402343750e+01
8.195188903808593750e+01
8.274707031250000000e+01
8.351923370361328125e+01
8.336291503906250000e+01
8.255670928955078125e+01
8.080901336669921875e+01
8.020667266845703125e+01
8.122581481933593750e+01
8.227997589111328125e+01
8.290206146240234375e+01
8.257666015625000000e+01
8.160734558105468750e+01
8.157458496093750000e+01
8.170437622070312500e+01
8.143423461914062500e+01
8.095960998535156250e+01
7.983548736572265625e+01
8.032118988037109375e+01
8.081456756591796875e+01
8.029060363769531250e+01
8.027194213867187500e+01
8.073777008056640625e+01
8.144348144531250000e+01
8.227478790283203125e+01
8.132435607910156250e+01
8.062483215332031250e+01
8.010341644287109375e+01
7.986347961425781250e+01
8.069077301025390625e+01
8.085951995849609375e+01
8.079397583007812500e+01
8.055134582519531250e+01
8.027159118652343750e+01
8.076029968261718750e+01
8.006723022460937500e+01
7.904076385498046875e+01
7.834467315673828125e+01
7.946632385253906250e+01
8.076122283935546875e+01
8.120974731445312500e+01
7.977806091308593750e+01
8.013417053222656250e+01
7.929119873046875000e+01
7.961264801025390625e+01
7.780379486083984375e+01
7.858513641357421875e+01
7.879817962646484375e+01
8.034246063232421875e+01
8.059954071044921875e+01
8.099996948242187500e+01
7.998949432373046875e+01
7.963017272949218750e+01
8.053934478759765625e+01
8.115583801269531250e+01
8.207023620605468750e+01
8.062328338623046875e+01
8.046441650390625000e+01
7.913661956787109375e+01
7.943770599365234375e+01
7.907629394531250000e+01
7.938425445556640625e+01
8.034563446044921875e+01
8.129788208007812500e+01
8.239836883544921875e+01
8.172860717773437500e+01
8.098024749755859375e+01
8.091094207763671875e+01
8.164051055908203125e+01
8.160988616943359375e+01
8.088005065917968750e+01
7.980057525634765625e+01
7.924276733398437500e+01
7.798080444335937500e+01
7.701329040527343750e+01
7.818956756591796875e+01
7.880387115478515625e+01
7.936158752441406250e+01
7.920825958251953125e+01
7.775362396240234375e+01
7.692653656005859375e+01
7.584256744384765625e+01
7.752764129638671875e+01
7.863777923583984375e+01
7.985465240478515625e+01
7.908464050292968750e+01
8.003285217285156250e+01
7.998184967041015625e+01
8.066493225097656250e+01
8.064320373535156250e+01
8.077967071533203125e+01
8.058500671386718750e+01
7.970653533935546875e+01
8.042835998535156250e+01
7.995024108886718750e+01
7.922569274902343750e+01
7.930235290527343750e+01
7.956430816650390625e+01
7.985204315185546875e+01
7.972342681884765625e+01
7.907220458984375000e+01
7.794750976562500000e+01
7.786347198486328125e+01
7.865454864501953125e+01
8.076460266113281250e+01
7.985630798339843750e+01
7.814360809326171875e+01
7.704467010498046875e+01
7.658463287353515625e+01
7.694708251953125000e+01
7.733428955078125000e+01
7.767990875244140625e+01
7.799819946289062500e+01
7.763176727294921875e+01
7.854623413085937500e+01
7.936299133300781250e+01
7.841710662841796875e+01
7.877761077880859375e+01
7.977545166015625000e+01
8.031945800781250000e+01
7.952711486816406250e+01
7.815026855468750000e+01
7.896449279785156250e+01
8.040907287597656250e+01
8.031805419921875000e+01
7.998445129394531250e+01
7.896109771728515625e+01
7.818566131591796875e+01
7.786855316162109375e+01
7.788164520263671875e+01
7.788142395019531250e+01
7.852390289306640625e+01
7.810671234130859375e+01
7.900191497802734375e+01
8.035350799560546875e+01
8.059998321533203125e+01
8.002734375000000000e+01
7.791588592529296875e+01
7.900844573974609375e+01
7.847040557861328125e+01
7.852420043945312500e+01
7.730967712402343750e+01
7.807923126220703125e+01
7.906768035888671875e+01
7.850144958496093750e+01
7.688341522216796875e+01
7.619770812988281250e+01
7.688161468505859375e+01
7.918795013427734375e+01
7.977964782714843750e+01
8.044662475585937500e+01
7.951532745361328125e+01
7.967533874511718750e+01
8.028197479248046875e+01
7.915995025634765625e+01
7.919467163085937500e+01
7.901195526123046875e+01
8.021575164794921875e+01
8.113712310791015625e+01
8.056649780273437500e+01
8.066594696044921875e+01
8.088652801513671875e+01
8.145784759521484375e+01
8.086557769775390625e+01
7.950032806396484375e+01
7.878099822998046875e+01
7.796513366699218750e+01
7.820278930664062500e+01
7.816649627685546875e+01
7.869869232177734375e+01
7.837730407714843750e+01
7.777541351318359375e+01
8.211065673828125000e+01
8.891122436523437500e+01
9.402510833740234375e+01
9.225316619873046875e+01
8.967872619628906250e+01
8.839891052246093750e+01
8.552677154541015625e+01
8.410821533203125000e+01
8.520813751220703125e+01
9.245291137695312500e+01
9.658688354492187500e+01
9.596048736572265625e+01
9.142019653320312500e+01
8.959968566894531250e+01
8.924557495117187500e+01
8.864594268798828125e+01
8.829769897460937500e+01
8.722129821777343750e+01
8.785051727294921875e+01
8.671601104736328125e+01
8.494006347656250000e+01
8.416971588134765625e+01
8.415230560302734375e+01
8.384934997558593750e+01
8.352980804443359375e+01
8.410819244384765625e+01
8.564247131347656250e+01
8.548150634765625000e+01
8.403581237792968750e+01
8.099927520751953125e+01
7.908682250976562500e+01
7.895098876953125000e+01
7.950334167480468750e+01
8.007765197753906250e+01
8.053379058837890625e+01
7.987010192871093750e+01
8.047091674804687500e+01
7.954887390136718750e+01
7.959156036376953125e+01
7.848445892333984375e+01
8.004487609863281250e+01
8.050360107421875000e+01
8.039883422851562500e+01
7.948489379882812500e+01
8.010843658447265625e+01
8.066830444335937500e+01
7.961190795898437500e+01
7.909281921386718750e+01
7.764412689208984375e+01
7.774321746826171875e+01
7.691581726074218750e+01
7.784572601318359375e+01
7.713867950439453125e+01
7.775330352783203125e+01
7.808908081054687500e+01
7.855659484863281250e+01
7.849306488037109375e+01
7.821089935302734375e+01
7.705200195312500000e+01
7.743543243408203125e+01
7.909564971923828125e+01
8.102378082275390625e+01
8.151497650146484375e+01
8.106993865966796875e+01
8.175994873046875000e+01
8.126749420166015625e+01
8.077851104736328125e+01
7.988527679443359375e+01
7.940866088867187500e+01
7.918005371093750000e+01
7.867916107177734375e+01
7.804875946044921875e+01
7.852998352050781250e+01
7.858551788330078125e+01
8.024538421630859375e+01
8.023523712158203125e+01
8.079063415527343750e+01
8.075664520263671875e+01
7.899790954589843750e+01
7.786701202392578125e+01
7.705561065673828125e+01
7.761579132080078125e+01
7.888127136230468750e+01
7.901716613769531250e+01
7.966410064697265625e+01
7.899604034423828125e+01
7.939241790771484375e+01
8.091519927978515625e+01
7.989685821533203125e+01
8.012020874023437500e+01
8.081834411621093750e+01
8.146417999267578125e+01
8.143228912353515625e+01
7.936308288574218750e+01
7.824816894531250000e+01
7.710943603515625000e+01
7.777404785156250000e+01
7.863697052001953125e+01
7.978546142578125000e+01
7.931776428222656250e+01
7.942794036865234375e+01
7.850515747070312500e+01
7.918805694580078125e+01
7.937105560302734375e+01
8.064969635009765625e+01
8.014327239990234375e+01
7.901794433593750000e+01
7.720076751708984375e+01
7.695015716552734375e+01
7.859276580810546875e+01
7.951161956787109375e+01
7.807185363769531250e+01
7.590340423583984375e+01
7.556771850585937500e+01
7.769957733154296875e+01
7.957878112792968750e+01
7.916479492187500000e+01
7.953563690185546875e+01
7.855950927734375000e+01
7.832986450195312500e+01
7.917304992675781250e+01
7.948854827880859375e+01
7.971032714843750000e+01
8.016328430175781250e+01
7.956168365478515625e+01
7.960736846923828125e+01
7.962295532226562500e+01
8.053436279296875000e+01
7.921331024169921875e+01
7.737535858154296875e+01
7.705120086669921875e+01
7.713634490966796875e+01
7.771450042724609375e+01
7.910495758056640625e+01
7.879283142089843750e+01
7.807298278808593750e+01
7.523590087890625000e+01
7.473420715332031250e+01
7.520315551757812500e+01
7.655521392822265625e+01
7.766586303710937500e+01
7.860142517089843750e+01
7.865611267089843750e+01
7.807884979248046875e+01
7.738459777832031250e+01
7.831991577148437500e+01
7.827195739746093750e+01
7.932495880126953125e+01
7.807403564453125000e+01
7.934983062744140625e+01
7.922261047363281250e+01
7.918955230712890625e+01
7.724112701416015625e+01
7.721437072753906250e+01
7.787277984619140625e+01
7.880754089355468750e+01
7.697205352783203125e+01
7.573106384277343750e+01
7.487118530273437500e+01
7.545052337646484375e+01
7.625007629394531250e+01
7.648612976074218750e+01
7.633049774169921875e+01
7.708305358886718750e+01
7.637258911132812500e+01
7.661426544189453125e+01
7.698927307128906250e+01
7.760405731201171875e+01
7.796373748779296875e+01
7.624101257324218750e+01
7.689937591552734375e+01
7.717902374267578125e+01
7.635564422607421875e+01
7.652604675292968750e+01
7.750738525390625000e+01
7.866425323486328125e+01
7.726441192626953125e+01
7.660967254638671875e+01
7.782264709472656250e+01
7.916860198974609375e+01
8.014903259277343750e+01
7.901028442382812500e+01
7.857786560058593750e+01
7.931803894042968750e+01
7.934735107421875000e+01
7.943705749511718750e+01
7.804126739501953125e+01
7.817926788330078125e+01
7.867305755615234375e+01
7.892098999023437500e+01
7.875061798095703125e+01
7.780013275146484375e+01
7.757495117187500000e+01
7.777690887451171875e+01
7.785084533691406250e+01
7.787826538085937500e+01
7.732028961181640625e+01
7.638303375244140625e+01
7.692722320556640625e+01
7.755883026123046875e+01
7.887575531005859375e+01
7.804219818115234375e+01
7.930258178710937500e+01
7.897088623046875000e+01
7.951221466064453125e+01
7.771754455566406250e+01
7.823493194580078125e+01
7.779934692382812500e+01
7.847765350341796875e+01
7.722377014160156250e+01
7.791119384765625000e+01
7.821980285644531250e+01
7.753039550781250000e+01
7.504273986816406250e+01
7.381940460205078125e+01
7.433859252929687500e+01
7.514668273925781250e+01
7.647376251220703125e+01
7.773899841308593750e+01
7.815879821777343750e+01
7.697087097167968750e+01
7.665785217285156250e+01
7.765895843505859375e+01
7.698725128173828125e+01
7.675686645507812500e+01
7.766134643554687500e+01
7.812306213378906250e+01
7.681388854980468750e+01
7.524592590332031250e+01
7.654916381835937500e+01
7.721623229980468750e+01
7.754173278808593750e+01
7.758676147460937500e+01
7.803961181640625000e+01
7.798281860351562500e+01
7.722900390625000000e+01
7.627558898925781250e+01
7.572782897949218750e+01
7.596686553955078125e+01
7.675444793701171875e+01
7.674049377441406250e+01
7.729458618164062500e+01
7.576139068603515625e+01
7.558405303955078125e+01
7.682815551757812500e+01
7.878779602050781250e+01
7.915055084228515625e+01
7.811842346191406250e+01
7.727627563476562500e+01
7.645640563964843750e+01
7.691829681396484375e+01
7.747486114501953125e+01
7.660833740234375000e+01
7.646523284912109375e+01
7.636252593994140625e+01
7.755386352539062500e+01
7.767256164550781250e+01
7.700774383544921875e+01
7.666274261474609375e+01
7.485550689697265625e+01
7.410396575927734375e+01
7.303571319580078125e+01
7.466059875488281250e+01
7.659022521972656250e+01
7.722020721435546875e+01
7.630635833740234375e+01
7.607059478759765625e+01
7.689437866210937500e+01
7.716421508789062500e+01
7.577379608154296875e+01
7.610984039306640625e+01
7.627928924560546875e+01
7.682268524169921875e+01
7.622779083251953125e+01
7.684207916259765625e+01
7.660742187500000000e+01
7.635700225830078125e+01
7.728828430175781250e+01
7.853304290771484375e+01
7.912348937988281250e+01
7.966402435302734375e+01
7.972182464599609375e+01
7.842531585693359375e+01
7.701916503906250000e+01
7.671961975097656250e+01
7.660011291503906250e+01
7.622451782226562500e+01
7.465214538574218750e+01
7.518827056884765625e+01
7.539758300781250000e+01
7.631350708007812500e+01
7.578388214111328125e+01
7.510610198974609375e+01
7.305514526367187500e+01
7.379266357421875000e+01
7.507321929931640625e+01
7.697489166259765625e+01
7.655117797851562500e+01
7.568234252929687500e+01
7.479141998291015625e+01
7.495875549316406250e+01
7.534111022949218750e+01
7.584374237060546875e+01
7.731950378417968750e+01
7.710024261474609375e+01
7.688637542724609375e+01
7.570294952392578125e+01
7.682633209228515625e+01
7.610769653320312500e+01
7.608685302734375000e+01
7.687434387207031250e+01
7.671130371093750000e+01
7.712786102294921875e+01
7.723630523681640625e+01
7.813473510742187500e+01
7.747800445556640625e+01
7.556333160400390625e+01
7.457291412353515625e+01
7.411856079101562500e+01
7.634933471679687500e+01
7.827094268798828125e+01
7.975960540771484375e+01
7.846150970458984375e+01
7.801734924316406250e+01
7.798257446289062500e+01
7.891177368164062500e+01
7.864842224121093750e+01
7.785140991210937500e+01
7.704035949707031250e+01
7.740440368652343750e+01
7.628440856933593750e+01
7.649826049804687500e+01
7.488704681396484375e+01
7.380496215820312500e+01
7.417118835449218750e+01
7.513554382324218750e+01
7.541470336914062500e+01
7.462011718750000000e+01
7.470609283447265625e+01
7.696221923828125000e+01
7.819179534912109375e+01
7.838754272460937500e+01
7.701715850830078125e+01
7.523095703125000000e+01
7.392827606201171875e+01
7.504966735839843750e+01
7.588060760498046875e+01
7.700937652587890625e+01
7.743539428710937500e+01
7.692245483398437500e+01
7.589121246337890625e+01
7.595626831054687500e+01
7.704679870605468750e+01
7.654261779785156250e+01
7.476458740234375000e+01
7.260159301757812500e+01
7.235116577148437500e+01
7.385423278808593750e+01
7.629935455322265625e+01
7.730973052978515625e+01
7.786860656738281250e+01
7.785234069824218750e+01
7.742714691162109375e+01
7.542900085449218750e+01
7.458731079101562500e+01
7.448770141601562500e+01
7.566580200195312500e+01
7.667934417724609375e+01
7.829613494873046875e+01
7.859671783447265625e+01
7.813197326660156250e+01
7.832270812988281250e+01
7.820319366455078125e+01
7.826060485839843750e+01
7.710040283203125000e+01
7.634426879882812500e+01
7.606959533691406250e+01
7.647813415527343750e+01
7.593421173095703125e+01
7.536499786376953125e+01
7.473046112060546875e+01
7.508710479736328125e+01
7.558829498291015625e+01
7.438588714599609375e+01
7.315266418457031250e+01
7.242286682128906250e+01
7.338285064697265625e+01
7.405041503906250000e+01
7.481784057617187500e+01
7.547966003417968750e+01
7.671566772460937500e+01
7.599103546142578125e+01
7.597413635253906250e+01
7.532721710205078125e+01
7.620098876953125000e+01
7.637986755371093750e+01
7.646784973144531250e+01
7.611175537109375000e+01
7.758891296386718750e+01
7.873357391357421875e+01
7.768672943115234375e+01
7.639581298828125000e+01
7.596604919433593750e+01
7.614321136474609375e+01
7.521577453613281250e+01
7.542349243164062500e+01
7.600041198730468750e+01
7.664434814453125000e+01
7.591395568847656250e+01
7.539138793945312500e+01
7.503962707519531250e+01
7.573976135253906250e+01
7.663269042968750000e+01
7.730124664306640625e+01
7.584859466552734375e+01
7.407913208007812500e+01
7.431921386718750000e+01
7.574269104003906250e+01
7.667946624755859375e+01
7.626886749267578125e+01
7.659342193603515625e+01
7.608328247070312500e+01
7.657575225830078125e+01
7.539003753662109375e+01
7.601603698730468750e+01
7.572875976562500000e+01
7.698134613037109375e+01
7.601895141601562500e+01
7.450645446777343750e+01
7.393775939941406250e+01
7.408256530761718750e+01
7.567249298095703125e+01
7.598867034912109375e+01
7.596312713623046875e+01
7.523181915283203125e+01
7.449061584472656250e+01
7.488698577880859375e+01
7.472837066650390625e+01
7.586933135986328125e+01
7.600605010986328125e+01
7.774192047119140625e+01
7.886614227294921875e+01
7.812767028808593750e+01
7.735347747802734375e+01
7.594142913818359375e+01
7.475994110107421875e+01
7.531320190429687500e+01
7.580505371093750000e+01
7.710066223144531250e+01
7.658322143554687500e+01
7.801831054687500000e+01
7.877813720703125000e+01
7.701467132568359375e+01
7.560926818847656250e+01
7.518225860595703125e+01
7.622486114501953125e+01
7.593231964111328125e+01
7.672087097167968750e+01
7.592337036132812500e+01
7.584204101562500000e+01
7.585335540771484375e+01
7.575675201416015625e+01
7.564939117431640625e+01
7.560977172851562500e+01
7.664869689941406250e+01
7.631324768066406250e+01
7.703996276855468750e+01
7.782216644287109375e+01
7.909751129150390625e+01
8.105886077880859375e+01
8.026944732666015625e+01
7.748843383789062500e+01
7.528238677978515625e+01
7.664787292480468750e+01
7.764997863769531250e+01
7.736767578125000000e+01
7.676337432861328125e+01
7.557159423828125000e+01
7.510795593261718750e+01
7.386869049072265625e+01
7.532431030273437500e+01
7.497967529296875000e+01
7.561979675292968750e+01
7.560680389404296875e+01
7.693828582763671875e+01
7.519258880615234375e+01
7.399662017822265625e+01
7.201329040527343750e+01
7.279184722900390625e+01
7.347768402099609375e+01
7.470827484130859375e+01
7.258017730712890625e+01
7.151348876953125000e+01
7.136725616455078125e+01
7.345055389404296875e+01
7.232210540771484375e+01
7.104207611083984375e+01
7.117216491699218750e+01
7.065738677978515625e+01
7.030982971191406250e+01
6.872888183593750000e+01
7.102188110351562500e+01
7.035372161865234375e+01
7.155650329589843750e+01
7.243918609619140625e+01
7.357674407958984375e+01
7.349988555908203125e+01
7.317038726806640625e+01
7.163722229003906250e+01
7.016818237304687500e+01
7.021029663085937500e+01
7.137133026123046875e+01
7.206141662597656250e+01
7.223941802978515625e+01
7.191787719726562500e+01
7.022411346435546875e+01
6.976015472412109375e+01
7.075017547607421875e+01
7.335816192626953125e+01
7.254508209228515625e+01
7.268199920654296875e+01
7.171269226074218750e+01
7.340992736816406250e+01
7.411384582519531250e+01
7.588908386230468750e+01
7.418701934814453125e+01
7.249047088623046875e+01
7.135617828369140625e+01
7.128400421142578125e+01
7.128300476074218750e+01
7.104977416992187500e+01
7.220207977294921875e+01
7.273294830322265625e+01
7.408681488037109375e+01
7.349173736572265625e+01
7.251986694335937500e+01
6.999014282226562500e+01
6.943399810791015625e+01
6.891659545898437500e+01
6.919483947753906250e+01
7.177764892578125000e+01
7.303694152832031250e+01
7.277637481689453125e+01
7.135268402099609375e+01
7.330408477783203125e+01
7.501138305664062500e+01
7.575566864013671875e+01
7.373651123046875000e+01
7.403088378906250000e+01
7.279979705810546875e+01
7.271981048583984375e+01
7.281062316894531250e+01
7.439963531494140625e+01
7.757540130615234375e+01
7.679498291015625000e+01
7.538356781005859375e+01
7.272360992431640625e+01
7.121133422851562500e+01
7.156690216064453125e+01
7.217906188964843750e+01
7.417160034179687500e+01
7.411583709716796875e+01
7.267488861083984375e+01
6.974904632568359375e+01
6.724314117431640625e+01
6.836032104492187500e+01
7.013369750976562500e+01
7.085398864746093750e+01
7.039305114746093750e+01
6.922808837890625000e+01
6.874396514892578125e+01
6.840410614013671875e+01
6.981674957275390625e+01
7.036388397216796875e+01
7.081208038330078125e+01
6.862119293212890625e+01
6.847024536132812500e+01
6.827348327636718750e+01
7.029546356201171875e+01
7.173682403564453125e+01
7.046802520751953125e+01
6.783627319335937500e+01
6.584851074218750000e+01
6.891179656982421875e+01
6.861670684814453125e+01
6.746759033203125000e+01
6.781066894531250000e+01
6.941563415527343750e+01
7.134516143798828125e+01
7.039450836181640625e+01
6.905433654785156250e+01
6.849928283691406250e+01
6.771031951904296875e+01
6.736955261230468750e+01
6.653379821777343750e+01
6.808364868164062500e+01
7.088065338134765625e+01
7.178937530517578125e+01
7.205470275878906250e+01
7.054711151123046875e+01
7.179309844970703125e+01
6.949130249023437500e+01
6.886436462402343750e+01
7.061480712890625000e+01
7.232322692871093750e+01
7.318836975097656250e+01
7.206929779052734375e+01
7.353431701660156250e+01
7.532038116455078125e+01
7.642097473144531250e+01
7.449857330322265625e+01
7.093286132812500000e+01
7.049189758300781250e+01
7.245363616943359375e+01
7.181548309326171875e+01
6.939117431640625000e+01
6.909738159179687500e+01
7.226762390136718750e+01
7.449782562255859375e+01
7.415664672851562500e+01
7.212308502197265625e+01
7.018214416503906250e+01
6.827175903320312500e+01
6.837636566162109375e+01
6.870870208740234375e+01
6.923402404785156250e+01
6.652687835693359375e+01
6.704103851318359375e+01
7.584761047363281250e+01
8.452388000488281250e+01
8.406889343261718750e+01
7.964906311035156250e+01
8.198108673095703125e+01
8.382845306396484375e+01
8.455384063720703125e+01
8.238876342773437500e+01
8.114129638671875000e+01
7.897508239746093750e+01
7.644235229492187500e+01
7.601123809814453125e+01
7.712057495117187500e+01
7.884526824951171875e+01
7.843231964111328125e+01
7.480100250244140625e+01
7.319925689697265625e+01
7.763445281982421875e+01
8.090364837646484375e+01
7.880551147460937500e+01
7.620709991455078125e+01
7.733438873291015625e+01
7.818419647216796875e+01
7.569887542724609375e+01
7.394670104980468750e+01
7.422227478027343750e+01
7.386457824707031250e+01
7.348913574218750000e+01
7.374574279785156250e+01
7.245692443847656250e+01
7.340561676025390625e+01
7.259724426269531250e+01
7.434956359863281250e+01
7.472731781005859375e+01
7.370999145507812500e+01
7.312802124023437500e+01
7.351784515380859375e+01
7.385750579833984375e+01
7.379684448242187500e+01
7.461663818359375000e+01
7.649460601806640625e+01
7.671485900878906250e+01
7.671361541748046875e+01
7.677626037597656250e+01
7.612920379638671875e+01
7.581221008300781250e+01
7.580499267578125000e+01
7.608925628662109375e+01
7.685466766357421875e+01
7.632701110839843750e+01
7.827571105957031250e+01
7.790702056884765625e+01
7.830459594726562500e+01
7.663302612304687500e+01
7.611309814453125000e+01
7.683743286132812500e+01
7.885419464111328125e+01
7.779120635986328125e+01
7.672814178466796875e+01
7.625995635986328125e+01
7.679280090332031250e+01
7.641666412353515625e+01
7.577186584472656250e+01
7.557812500000000000e+01
7.546282958984375000e+01
7.509732055664062500e+01
7.415175628662109375e+01
7.357448577880859375e+01
7.527599334716796875e+01
7.611650848388671875e+01
7.398448944091796875e+01
7.314924621582031250e+01
7.338136291503906250e+01
7.416107940673828125e+01
7.342803192138671875e+01
7.426074981689453125e+01
7.299630737304687500e+01
7.143280029296875000e+01
7.086290740966796875e+01
7.328571319580078125e+01
7.410518646240234375e+01
7.243820190429687500e+01
7.324590301513671875e+01
7.417830657958984375e+01
7.322053527832031250e+01
7.497901916503906250e+01
7.571913909912109375e+01
7.414611053466796875e+01
7.435068511962890625e+01
7.451678466796875000e+01
7.427743530273437500e+01
7.391092681884765625e+01
7.563390350341796875e+01
7.531694030761718750e+01
7.456743621826171875e+01
7.325757598876953125e+01
7.305747985839843750e+01
7.314207458496093750e+01
7.274291992187500000e+01
7.221798706054687500e+01
7.366274261474609375e+01
7.424958801269531250e+01
7.286866760253906250e+01
7.121858215332031250e+01
7.163509368896484375e+01
7.340689849853515625e+01
7.453490447998046875e+01
7.403010559082031250e+01
7.327973937988281250e+01
7.130897521972656250e+01
7.080195617675781250e+01
7.187835693359375000e+01
7.233409881591796875e+01
7.222955322265625000e+01
7.451986694335937500e+01
7.670854949951171875e+01
7.728301239013671875e+01
7.607587432861328125e+01
7.559595489501953125e+01
7.496698760986328125e+01
7.354863739013671875e+01
7.437716674804687500e+01
7.520437622070312500e+01
7.327993011474609375e+01
7.176330566406250000e+01
7.001201629638671875e+01
6.959564971923828125e+01
6.958774566650390625e+01
6.960321044921875000e+01
7.041117858886718750e+01
7.227792358398437500e+01
7.237592315673828125e+01
7.290876770019531250e+01
7.452592468261718750e+01
7.595721435546875000e+01
7.563524627685546875e+01
7.306148529052734375e+01
7.110654449462890625e+01
7.046893310546875000e+01
7.065257263183593750e+01
7.146235656738281250e+01
7.012809753417968750e+01
7.043816375732421875e+01
7.134883117675781250e+01
7.055279541015625000e+01
7.086624908447265625e+01
7.170711517333984375e+01
7.287955474853515625e+01
7.349889373779296875e+01
7.464376831054687500e+01
7.353701782226562500e+01
7.285082244873046875e+01
7.290116882324218750e+01
7.080876159667968750e+01
7.066599273681640625e+01
7.116033172607421875e+01
7.344111633300781250e+01
7.330992889404296875e+01
7.116106414794921875e+01
7.159253692626953125e+01
7.377304840087890625e+01
7.458853149414062500e+01
7.381819915771484375e+01
7.273067474365234375e+01
7.323577117919921875e+01
7.097954559326171875e+01
6.888986206054687500e+01
6.793066406250000000e+01
7.019691467285156250e+01
7.143682098388671875e+01
7.006136322021484375e+01
6.827696990966796875e+01
6.890502166748046875e+01
7.247479248046875000e+01
7.236518096923828125e+01
7.128257751464843750e+01
7.129087829589843750e+01
7.097482299804687500e+01
7.021926116943359375e+01
6.891175079345703125e+01
6.943632507324218750e+01
7.064075469970703125e+01
7.165805053710937500e+01
7.164486694335937500e+01
7.168400573730468750e+01
7.159870910644531250e+01
7.051171875000000000e+01
6.986965942382812500e+01
6.905195617675781250e+01
7.027228546142578125e+01
7.244654846191406250e+01
7.313381195068359375e+01
7.226047515869140625e+01
7.153580474853515625e+01
7.096495056152343750e+01
7.002401733398437500e+01
6.948550415039062500e+01
7.033425903320312500e+01
7.123381805419921875e+01
7.246852111816406250e+01
7.153306579589843750e+01
7.112948608398437500e+01
7.115811920166015625e+01
7.128193664550781250e+01
7.012681579589843750e+01
6.945220184326171875e+01
6.903977966308593750e+01
6.917782592773437500e+01
6.940428924560546875e+01
6.846092987060546875e+01
6.870472717285156250e+01
7.006023406982421875e+01
7.058316802978515625e+01
6.953568267822265625e+01
7.067929840087890625e+01
7.195572662353515625e+01
7.030636596679687500e+01
6.939891815185546875e+01
6.852145385742187500e+01
6.871371459960937500e+01
6.860269927978515625e+01
6.972846984863281250e+01
7.009779357910156250e+01
7.248335266113281250e+01
7.258177185058593750e+01
7.132836914062500000e+01
7.027783966064453125e+01
7.045920562744140625e+01
7.121658325195312500e+01
7.251848602294921875e+01
7.257574462890625000e+01
7.058631134033203125e+01
6.836363220214843750e+01
6.810408020019531250e+01
6.890062713623046875e+01
6.851552581787109375e+01
6.901623535156250000e+01
6.874250030517578125e+01
6.849003601074218750e+01
6.963240051269531250e+01
7.133580017089843750e+01
7.147758483886718750e+01
6.981407928466796875e+01
6.979477691650390625e+01
7.032769775390625000e+01
7.002673339843750000e+01
6.971536254882812500e+01
6.870834350585937500e+01
6.766156768798828125e+01
6.770648956298828125e+01
6.816578674316406250e+01
6.868261718750000000e+01
6.729300689697265625e+01
6.824671936035156250e+01
6.804454040527343750e+01
6.818373107910156250e+01
6.947516632080078125e+01
7.103127288818359375e+01
7.205018615722656250e+01
7.028907775878906250e+01
6.942510223388671875e+01
6.898439788818359375e+01
6.977981567382812500e+01
7.006078338623046875e+01
6.882411956787109375e+01
6.854346466064453125e+01
6.879576110839843750e+01
6.921265411376953125e+01
7.103235626220703125e+01
7.137297058105468750e+01
7.079203796386718750e+01
6.936455535888671875e+01
6.744132232666015625e+01
6.777007293701171875e+01
6.809513092041015625e+01
6.881213378906250000e+01
6.845977783203125000e+01
6.968842315673828125e+01
7.004692077636718750e+01
7.059275817871093750e+01
6.875782012939453125e+01
6.722339630126953125e+01
6.661393737792968750e+01
6.682150268554687500e+01
6.648508453369140625e+01
6.685848236083984375e+01
6.709651947021484375e+01
6.764550781250000000e+01
6.743515777587890625e+01
6.828852081298828125e+01
6.832767486572265625e+01
6.917445373535156250e+01
6.893741607666015625e+01
6.836805725097656250e+01
6.862874603271484375e+01
6.967896270751953125e+01
6.904279327392578125e+01
6.816833496093750000e+01
6.784254455566406250e+01
6.835431671142578125e+01
6.908508300781250000e+01
6.929156494140625000e+01
7.003310394287109375e+01
6.976636505126953125e+01
7.041971588134765625e+01
7.056933593750000000e+01
6.986979675292968750e+01
6.921487426757812500e+01
6.852405548095703125e+01
6.920445251464843750e+01
6.983661651611328125e+01
7.064907836914062500e+01
7.104595184326171875e+01
6.851975250244140625e+01
6.856484985351562500e+01
6.848867034912109375e+01
6.929788970947265625e+01
7.016924285888671875e+01
7.043623352050781250e+01
6.903214263916015625e+01
6.839556884765625000e+01
6.905883026123046875e+01
6.894448852539062500e+01
6.834243011474609375e+01
6.929468536376953125e+01
6.862061309814453125e+01
6.786342620849609375e+01
6.827335357666015625e+01
6.819442749023437500e+01
6.838491821289062500e+01
6.960660552978515625e+01
7.019158172607421875e+01
7.019982147216796875e+01
6.855659484863281250e+01
6.971231079101562500e+01
6.960543823242187500e+01
7.026113891601562500e+01
7.021088409423828125e+01
6.944541168212890625e+01
6.741339874267578125e+01
6.790046691894531250e+01
6.966568756103515625e+01
6.926491546630859375e+01
6.837351989746093750e+01
6.891715240478515625e+01
6.911380767822265625e+01
6.947217559814453125e+01
6.908097076416015625e+01
6.743487548828125000e+01
6.673614501953125000e+01
6.781103515625000000e+01
6.872108459472656250e+01
6.788140869140625000e+01
6.675511932373046875e+01
6.714547729492187500e+01
6.732074737548828125e+01
6.804456329345703125e+01
6.750093841552734375e+01
6.804727935791015625e+01
6.926329040527343750e+01
6.908916473388671875e+01
6.919633483886718750e+01
7.008225250244140625e+01
7.060561370849609375e+01
6.873110198974609375e+01
6.865753173828125000e+01
6.798458862304687500e+01
6.779029083251953125e+01
6.875118255615234375e+01
6.929216766357421875e+01
6.953925323486328125e+01
6.983356475830078125e+01
6.985630035400390625e+01
6.797013092041015625e+01
6.767429351806640625e+01
6.791193389892578125e+01
6.779282379150390625e+01
6.765471649169921875e+01
6.805391693115234375e+01
6.711830902099609375e+01
6.656511688232421875e+01
6.619183349609375000e+01
6.701404571533203125e+01
6.924758148193359375e+01
6.903083038330078125e+01
7.002587127685546875e+01
7.013858032226562500e+01
6.940669250488281250e+01
6.920137023925781250e+01
6.767420196533203125e+01
6.832598114013671875e+01
6.896021270751953125e+01
6.784779357910156250e+01
6.693644714355468750e+01
6.760138702392578125e+01
6.930178833007812500e+01
6.975075531005859375e+01
6.956858062744140625e+01
6.898392486572265625e+01
7.060393524169921875e+01
8.126778411865234375e+01
8.663257598876953125e+01
8.098235321044921875e+01
7.514830780029296875e+01
7.427812194824218750e+01
7.113579559326171875e+01
7.770613861083984375e+01
8.833177947998046875e+01
8.662205505371093750e+01
8.150485992431640625e+01
8.220033264160156250e+01
8.305645751953125000e+01
7.963485717773437500e+01
7.670079040527343750e+01
7.526016998291015625e+01
7.207125091552734375e+01
6.887934112548828125e+01
6.775740814208984375e+01
6.935357666015625000e+01
7.035852050781250000e+01
6.924024200439453125e+01
6.903149414062500000e+01
6.941720581054687500e+01
7.066921234130859375e+01
7.016268920898437500e+01
6.867644500732421875e+01
6.711108398437500000e+01
6.859980010986328125e+01
6.980770874023437500e+01
6.940456390380859375e+01
6.934063720703125000e+01
6.879600524902343750e+01
6.631987762451171875e+01
6.423050689697265625e+01
6.343875122070312500e+01
6.568690490722656250e+01
6.849385833740234375e+01
6.920154571533203125e+01
6.763655853271484375e+01
6.616536712646484375e+01
6.585206604003906250e+01
6.574462127685546875e+01
6.735761260986328125e+01
6.621769714355468750e+01
6.551465606689453125e+01
6.685548400878906250e+01
6.868912506103515625e+01
6.923854064941406250e+01
7.021977233886718750e+01
6.987683868408203125e+01
7.027977752685546875e+01
7.041094207763671875e+01
6.920011138916015625e+01
6.698172760009765625e+01
6.643169403076171875e+01
6.853221130371093750e+01
7.098003387451171875e+01
7.113409423828125000e+01
6.808215332031250000e+01
6.727845764160156250e+01
6.788859558105468750e+01
6.825741577148437500e+01
6.742890167236328125e+01
6.548532104492187500e+01
6.560263061523437500e+01
6.770656585693359375e+01
6.868628692626953125e+01
6.700118255615234375e+01
6.655394744873046875e+01
6.649981689453125000e+01
6.637204742431640625e+01
6.512437438964843750e+01
6.527574920654296875e+01
6.673700714111328125e+01
6.648681640625000000e+01
6.514402770996093750e+01
6.444968414306640625e+01
6.483389282226562500e+01
6.492201232910156250e+01
6.622246551513671875e+01
6.632137298583984375e+01
6.665915679931640625e+01
6.717993164062500000e+01
6.843509674072265625e+01
6.784996795654296875e+01
6.692037963867187500e+01
6.518779754638671875e+01
6.458362579345703125e+01
6.579865264892578125e+01
6.671231842041015625e+01
6.659162139892578125e+01
6.878623962402343750e+01
6.959336090087890625e+01
6.769268798828125000e+01
6.689651489257812500e+01
6.626708984375000000e+01
6.604768371582031250e+01
6.600276947021484375e+01
6.604338073730468750e+01
6.546355438232421875e+01
6.474304962158203125e+01
6.420061492919921875e+01
6.526890563964843750e+01
6.633106231689453125e+01
6.771721649169921875e+01
6.637482452392578125e+01
6.432331848144531250e+01
6.349354553222656250e+01
6.391328048706054688e+01
6.273472213745117188e+01
6.258277130126953125e+01
6.498667907714843750e+01
6.577317047119140625e+01
6.568837738037109375e+01
6.617529296875000000e+01
6.631027984619140625e+01
6.678815460205078125e+01
6.664112854003906250e+01
6.713803100585937500e+01
6.703855895996093750e+01
6.400757598876953125e+01
6.215709686279296875e+01
6.295121765136718750e+01
6.485565185546875000e+01
6.567712402343750000e+01
6.608491516113281250e+01
6.551025390625000000e+01
6.576651000976562500e+01
6.552746582031250000e+01
6.339750671386718750e+01
6.323857879638671875e+01
6.449013519287109375e+01
6.441597747802734375e+01
6.547713470458984375e+01
6.503212738037109375e+01
6.340090179443359375e+01
6.327693176269531250e+01
6.434181976318359375e+01
6.495160675048828125e+01
6.547102355957031250e+01
6.591468811035156250e+01
6.743734741210937500e+01
6.811976623535156250e+01
6.719366455078125000e+01
6.524149322509765625e+01
6.398300552368164062e+01
6.438441467285156250e+01
6.400070953369140625e+01
6.355944061279296875e+01
6.365587997436523438e+01
6.230839538574218750e+01
6.229373550415039062e+01
6.282023620605468750e+01
6.279684066772460938e+01
6.454634857177734375e+01
6.445459747314453125e+01
6.284366989135742188e+01
6.241383361816406250e+01
6.445630645751953125e+01
6.537686920166015625e+01
6.415217590332031250e+01
6.365636825561523438e+01
6.320337677001953125e+01
6.296970367431640625e+01
6.092061614990234375e+01
6.081192779541015625e+01
6.350412368774414062e+01
6.395674133300781250e+01
6.374938964843750000e+01
6.409037780761718750e+01
6.381653976440429688e+01
6.283800125122070312e+01
6.307572174072265625e+01
6.091506195068359375e+01
5.972293472290039062e+01
6.073762512207031250e+01
6.183281707763671875e+01
6.275104522705078125e+01
6.265069580078125000e+01
6.268024063110351562e+01
6.269335556030273438e+01
6.164091491699218750e+01
6.155777740478515625e+01
6.304778671264648438e+01
6.347907638549804688e+01
6.257781219482421875e+01
6.233570861816406250e+01
6.065493011474609375e+01
6.052413940429687500e+01
6.242457199096679688e+01
6.222749710083007812e+01
6.147348022460937500e+01
6.128281784057617188e+01
6.144563674926757812e+01
6.280746459960937500e+01
6.319469833374023438e+01
6.275294494628906250e+01
6.318049621582031250e+01
6.296042251586914062e+01
6.362652587890625000e+01
6.528364562988281250e+01
6.470259857177734375e+01
6.327412033081054688e+01
6.251280975341796875e+01
6.203625106811523438e+01
6.283025360107421875e+01
6.347493362426757812e+01
6.170769119262695312e+01
6.130348205566406250e+01
6.150762176513671875e+01
6.052545547485351562e+01
6.109440231323242188e+01
6.265908432006835938e+01
6.294194030761718750e+01
6.319976425170898438e+01
6.241531372070312500e+01
6.167074203491210938e+01
6.158505630493164062e+01
6.101753997802734375e+01
6.152835464477539062e+01
6.107167434692382812e+01
5.857179641723632812e+01
5.954902267456054688e+01
6.050421905517578125e+01
5.860392761230468750e+01
5.815493011474609375e+01
6.044426345825195312e+01
6.150119400024414062e+01
6.006118392944335938e+01
6.040055847167968750e+01
6.106401824951171875e+01
6.094631195068359375e+01
6.226459503173828125e+01
6.237094497680664062e+01
6.123937225341796875e+01
6.131379699707031250e+01
6.065041732788085938e+01
6.059707260131835938e+01
6.134385299682617188e+01
6.206824874877929688e+01
6.176301193237304688e+01
6.103546905517578125e+01
6.193140029907226562e+01
6.149901580810546875e+01
6.055300140380859375e+01
6.049763488769531250e+01
6.190717697143554688e+01
6.188892745971679688e+01
6.117402267456054688e+01
6.118126296997070312e+01
6.137590408325195312e+01
6.137361526489257812e+01
6.070918655395507812e+01
6.044479370117187500e+01
6.058723068237304688e+01
6.051743316650390625e+01
5.988634872436523438e+01
5.995300292968750000e+01
6.097880935668945312e+01
6.154040908813476562e+01
6.274963760375976562e+01
6.320914840698242188e+01
6.210154724121093750e+01
6.060567092895507812e+01
6.121350860595703125e+01
6.184026336669921875e+01
6.139104080200195312e+01
6.144174194335937500e+01
6.217193222045898438e+01
6.256330871582031250e+01
6.295747756958007812e+01
6.269953918457031250e+01
6.366900253295898438e+01
6.347668457031250000e+01
6.080390167236328125e+01
6.141039657592773438e+01
6.260072708129882812e+01
6.242655181884765625e+01
6.351873779296875000e+01
6.230308532714843750e+01
6.127299880981445312e+01
6.320713424682617188e+01
6.118220520019531250e+01
5.894074249267578125e+01
6.076697540283203125e+01
6.142108917236328125e+01
6.131672668457031250e+01
6.007965469360351562e+01
5.844915771484375000e+01
6.018823242187500000e+01
6.157454299926757812e+01
6.042898941040039062e+01
6.029742431640625000e+01
6.255018234252929688e+01
6.409545135498046875e+01
6.290520858764648438e+01
6.226958084106445312e+01
5.900073242187500000e+01
5.732844543457031250e+01
5.950581359863281250e+01
6.076132202148437500e+01
5.917533493041992188e+01
5.834661102294921875e+01
5.808897781372070312e+01
5.786328125000000000e+01
6.105875015258789062e+01
6.275411987304687500e+01
6.137699890136718750e+01
5.992440414428710938e+01
6.192105102539062500e+01
6.323364257812500000e+01
6.283874893188476562e+01
6.161137771606445312e+01
5.911823272705078125e+01
5.924602508544921875e+01
5.988022232055664062e+01
5.894427490234375000e+01
5.837205505371093750e+01
5.960033035278320312e+01
5.788961791992187500e+01
5.785585403442382812e+01
6.150566864013671875e+01
6.114055633544921875e+01
6.013992691040039062e+01
6.041093063354492188e+01
5.937741088867187500e+01
5.888947296142578125e+01
5.872534942626953125e+01
5.989289474487304688e+01
6.243673706054687500e+01
6.043963241577148438e+01
5.843338394165039062e+01
5.831821060180664062e+01
5.880410385131835938e+01
6.001382064819335938e+01
5.942348098754882812e+01
6.004228973388671875e+01
6.093282699584960938e+01
6.218879318237304688e+01
6.048339843750000000e+01
5.920322036743164062e+01
5.952740097045898438e+01
5.877270507812500000e+01
5.871693038940429688e+01
5.967768096923828125e+01
5.949900436401367188e+01
5.977146530151367188e+01
5.993951797485351562e+01
5.891844940185546875e+01
5.857030105590820312e+01
5.836437988281250000e+01
5.865993881225585938e+01
5.901323318481445312e+01
5.908767318725585938e+01
5.785624694824218750e+01
5.754130554199218750e+01
5.846229934692382812e+01
5.782796859741210938e+01
5.617254638671875000e+01
5.756258010864257812e+01
5.914689254760742188e+01
5.869669723510742188e+01
5.764937591552734375e+01
5.745118331909179688e+01
5.739125823974609375e+01
5.872374725341796875e+01
5.926233291625976562e+01
5.650019454956054688e+01
5.540723800659179688e+01
5.640435028076171875e+01
5.587191772460937500e+01
5.531458282470703125e+01
5.397434616088867188e+01
5.528068542480468750e+01
5.707215499877929688e+01
5.695708465576171875e+01
5.644105148315429688e+01
5.530217361450195312e+01
5.424211883544921875e+01
5.763788604736328125e+01
6.058118820190429688e+01
6.233246231079101562e+01
6.107769775390625000e+01
5.675759887695312500e+01
5.650971603393554688e+01
5.578604125976562500e+01
5.462969589233398438e+01
5.491925811767578125e+01
5.750574493408203125e+01
5.784374237060546875e+01
5.514825057983398438e+01
5.571278762817382812e+01
5.603559112548828125e+01
5.791183471679687500e+01
5.830660629272460938e+01
5.396334075927734375e+01
5.492881774902343750e+01
5.765440750122070312e+01
5.650688552856445312e+01
5.829671096801757812e+01
6.048800659179687500e+01
5.880795669555664062e+01
5.527278137207031250e+01
5.256496810913085938e+01
5.457427597045898438e+01
5.873800659179687500e+01
5.772085189819335938e+01
5.596639633178710938e+01
5.600942993164062500e+01
5.695610046386718750e+01
5.957556533813476562e+01
5.860077285766601562e+01
5.699561309814453125e+01
5.524643707275390625e+01
5.504030990600585938e+01
5.990400314331054688e+01
5.925235748291015625e+01
5.381707000732421875e+01
4.914160919189453125e+01
5.204331588745117188e+01
5.367693328857421875e+01
5.332245254516601562e+01
5.280449295043945312e+01
5.024622344970703125e+01
4.949838638305664062e+01
4.946392440795898438e+01
5.329499053955078125e+01
5.383891677856445312e+01
5.521195220947265625e+01
5.823843383789062500e+01
5.487176895141601562e+01
5.781445693969726562e+01
6.106133651733398438e+01
5.623790359497070312e+01
5.156567764282226562e+01
5.270518493652343750e+01
5.715314865112304688e+01
5.992241668701171875e+01
6.417577362060546875e+01
6.080348205566406250e+01
5.119961547851562500e+01
4.621430969238281250e+01
4.970009994506835938e+01
5.759792327880859375e+01
5.950897598266601562e+01
5.674837875366210938e+01
5.095912170410156250e+01
4.567910003662109375e+01
4.633805847167968750e+01
5.766593551635742188e+01
7.318537902832031250e+01
9.152843475341796875e+01
8.527330780029296875e+01
5.796968841552734375e+01
6.471838378906250000e+01
5.274903106689453125e+01
3.434331512451171875e+01
3.251921844482421875e+01
4.624270248413085938e+01
5.014824676513671875e+01
6.247635269165039062e+01
6.381362533569335938e+01
7.293226623535156250e+01
1.007053756713867188e+02
8.882102966308593750e+01
7.384464263916015625e+01
5.990620040893554688e+01
7.588330078125000000e+01
8.608414459228515625e+01
6.427536773681640625e+01
6.248818969726562500e+01
nan
nan
