nan
nan
nan
nan
nan
nan
nan
nan
nan
nan
nan
nan
nan
nan
nan
nan
nan
nan
nan
nan
nan
nan
nan
nan
nan
nan
nan
nan
nan
1.174931030273437500e+02
1.146949157714843750e+02
1.107076492309570312e+02
1.082963409423828125e+02
1.085342559814453125e+02
1.086507492065429688e+02
1.103863220214843750e+02
1.072035980224609375e+02
1.031564254760742188e+02
1.010059127807617188e+02
1.036738357543945312e+02
1.071155700683593750e+02
1.078049926757812500e+02
1.078556137084960938e+02
1.062306289672851562e+02
1.033955688476562500e+02
1.017930984497070312e+02
1.030209426879882812e+02
1.057953491210937500e+02
1.065768432617187500e+02
1.066568450927734375e+02
1.063775482177734375e+02
1.057790985107421875e+02
1.041715774536132812e+02
1.029328765869140625e+02
1.011944808959960938e+02
1.017949523925781250e+02
1.015175704956054688e+02
1.027702407836914062e+02
1.044417037963867188e+02
1.040942687988281250e+02
1.038554992675781250e+02
1.012994537353515625e+02
1.008554306030273438e+02
1.017199172973632812e+02
1.024683227539062500e+02
1.040447998046875000e+02
1.027145309448242188e+02
1.039836654663085938e+02
1.028790512084960938e+02
1.028544998168945312e+02
1.031450424194335938e+02
1.035758972167968750e+02
1.054175720214843750e+02
1.046305999755859375e+02
1.016823348999023438e+02
1.005241317749023438e+02
9.955911254882812500e+01
1.024305725097656250e+02
1.031799316406250000e+02
1.003370361328125000e+02
9.876418304443359375e+01
9.836796569824218750e+01
1.001622543334960938e+02
1.017038955688476562e+02
1.029259567260742188e+02
1.039035186767578125e+02
1.017376785278320312e+02
1.023454208374023438e+02
1.029003829956054688e+02
1.044730453491210938e+02
1.038636474609375000e+02
1.041888427734375000e+02
1.038558654785156250e+02
1.044744033813476562e+02
1.037867126464843750e+02
1.032085418701171875e+02
1.043872451782226562e+02
1.046183166503906250e+02
1.049056854248046875e+02
1.049355545043945312e+02
1.041774520874023438e+02
1.034121704101562500e+02
1.030361022949218750e+02
1.024813003540039062e+02
1.029850616455078125e+02
1.038857879638671875e+02
1.033347091674804688e+02
1.032385940551757812e+02
1.014512252807617188e+02
1.019464797973632812e+02
1.023961563110351562e+02
1.028534317016601562e+02
1.021246795654296875e+02
1.004114379882812500e+02
1.007521057128906250e+02
1.022270584106445312e+02
1.031561050415039062e+02
1.024994125366210938e+02
1.011545486450195312e+02
1.029904937744140625e+02
1.048316116333007812e+02
1.040041885375976562e+02
1.010835571289062500e+02
9.861671447753906250e+01
9.933496856689453125e+01
1.010217742919921875e+02
1.007045364379882812e+02
1.018562316894531250e+02
9.949461364746093750e+01
1.001214752197265625e+02
1.014839859008789062e+02
1.036658325195312500e+02
1.040651397705078125e+02
1.030971603393554688e+02
1.030288238525390625e+02
1.036776809692382812e+02
1.026277008056640625e+02
1.003832015991210938e+02
9.829402923583984375e+01
9.738211059570312500e+01
9.820316314697265625e+01
9.998061370849609375e+01
1.004970626831054688e+02
1.019788131713867188e+02
1.020840301513671875e+02
1.013376846313476562e+02
1.016774139404296875e+02
1.025065765380859375e+02
1.022909317016601562e+02
1.015203018188476562e+02
1.019319000244140625e+02
1.043605194091796875e+02
1.053722991943359375e+02
1.031810150146484375e+02
1.019251098632812500e+02
1.003685760498046875e+02
9.961076354980468750e+01
9.859868621826171875e+01
9.781658172607421875e+01
9.909044647216796875e+01
9.998606109619140625e+01
1.001210098266601562e+02
1.009094009399414062e+02
1.011913299560546875e+02
1.025298843383789062e+02
1.009211196899414062e+02
9.976473999023437500e+01
9.787850952148437500e+01
9.809877777099609375e+01
9.986833953857421875e+01
1.009414749145507812e+02
1.021748428344726562e+02
1.005590820312500000e+02
9.943202209472656250e+01
9.813387298583984375e+01
9.835961151123046875e+01
9.877336120605468750e+01
9.912129974365234375e+01
9.776231384277343750e+01
9.694161987304687500e+01
9.829522705078125000e+01
1.009577865600585938e+02
1.030106887817382812e+02
1.025211563110351562e+02
1.003648376464843750e+02
1.010135040283203125e+02
1.003879394531250000e+02
1.000399780273437500e+02
9.795793151855468750e+01
9.903186035156250000e+01
1.007099227905273438e+02
1.000480117797851562e+02
9.767284393310546875e+01
9.602121734619140625e+01
9.557961273193359375e+01
9.760778808593750000e+01
9.871446990966796875e+01
9.999114227294921875e+01
9.901497650146484375e+01
9.779781341552734375e+01
9.588949584960937500e+01
9.665014648437500000e+01
9.793822479248046875e+01
9.835562896728515625e+01
9.847927093505859375e+01
9.784635162353515625e+01
9.801466369628906250e+01
9.887236785888671875e+01
9.819752502441406250e+01
9.819146728515625000e+01
9.758775329589843750e+01
9.924335479736328125e+01
1.006778640747070312e+02
9.994753265380859375e+01
9.895284271240234375e+01
9.817647552490234375e+01
9.638312530517578125e+01
9.675905609130859375e+01
9.652896118164062500e+01
9.840459442138671875e+01
9.930716705322265625e+01
1.003172988891601562e+02
1.011433181762695312e+02
1.011997070312500000e+02
9.925517272949218750e+01
9.726757049560546875e+01
9.712113189697265625e+01
9.753438568115234375e+01
9.891735076904296875e+01
1.001847305297851562e+02
9.916300201416015625e+01
9.927166748046875000e+01
9.909500122070312500e+01
9.999063873291015625e+01
9.879726409912109375e+01
9.622515106201171875e+01
9.637366485595703125e+01
9.708808135986328125e+01
9.814363098144531250e+01
9.775146484375000000e+01
9.685795593261718750e+01
9.684201812744140625e+01
9.679756164550781250e+01
9.716554260253906250e+01
9.861214447021484375e+01
9.866489410400390625e+01
9.954336547851562500e+01
9.969904327392578125e+01
9.913066101074218750e+01
9.930682373046875000e+01
9.863683319091796875e+01
9.795079803466796875e+01
9.743208312988281250e+01
9.754969024658203125e+01
9.860954284667968750e+01
9.927387237548828125e+01
9.912911224365234375e+01
9.898838043212890625e+01
9.794855499267578125e+01
9.725279998779296875e+01
9.741970825195312500e+01
9.687870025634765625e+01
9.776211547851562500e+01
9.664200592041015625e+01
9.505102539062500000e+01
9.359045410156250000e+01
9.387173461914062500e+01
9.502968597412109375e+01
9.616082763671875000e+01
9.453422546386718750e+01
9.568202209472656250e+01
9.618712615966796875e+01
9.810543823242187500e+01
9.669705963134765625e+01
9.471375274658203125e+01
9.322011566162109375e+01
9.432118988037109375e+01
9.573549652099609375e+01
9.717579650878906250e+01
9.712681579589843750e+01
9.763993072509765625e+01
9.650109100341796875e+01
9.636325836181640625e+01
9.591487121582031250e+01
9.526245117187500000e+01
9.526445770263671875e+01
9.490207672119140625e+01
9.544480133056640625e+01
9.594911193847656250e+01
9.596502685546875000e+01
9.595874786376953125e+01
9.531618499755859375e+01
9.603320312500000000e+01
9.660005950927734375e+01
9.629119110107421875e+01
9.423394775390625000e+01
9.330335998535156250e+01
9.366235351562500000e+01
9.546662139892578125e+01
9.766822814941406250e+01
9.792152404785156250e+01
9.809108734130859375e+01
9.699041748046875000e+01
9.625664520263671875e+01
9.483303833007812500e+01
9.521507263183593750e+01
9.651362609863281250e+01
9.745501708984375000e+01
9.760211944580078125e+01
9.655821990966796875e+01
9.504390716552734375e+01
9.535427856445312500e+01
9.585964202880859375e+01
9.530492401123046875e+01
9.443166351318359375e+01
9.395642852783203125e+01
9.500604248046875000e+01
9.511033630371093750e+01
9.573914337158203125e+01
9.404348754882812500e+01
9.331338500976562500e+01
9.174957275390625000e+01
9.240116119384765625e+01
9.402420806884765625e+01
9.462406158447265625e+01
9.571219635009765625e+01
9.539158630371093750e+01
9.576843261718750000e+01
9.551025390625000000e+01
9.556310272216796875e+01
9.667796325683593750e+01
9.608596038818359375e+01
9.608070373535156250e+01
9.581526184082031250e+01
9.490989685058593750e+01
9.614175415039062500e+01
9.655643463134765625e+01
9.699613189697265625e+01
9.661960601806640625e+01
9.505329132080078125e+01
9.476706695556640625e+01
9.463495635986328125e+01
9.514853668212890625e+01
9.651963043212890625e+01
9.648091125488281250e+01
9.566831970214843750e+01
9.496777343750000000e+01
9.409341430664062500e+01
9.373229217529296875e+01
9.465912628173828125e+01
9.504798126220703125e+01
9.527173614501953125e+01
9.488130950927734375e+01
9.334883117675781250e+01
9.408909606933593750e+01
9.373996734619140625e+01
9.401744079589843750e+01
9.222485351562500000e+01
9.304732513427734375e+01
9.355355834960937500e+01
9.481374359130859375e+01
9.520525360107421875e+01
9.510472869873046875e+01
9.568023681640625000e+01
9.470198059082031250e+01
9.354390716552734375e+01
9.303333282470703125e+01
9.327271270751953125e+01
9.404846954345703125e+01
9.483703613281250000e+01
9.475083160400390625e+01
9.395079803466796875e+01
9.410839080810546875e+01
9.300067901611328125e+01
9.255660247802734375e+01
9.271274566650390625e+01
9.205975341796875000e+01
9.312198638916015625e+01
9.213119506835937500e+01
9.402777099609375000e+01
9.504141998291015625e+01
9.464315032958984375e+01
9.405773925781250000e+01
9.260510253906250000e+01
9.256798553466796875e+01
9.386661529541015625e+01
9.512847900390625000e+01
9.502941894531250000e+01
9.494982147216796875e+01
9.480601501464843750e+01
9.566231536865234375e+01
9.572406768798828125e+01
9.505642700195312500e+01
9.454914093017578125e+01
9.361829376220703125e+01
9.322952270507812500e+01
9.273528289794921875e+01
9.335712432861328125e+01
9.393527984619140625e+01
9.386637115478515625e+01
9.354632568359375000e+01
9.217377471923828125e+01
9.056279754638671875e+01
9.184059143066406250e+01
9.191235351562500000e+01
9.160101318359375000e+01
9.289015197753906250e+01
9.250612640380859375e+01
9.285227203369140625e+01
9.243183898925781250e+01
9.251718902587890625e+01
9.262568664550781250e+01
9.227746582031250000e+01
9.286126708984375000e+01
9.379634857177734375e+01
9.309861755371093750e+01
9.188311767578125000e+01
9.291234588623046875e+01
9.333160400390625000e+01
9.227923583984375000e+01
9.073794555664062500e+01
9.055307006835937500e+01
9.188256072998046875e+01
9.286712646484375000e+01
9.352539825439453125e+01
9.291085815429687500e+01
9.162189483642578125e+01
9.124155426025390625e+01
8.949448394775390625e+01
8.954145050048828125e+01
9.075667572021484375e+01
9.131770324707031250e+01
9.282417297363281250e+01
9.210238647460937500e+01
9.247627258300781250e+01
9.261663055419921875e+01
9.209272003173828125e+01
9.149353790283203125e+01
8.891184234619140625e+01
8.840782165527343750e+01
8.843922424316406250e+01
8.956992340087890625e+01
9.065055084228515625e+01
9.223271179199218750e+01
9.369787597656250000e+01
9.405690765380859375e+01
9.265460205078125000e+01
9.173091888427734375e+01
9.113854217529296875e+01
9.138520050048828125e+01
9.257563781738281250e+01
9.369239044189453125e+01
9.418261718750000000e+01
9.278609466552734375e+01
9.182360076904296875e+01
9.222495269775390625e+01
9.206121063232421875e+01
9.357493591308593750e+01
9.399873352050781250e+01
9.468990325927734375e+01
9.297014617919921875e+01
8.956178283691406250e+01
8.963132476806640625e+01
9.154993438720703125e+01
9.225663757324218750e+01
9.227893829345703125e+01
9.018834686279296875e+01
8.988520050048828125e+01
8.954841613769531250e+01
8.940075683593750000e+01
9.105322265625000000e+01
9.137199401855468750e+01
9.277473449707031250e+01
9.229432678222656250e+01
9.258790588378906250e+01
9.229338836669921875e+01
9.068127441406250000e+01
8.935391235351562500e+01
8.964847564697265625e+01
9.055201721191406250e+01
9.167018127441406250e+01
9.141185760498046875e+01
9.115110015869140625e+01
9.098992156982421875e+01
9.195059204101562500e+01
9.308375549316406250e+01
9.377179718017578125e+01
9.322492218017578125e+01
9.285916900634765625e+01
9.165138244628906250e+01
9.082853698730468750e+01
9.028646850585937500e+01
8.996047210693359375e+01
9.027106475830078125e+01
9.008152008056640625e+01
9.068021392822265625e+01
9.163679504394531250e+01
9.145941925048828125e+01
9.164058685302734375e+01
9.682888793945312500e+01
1.049738998413085938e+02
1.098870697021484375e+02
1.064774627685546875e+02
1.034499969482421875e+02
1.035207672119140625e+02
1.014928359985351562e+02
9.861755371093750000e+01
9.779314422607421875e+01
1.064185943603515625e+02
1.133056793212890625e+02
1.132382736206054688e+02
1.073279647827148438e+02
1.029108352661132812e+02
1.003382415771484375e+02
1.003931884765625000e+02
1.004832153320312500e+02
9.975331115722656250e+01
9.884723663330078125e+01
9.927212524414062500e+01
9.850139617919921875e+01
9.788066864013671875e+01
9.772364807128906250e+01
9.932775115966796875e+01
9.925186920166015625e+01
9.888069915771484375e+01
9.876679229736328125e+01
9.841357421875000000e+01
9.831734466552734375e+01
9.625635528564453125e+01
9.521160888671875000e+01
9.406822204589843750e+01
9.215096282958984375e+01
9.320428466796875000e+01
9.371610260009765625e+01
9.650315093994140625e+01
9.551721954345703125e+01
9.395198059082031250e+01
9.411621856689453125e+01
9.399789428710937500e+01
9.450842285156250000e+01
9.205984497070312500e+01
9.105734252929687500e+01
8.999649810791015625e+01
9.048084259033203125e+01
9.031332397460937500e+01
9.177162170410156250e+01
9.174009704589843750e+01
9.221279907226562500e+01
9.113730621337890625e+01
9.114369964599609375e+01
9.174091339111328125e+01
9.130252838134765625e+01
9.234760284423828125e+01
9.459130096435546875e+01
9.553698730468750000e+01
9.353900909423828125e+01
9.082870483398437500e+01
8.924011230468750000e+01
9.100267028808593750e+01
9.245217895507812500e+01
9.359836578369140625e+01
9.431535339355468750e+01
9.394618225097656250e+01
9.325891876220703125e+01
9.292013549804687500e+01
9.405200195312500000e+01
9.435859680175781250e+01
9.413385772705078125e+01
9.562667846679687500e+01
9.592012023925781250e+01
9.540885162353515625e+01
9.397243499755859375e+01
9.445816040039062500e+01
9.502456665039062500e+01
9.321760559082031250e+01
9.376621246337890625e+01
9.407975006103515625e+01
9.434276580810546875e+01
9.431801605224609375e+01
9.326993560791015625e+01
9.381773376464843750e+01
9.252184295654296875e+01
9.303847503662109375e+01
9.405392456054687500e+01
9.356850433349609375e+01
9.221224975585937500e+01
9.185063934326171875e+01
9.290882110595703125e+01
9.323832702636718750e+01
9.223820495605468750e+01
9.039770507812500000e+01
8.925164794921875000e+01
8.921626281738281250e+01
9.046987915039062500e+01
9.055809020996093750e+01
9.023403167724609375e+01
9.006903839111328125e+01
9.003762054443359375e+01
8.953747558593750000e+01
9.040530395507812500e+01
9.200969696044921875e+01
9.288898468017578125e+01
9.263529205322265625e+01
9.297174835205078125e+01
9.216011810302734375e+01
9.096014404296875000e+01
9.060925292968750000e+01
9.133963775634765625e+01
9.217672729492187500e+01
9.229934692382812500e+01
9.191913604736328125e+01
9.117846679687500000e+01
9.094683074951171875e+01
9.083360290527343750e+01
9.178614807128906250e+01
9.215328216552734375e+01
9.197462463378906250e+01
9.071094512939453125e+01
8.978878021240234375e+01
8.917375946044921875e+01
8.840335083007812500e+01
8.879056549072265625e+01
8.980608367919921875e+01
9.058551788330078125e+01
9.191793060302734375e+01
9.179643249511718750e+01
9.081258392333984375e+01
8.977491760253906250e+01
9.027783966064453125e+01
9.122674560546875000e+01
9.099927520751953125e+01
8.895686340332031250e+01
8.792681121826171875e+01
8.852523040771484375e+01
9.108412170410156250e+01
9.322650909423828125e+01
9.283332824707031250e+01
9.299928283691406250e+01
9.296323394775390625e+01
9.259544372558593750e+01
9.033280181884765625e+01
8.894680786132812500e+01
8.879241180419921875e+01
8.925171661376953125e+01
9.009426116943359375e+01
8.929550933837890625e+01
8.868679046630859375e+01
8.838168334960937500e+01
8.789435577392578125e+01
8.848613739013671875e+01
8.765098571777343750e+01
8.828065490722656250e+01
8.805618286132812500e+01
8.795590209960937500e+01
8.877280426025390625e+01
8.959472656250000000e+01
9.052871704101562500e+01
9.094139099121093750e+01
8.985213470458984375e+01
9.081234741210937500e+01
9.049393463134765625e+01
9.256944274902343750e+01
9.131452178955078125e+01
9.213715362548828125e+01
9.289411163330078125e+01
9.397949218750000000e+01
9.271269226074218750e+01
9.144866180419921875e+01
9.144499206542968750e+01
9.190624237060546875e+01
9.222035217285156250e+01
9.281397247314453125e+01
9.119583129882812500e+01
8.924492645263671875e+01
8.823664093017578125e+01
8.910377502441406250e+01
8.984723663330078125e+01
9.085994720458984375e+01
8.975783538818359375e+01
9.008848571777343750e+01
8.942339324951171875e+01
9.045503234863281250e+01
8.982891082763671875e+01
8.940245819091796875e+01
8.931521606445312500e+01
8.977266693115234375e+01
8.928584289550781250e+01
9.034304046630859375e+01
9.222554016113281250e+01
9.343153381347656250e+01
9.364861297607421875e+01
9.150239562988281250e+01
9.096409606933593750e+01
8.974819183349609375e+01
9.068154144287109375e+01
9.164318847656250000e+01
9.100858306884765625e+01
9.084488677978515625e+01
9.005337524414062500e+01
8.937954711914062500e+01
8.902313232421875000e+01
8.840698242187500000e+01
8.840401458740234375e+01
8.971551513671875000e+01
9.209892272949218750e+01
9.255796051025390625e+01
9.220285797119140625e+01
8.929058837890625000e+01
8.812019348144531250e+01
8.744907379150390625e+01
8.756043243408203125e+01
8.701292419433593750e+01
8.764192199707031250e+01
8.823232269287109375e+01
8.957754516601562500e+01
8.920771026611328125e+01
8.905965423583984375e+01
8.883231353759765625e+01
8.918395233154296875e+01
8.958959197998046875e+01
8.990214538574218750e+01
9.094138336181640625e+01
9.120067596435546875e+01
9.070393371582031250e+01
8.923594665527343750e+01
8.993356323242187500e+01
9.108045196533203125e+01
9.203167724609375000e+01
9.029902648925781250e+01
9.004222106933593750e+01
9.005243682861328125e+01
8.999691009521484375e+01
8.851225280761718750e+01
8.891615295410156250e+01
8.904088592529296875e+01
8.874015045166015625e+01
8.799901580810546875e+01
8.883910369873046875e+01
9.025350952148437500e+01
8.958615112304687500e+01
8.950012207031250000e+01
8.989884185791015625e+01
9.075028991699218750e+01
8.953751373291015625e+01
9.019432830810546875e+01
9.040350341796875000e+01
9.080759429931640625e+01
8.985195159912109375e+01
8.956067657470703125e+01
8.932223510742187500e+01
9.019124603271484375e+01
8.957015991210937500e+01
8.929447174072265625e+01
8.901130676269531250e+01
9.097735595703125000e+01
9.181206512451171875e+01
8.973027038574218750e+01
8.876181030273437500e+01
8.931569671630859375e+01
9.185236358642578125e+01
9.150194549560546875e+01
9.010884094238281250e+01
8.817086791992187500e+01
8.816468048095703125e+01
8.805238342285156250e+01
8.833675384521484375e+01
8.860026550292968750e+01
8.905621337890625000e+01
8.886567687988281250e+01
8.925313568115234375e+01
8.928374481201171875e+01
8.788452148437500000e+01
8.646407318115234375e+01
8.719135284423828125e+01
8.773914337158203125e+01
8.774940490722656250e+01
8.805543518066406250e+01
8.867859649658203125e+01
8.900003051757812500e+01
8.949188232421875000e+01
9.028392028808593750e+01
9.190908813476562500e+01
9.120909881591796875e+01
9.003652191162109375e+01
8.940280151367187500e+01
8.950484466552734375e+01
8.962377166748046875e+01
8.902621459960937500e+01
8.908087158203125000e+01
8.957108306884765625e+01
9.013365173339843750e+01
8.975614929199218750e+01
8.822173309326171875e+01
8.834351348876953125e+01
8.960497283935546875e+01
8.913975524902343750e+01
8.796992492675781250e+01
8.645889282226562500e+01
8.671799468994140625e+01
8.745813751220703125e+01
8.779155731201171875e+01
8.898645019531250000e+01
9.082772827148437500e+01
9.045613098144531250e+01
9.039511108398437500e+01
8.989006805419921875e+01
8.907603454589843750e+01
8.759967803955078125e+01
8.755799865722656250e+01
8.841558074951171875e+01
8.843914794921875000e+01
8.852680206298828125e+01
8.915932464599609375e+01
9.076236724853515625e+01
9.067807006835937500e+01
8.947474670410156250e+01
8.823846435546875000e+01
8.791648101806640625e+01
8.680602264404296875e+01
8.633399963378906250e+01
8.727301788330078125e+01
8.895917510986328125e+01
8.827589416503906250e+01
8.762574005126953125e+01
8.670759582519531250e+01
8.869153594970703125e+01
8.951782226562500000e+01
8.997331237792968750e+01
8.973160552978515625e+01
8.936396789550781250e+01
8.878392028808593750e+01
8.849256134033203125e+01
8.922835540771484375e+01
9.018751525878906250e+01
8.960214996337890625e+01
8.908900451660156250e+01
8.753083038330078125e+01
8.685736083984375000e+01
8.731198883056640625e+01
8.771997070312500000e+01
8.857897186279296875e+01
8.951872253417968750e+01
8.892378997802734375e+01
8.796913146972656250e+01
8.751795959472656250e+01
8.752081298828125000e+01
8.826065063476562500e+01
8.804018402099609375e+01
8.978605651855468750e+01
8.969386291503906250e+01
9.031587219238281250e+01
8.936898040771484375e+01
8.866896820068359375e+01
8.829703521728515625e+01
8.774015808105468750e+01
8.900788116455078125e+01
8.965998077392578125e+01
8.880416870117187500e+01
8.727035522460937500e+01
8.754988861083984375e+01
8.798087310791015625e+01
8.869632720947265625e+01
8.876909637451171875e+01
8.741567230224609375e+01
8.652870941162109375e+01
8.755175018310546875e+01
8.804597473144531250e+01
8.970272827148437500e+01
8.918740081787109375e+01
8.851933288574218750e+01
8.720607757568359375e+01
8.627101898193359375e+01
8.706114196777343750e+01
8.702434539794921875e+01
8.612398529052734375e+01
8.580799102783203125e+01
8.494454193115234375e+01
8.739833068847656250e+01
8.790901947021484375e+01
8.915647125244140625e+01
9.054875183105468750e+01
9.201472473144531250e+01
9.141703033447265625e+01
8.964101409912109375e+01
8.859553527832031250e+01
8.863589477539062500e+01
8.763938140869140625e+01
8.711427307128906250e+01
8.689759063720703125e+01
8.812865447998046875e+01
8.758481597900390625e+01
8.772925567626953125e+01
8.963714599609375000e+01
9.185698699951171875e+01
9.243633270263671875e+01
9.228806304931640625e+01
9.036405944824218750e+01
8.896110534667968750e+01
8.804931640625000000e+01
8.877020263671875000e+01
8.794669342041015625e+01
8.800204467773437500e+01
8.852178192138671875e+01
8.790911102294921875e+01
8.807212066650390625e+01
8.829721069335937500e+01
8.855400085449218750e+01
8.766172790527343750e+01
8.685556793212890625e+01
8.565770721435546875e+01
8.612327575683593750e+01
8.665467071533203125e+01
8.760421752929687500e+01
8.725631713867187500e+01
8.661971282958984375e+01
8.613194274902343750e+01
8.555895996093750000e+01
8.502410125732421875e+01
8.541658782958984375e+01
8.655165100097656250e+01
8.898311614990234375e+01
9.013063812255859375e+01
8.970847320556640625e+01
8.816795349121093750e+01
8.780049896240234375e+01
8.814927673339843750e+01
8.763726806640625000e+01
8.773161315917968750e+01
8.784511566162109375e+01
8.821456909179687500e+01
8.843663024902343750e+01
8.740961456298828125e+01
8.785095214843750000e+01
8.842223358154296875e+01
8.895225524902343750e+01
8.964781951904296875e+01
8.861656951904296875e+01
8.889247894287109375e+01
8.840187072753906250e+01
8.798548126220703125e+01
8.844586181640625000e+01
8.818161010742187500e+01
8.955916595458984375e+01
8.965032196044921875e+01
8.942462158203125000e+01
8.864587402343750000e+01
8.773850250244140625e+01
8.770294189453125000e+01
8.714857482910156250e+01
8.852947235107421875e+01
8.875370788574218750e+01
8.858069610595703125e+01
8.729092407226562500e+01
8.591260528564453125e+01
8.692610168457031250e+01
8.720072174072265625e+01
8.843699645996093750e+01
8.909386444091796875e+01
8.944451141357421875e+01
9.012918853759765625e+01
9.125466156005859375e+01
9.111188507080078125e+01
9.068894958496093750e+01
8.955786895751953125e+01
9.018113708496093750e+01
9.121166992187500000e+01
9.188778686523437500e+01
9.156630706787109375e+01
9.272801208496093750e+01
9.324479675292968750e+01
9.062088775634765625e+01
8.978440856933593750e+01
9.009614562988281250e+01
9.006902313232421875e+01
8.821312713623046875e+01
8.763836669921875000e+01
8.738751220703125000e+01
8.768988037109375000e+01
8.696876525878906250e+01
8.642472839355468750e+01
8.706576538085937500e+01
8.916587829589843750e+01
9.006724548339843750e+01
9.003455352783203125e+01
8.770737457275390625e+01
8.916140747070312500e+01
8.903445434570312500e+01
8.847905731201171875e+01
8.467160797119140625e+01
8.404454040527343750e+01
8.508283996582031250e+01
8.616742706298828125e+01
8.535091400146484375e+01
8.352114105224609375e+01
8.274576568603515625e+01
8.220023345947265625e+01
8.190280914306640625e+01
8.453115844726562500e+01
8.664760589599609375e+01
8.559384918212890625e+01
8.371796417236328125e+01
8.339816284179687500e+01
8.400027465820312500e+01
8.157739257812500000e+01
8.118791198730468750e+01
8.301219940185546875e+01
8.599744415283203125e+01
8.729381561279296875e+01
8.784234619140625000e+01
8.686909484863281250e+01
8.761088562011718750e+01
8.570693969726562500e+01
8.499266052246093750e+01
8.463639068603515625e+01
8.633858489990234375e+01
8.578608703613281250e+01
8.349299621582031250e+01
8.171844482421875000e+01
8.078355407714843750e+01
8.083405303955078125e+01
8.041295623779296875e+01
8.267337036132812500e+01
8.266014099121093750e+01
8.371800994873046875e+01
8.485514068603515625e+01
8.564239501953125000e+01
8.610388183593750000e+01
8.248486328125000000e+01
8.263696289062500000e+01
8.104116821289062500e+01
8.002240753173828125e+01
7.926773834228515625e+01
7.984307861328125000e+01
8.277785491943359375e+01
8.323107147216796875e+01
8.468918609619140625e+01
8.606941986083984375e+01
8.849826812744140625e+01
8.830229949951171875e+01
8.622225189208984375e+01
8.384611511230468750e+01
8.386186981201171875e+01
8.445749664306640625e+01
8.441558837890625000e+01
8.274073791503906250e+01
8.322240447998046875e+01
8.461825561523437500e+01
8.509619140625000000e+01
8.355345916748046875e+01
8.122788238525390625e+01
8.114198303222656250e+01
8.057659149169921875e+01
8.162150573730468750e+01
8.311311340332031250e+01
8.635572814941406250e+01
8.664980316162109375e+01
8.703108215332031250e+01
8.662229919433593750e+01
8.427753448486328125e+01
8.404544067382812500e+01
8.445420074462890625e+01
8.731345367431640625e+01
8.530319213867187500e+01
8.349765014648437500e+01
8.200801086425781250e+01
8.303078460693359375e+01
8.340792083740234375e+01
8.333179473876953125e+01
8.370227813720703125e+01
8.312703704833984375e+01
8.298677825927734375e+01
8.392797088623046875e+01
8.560538482666015625e+01
8.680509185791015625e+01
8.420478820800781250e+01
8.334204101562500000e+01
8.167122650146484375e+01
8.153626251220703125e+01
7.938002777099609375e+01
8.181337738037109375e+01
8.295181274414062500e+01
8.389220428466796875e+01
8.280207061767578125e+01
8.191564941406250000e+01
8.265567779541015625e+01
8.351134490966796875e+01
8.369033050537109375e+01
8.352355957031250000e+01
8.193029785156250000e+01
8.161815643310546875e+01
8.390280914306640625e+01
8.828157806396484375e+01
8.834062957763671875e+01
8.361434173583984375e+01
7.736647796630859375e+01
7.550023651123046875e+01
7.529173278808593750e+01
7.688690948486328125e+01
7.699832153320312500e+01
7.787728118896484375e+01
8.056491851806640625e+01
8.215744781494140625e+01
7.975576019287109375e+01
7.642726898193359375e+01
7.541448974609375000e+01
7.937760925292968750e+01
8.343496704101562500e+01
8.292500305175781250e+01
8.250247192382812500e+01
7.922112274169921875e+01
8.012560272216796875e+01
7.860318756103515625e+01
7.794979858398437500e+01
7.869433593750000000e+01
8.021379852294921875e+01
8.185162353515625000e+01
7.887026214599609375e+01
8.275552368164062500e+01
8.363265991210937500e+01
8.210356140136718750e+01
7.698114013671875000e+01
7.792417907714843750e+01
7.647132110595703125e+01
7.724459075927734375e+01
7.933695983886718750e+01
8.261870574951171875e+01
8.154528045654296875e+01
8.362991333007812500e+01
8.833413696289062500e+01
9.169673919677734375e+01
9.462776184082031250e+01
9.397332763671875000e+01
9.312163543701171875e+01
9.448631286621093750e+01
9.422340393066406250e+01
9.313883209228515625e+01
9.211911010742187500e+01
9.086425018310546875e+01
9.192865753173828125e+01
9.137224578857421875e+01
9.127481842041015625e+01
8.822649383544921875e+01
9.007905578613281250e+01
9.060876464843750000e+01
9.211429595947265625e+01
9.183297729492187500e+01
9.083597564697265625e+01
8.795409393310546875e+01
8.839347076416015625e+01
9.154610443115234375e+01
9.139638519287109375e+01
8.993948364257812500e+01
8.845885467529296875e+01
8.933849334716796875e+01
8.810610961914062500e+01
8.863793945312500000e+01
8.939987945556640625e+01
8.690438079833984375e+01
8.562157440185546875e+01
8.620577239990234375e+01
8.589916229248046875e+01
8.531365203857421875e+01
8.389192199707031250e+01
8.294529724121093750e+01
8.248870086669921875e+01
8.293540191650390625e+01
8.668547058105468750e+01
9.001687622070312500e+01
9.120680236816406250e+01
9.090499877929687500e+01
8.847769927978515625e+01
8.465606689453125000e+01
8.516592407226562500e+01
8.506132507324218750e+01
8.719606781005859375e+01
8.917959594726562500e+01
8.990379333496093750e+01
9.010697937011718750e+01
9.123385620117187500e+01
9.022104644775390625e+01
8.793580627441406250e+01
8.587204742431640625e+01
8.669853973388671875e+01
8.721173095703125000e+01
8.700051879882812500e+01
8.693942260742187500e+01
8.600671386718750000e+01
8.646948242187500000e+01
8.792584991455078125e+01
8.877315521240234375e+01
8.856403350830078125e+01
8.925119018554687500e+01
8.800013732910156250e+01
8.598073577880859375e+01
8.344560241699218750e+01
8.127043914794921875e+01
8.184855651855468750e+01
8.373350524902343750e+01
8.302019500732421875e+01
8.565917968750000000e+01
8.841862487792968750e+01
8.889087677001953125e+01
8.658809661865234375e+01
8.546175384521484375e+01
8.532718658447265625e+01
8.660626983642578125e+01
8.602998352050781250e+01
8.644870758056640625e+01
8.749407196044921875e+01
8.858397674560546875e+01
8.704592895507812500e+01
8.890670776367187500e+01
9.020188903808593750e+01
8.718157196044921875e+01
8.168032073974609375e+01
8.082926940917968750e+01
8.271444702148437500e+01
8.333566284179687500e+01
8.498099517822265625e+01
8.566673278808593750e+01
8.623412322998046875e+01
8.416227722167968750e+01
8.208333587646484375e+01
8.376904296875000000e+01
8.535680389404296875e+01
8.349476623535156250e+01
8.459463500976562500e+01
8.621700286865234375e+01
8.646088409423828125e+01
8.491222381591796875e+01
8.612902832031250000e+01
8.543193054199218750e+01
8.434396362304687500e+01
8.379460144042968750e+01
8.464732360839843750e+01
8.433043670654296875e+01
8.324832916259765625e+01
8.164693450927734375e+01
8.314881134033203125e+01
8.259829711914062500e+01
8.229711151123046875e+01
8.123464202880859375e+01
8.210422515869140625e+01
8.245273590087890625e+01
8.081251525878906250e+01
8.093620300292968750e+01
8.166343688964843750e+01
8.205539703369140625e+01
8.234580230712890625e+01
8.250505828857421875e+01
8.156488800048828125e+01
8.120228576660156250e+01
8.154566192626953125e+01
8.271733856201171875e+01
8.263860321044921875e+01
8.335615539550781250e+01
8.463314819335937500e+01
8.399449920654296875e+01
8.468332672119140625e+01
8.462572479248046875e+01
8.498786163330078125e+01
8.396117401123046875e+01
8.453559112548828125e+01
8.209276580810546875e+01
8.096894073486328125e+01
8.034963226318359375e+01
8.049537658691406250e+01
8.111211395263671875e+01
8.200341796875000000e+01
8.410523986816406250e+01
8.606223297119140625e+01
8.594388580322265625e+01
8.516055297851562500e+01
8.445095062255859375e+01
8.505175018310546875e+01
8.413976287841796875e+01
8.321016693115234375e+01
8.373224639892578125e+01
8.325434112548828125e+01
8.345143127441406250e+01
8.428726959228515625e+01
8.351891326904296875e+01
8.258591461181640625e+01
8.271013641357421875e+01
8.311280822753906250e+01
8.450948333740234375e+01
8.452287292480468750e+01
8.359519195556640625e+01
8.134341430664062500e+01
8.093228912353515625e+01
8.124497222900390625e+01
8.193151092529296875e+01
8.312469482421875000e+01
8.394856262207031250e+01
8.339514160156250000e+01
8.092959594726562500e+01
7.936165618896484375e+01
8.074493408203125000e+01
8.227902221679687500e+01
8.367730712890625000e+01
8.407551574707031250e+01
8.397674560546875000e+01
8.119787597656250000e+01
7.983872222900390625e+01
7.937386322021484375e+01
7.926889801025390625e+01
8.255134582519531250e+01
8.337939453125000000e+01
8.345886993408203125e+01
8.386982727050781250e+01
8.259386444091796875e+01
8.082354736328125000e+01
7.895766448974609375e+01
8.104267883300781250e+01
8.155389404296875000e+01
8.176061248779296875e+01
8.149161529541015625e+01
8.194772338867187500e+01
8.134276580810546875e+01
8.107286834716796875e+01
8.180346679687500000e+01
8.390828704833984375e+01
8.343556213378906250e+01
8.089334106445312500e+01
8.114031219482421875e+01
8.135257720947265625e+01
8.141083526611328125e+01
7.942249298095703125e+01
7.905680847167968750e+01
7.849020385742187500e+01
7.905937194824218750e+01
7.969016265869140625e+01
7.847663879394531250e+01
7.832510375976562500e+01
7.875485229492187500e+01
7.895977783203125000e+01
8.067903137207031250e+01
7.984463500976562500e+01
7.978791046142578125e+01
8.094403076171875000e+01
8.185125732421875000e+01
8.377558898925781250e+01
8.372976684570312500e+01
8.291203308105468750e+01
8.057625579833984375e+01
7.956755828857421875e+01
7.926377868652343750e+01
7.965467071533203125e+01
7.989700317382812500e+01
8.124975585937500000e+01
8.164674377441406250e+01
8.140386962890625000e+01
8.093041992187500000e+01
7.893862915039062500e+01
7.912548828125000000e+01
8.092174530029296875e+01
8.211053466796875000e+01
7.995724487304687500e+01
8.011463165283203125e+01
8.066384887695312500e+01
8.130736541748046875e+01
8.192179107666015625e+01
8.316708374023437500e+01
8.103409576416015625e+01
7.923596191406250000e+01
7.936799621582031250e+01
7.937053680419921875e+01
7.876130676269531250e+01
7.955780792236328125e+01
8.138571166992187500e+01
8.174667358398437500e+01
8.111946868896484375e+01
8.003056335449218750e+01
8.001070404052734375e+01
7.916851806640625000e+01
7.773158264160156250e+01
7.618480682373046875e+01
7.631642913818359375e+01
7.825608825683593750e+01
8.019211578369140625e+01
7.933576202392578125e+01
7.873828125000000000e+01
7.791226959228515625e+01
7.882733917236328125e+01
7.950667572021484375e+01
7.992780303955078125e+01
8.040104675292968750e+01
8.080622863769531250e+01
8.012685394287109375e+01
7.950433349609375000e+01
7.786588287353515625e+01
7.724462890625000000e+01
7.886431121826171875e+01
8.119042968750000000e+01
8.020980072021484375e+01
7.923107147216796875e+01
7.989615631103515625e+01
7.920057678222656250e+01
7.887518310546875000e+01
7.884311676025390625e+01
7.794046783447265625e+01
7.651552581787109375e+01
7.738368225097656250e+01
7.762261962890625000e+01
7.820538330078125000e+01
7.906145477294921875e+01
7.981027984619140625e+01
7.853311157226562500e+01
7.844908905029296875e+01
7.779264831542968750e+01
7.726699829101562500e+01
7.861604309082031250e+01
7.774805450439453125e+01
7.758777618408203125e+01
7.761796569824218750e+01
7.952694702148437500e+01
7.889872741699218750e+01
7.920513916015625000e+01
7.894563293457031250e+01
7.925251770019531250e+01
7.930264282226562500e+01
7.978355407714843750e+01
7.910553741455078125e+01
7.989733123779296875e+01
7.943804168701171875e+01
7.732470703125000000e+01
7.806991577148437500e+01
8.057823181152343750e+01
8.297772216796875000e+01
8.250389099121093750e+01
8.086571502685546875e+01
7.992842102050781250e+01
7.922964477539062500e+01
7.713739776611328125e+01
7.592523193359375000e+01
7.729475402832031250e+01
7.771325683593750000e+01
7.728668975830078125e+01
7.767163848876953125e+01
7.893477630615234375e+01
7.848872375488281250e+01
7.660070800781250000e+01
7.565478515625000000e+01
7.773876190185546875e+01
7.940574645996093750e+01
7.897321319580078125e+01
7.805134582519531250e+01
7.678988647460937500e+01
7.603358459472656250e+01
7.708362579345703125e+01
7.767514801025390625e+01
7.709903717041015625e+01
7.555529785156250000e+01
7.535256958007812500e+01
7.636733245849609375e+01
7.775198364257812500e+01
7.818440246582031250e+01
7.774317932128906250e+01
7.818714904785156250e+01
7.857560729980468750e+01
7.833934020996093750e+01
7.770654296875000000e+01
7.786980438232421875e+01
7.732712554931640625e+01
7.757876586914062500e+01
7.666032409667968750e+01
7.679726409912109375e+01
7.736136627197265625e+01
7.763073730468750000e+01
7.793722534179687500e+01
7.974912261962890625e+01
7.907023620605468750e+01
7.808713531494140625e+01
7.708908843994140625e+01
7.867111968994140625e+01
7.946451568603515625e+01
7.934809112548828125e+01
7.833255004882812500e+01
7.839778137207031250e+01
7.686174011230468750e+01
7.707122802734375000e+01
7.683763122558593750e+01
7.765548706054687500e+01
7.685727691650390625e+01
7.598097229003906250e+01
7.678186798095703125e+01
7.644050598144531250e+01
7.376043701171875000e+01
7.256217956542968750e+01
7.442089080810546875e+01
7.734404754638671875e+01
7.696398162841796875e+01
7.663259124755859375e+01
7.830903625488281250e+01
7.960503387451171875e+01
7.935818481445312500e+01
7.926400756835937500e+01
7.897609710693359375e+01
7.731307983398437500e+01
7.595780181884765625e+01
7.502947998046875000e+01
7.461428833007812500e+01
7.627381134033203125e+01
7.857936859130859375e+01
8.007716369628906250e+01
7.888887023925781250e+01
7.685825347900390625e+01
7.713093566894531250e+01
7.974416351318359375e+01
7.991075134277343750e+01
7.946417236328125000e+01
7.816973114013671875e+01
7.540696716308593750e+01
7.548955535888671875e+01
7.707496643066406250e+01
7.843025970458984375e+01
8.000960540771484375e+01
7.957202148437500000e+01
7.869882965087890625e+01
7.692160797119140625e+01
7.656507873535156250e+01
7.558961486816406250e+01
7.535067749023437500e+01
7.713167572021484375e+01
7.957723236083984375e+01
8.202099609375000000e+01
8.324991607666015625e+01
9.213055419921875000e+01
9.739701080322265625e+01
9.282356262207031250e+01
8.762309265136718750e+01
8.310169982910156250e+01
7.775534057617187500e+01
8.420042419433593750e+01
9.565470886230468750e+01
9.779532623291015625e+01
9.319329071044921875e+01
9.414892578125000000e+01
9.161813354492187500e+01
8.712365722656250000e+01
8.368835449218750000e+01
8.273080444335937500e+01
8.382378387451171875e+01
8.430601501464843750e+01
8.236664581298828125e+01
8.014586639404296875e+01
7.914209747314453125e+01
7.743204498291015625e+01
7.694978332519531250e+01
7.939117431640625000e+01
7.999849700927734375e+01
7.694723510742187500e+01
7.695928955078125000e+01
7.781683349609375000e+01
7.879471588134765625e+01
7.886035919189453125e+01
7.848416137695312500e+01
7.773851776123046875e+01
7.796324157714843750e+01
7.767584228515625000e+01
7.793670654296875000e+01
7.862298583984375000e+01
7.624973297119140625e+01
7.373163604736328125e+01
7.249026489257812500e+01
7.444819641113281250e+01
7.612064361572265625e+01
7.635802459716796875e+01
7.658953857421875000e+01
7.770677947998046875e+01
7.893206787109375000e+01
7.976436614990234375e+01
8.010619354248046875e+01
7.928675079345703125e+01
7.627440643310546875e+01
7.577265167236328125e+01
7.643852996826171875e+01
7.703132629394531250e+01
7.796543121337890625e+01
7.883963012695312500e+01
7.835838317871093750e+01
7.769255828857421875e+01
7.752002716064453125e+01
7.714639282226562500e+01
7.445401000976562500e+01
7.297746276855468750e+01
7.399301910400390625e+01
7.498876190185546875e+01
7.572761535644531250e+01
7.692472076416015625e+01
7.818611907958984375e+01
7.677414703369140625e+01
7.576838684082031250e+01
7.445014953613281250e+01
7.500214385986328125e+01
7.558913421630859375e+01
7.544627380371093750e+01
7.496005249023437500e+01
7.467104339599609375e+01
7.572904968261718750e+01
7.611110687255859375e+01
7.690044403076171875e+01
7.764190673828125000e+01
7.741024017333984375e+01
7.736495971679687500e+01
7.532122802734375000e+01
7.494524383544921875e+01
7.434304046630859375e+01
7.281133270263671875e+01
7.357475280761718750e+01
7.576361083984375000e+01
7.473831176757812500e+01
7.349457550048828125e+01
7.550847625732421875e+01
7.545053100585937500e+01
7.579773712158203125e+01
7.505244445800781250e+01
7.313951873779296875e+01
7.395106506347656250e+01
7.526351928710937500e+01
7.452207183837890625e+01
7.437758636474609375e+01
7.253887939453125000e+01
7.081520843505859375e+01
7.167812347412109375e+01
7.248503112792968750e+01
7.180470275878906250e+01
7.090180206298828125e+01
7.135135650634765625e+01
7.283876037597656250e+01
7.381491088867187500e+01
7.583788299560546875e+01
7.528440856933593750e+01
7.390306854248046875e+01
7.414700317382812500e+01
7.510150909423828125e+01
7.465209960937500000e+01
7.404236602783203125e+01
7.328403472900390625e+01
7.213386535644531250e+01
7.368693542480468750e+01
7.455038452148437500e+01
7.440585327148437500e+01
7.436076354980468750e+01
7.359117126464843750e+01
7.344190216064453125e+01
7.398947906494140625e+01
7.443493652343750000e+01
7.444164276123046875e+01
7.456724548339843750e+01
7.263442230224609375e+01
7.128485870361328125e+01
7.188845062255859375e+01
7.211650085449218750e+01
7.183840942382812500e+01
7.373789978027343750e+01
7.448035430908203125e+01
7.216608428955078125e+01
7.304347991943359375e+01
7.616558837890625000e+01
7.720421600341796875e+01
7.456902313232421875e+01
7.275527191162109375e+01
7.287306213378906250e+01
7.185438537597656250e+01
7.067166137695312500e+01
7.119842529296875000e+01
7.141052246093750000e+01
7.073832702636718750e+01
6.964268493652343750e+01
7.127324676513671875e+01
7.171293640136718750e+01
7.257682800292968750e+01
7.434215545654296875e+01
7.296208953857421875e+01
7.179700469970703125e+01
7.178063201904296875e+01
7.263031768798828125e+01
7.191297912597656250e+01
7.076602172851562500e+01
7.030756378173828125e+01
7.038477325439453125e+01
7.125839996337890625e+01
7.246137237548828125e+01
7.381052398681640625e+01
7.293736267089843750e+01
7.282086181640625000e+01
7.244236755371093750e+01
7.262994384765625000e+01
7.179333496093750000e+01
7.383895111083984375e+01
7.446329498291015625e+01
7.126898956298828125e+01
6.923778533935546875e+01
6.890994262695312500e+01
6.943344879150390625e+01
7.046152496337890625e+01
7.030440521240234375e+01
7.019856262207031250e+01
7.149349975585937500e+01
7.152655792236328125e+01
7.423697662353515625e+01
7.502537536621093750e+01
7.414654541015625000e+01
7.197348785400390625e+01
7.299228668212890625e+01
7.309634399414062500e+01
7.093199157714843750e+01
7.049914550781250000e+01
7.090198516845703125e+01
7.113252258300781250e+01
6.924127197265625000e+01
6.827829742431640625e+01
6.970891571044921875e+01
7.073449707031250000e+01
7.228359222412109375e+01
7.264852905273437500e+01
7.151902770996093750e+01
6.907136535644531250e+01
6.744941711425781250e+01
6.827952575683593750e+01
7.160958099365234375e+01
7.117424774169921875e+01
6.797158050537109375e+01
6.756831359863281250e+01
6.811022186279296875e+01
6.969213104248046875e+01
6.904650115966796875e+01
6.622368621826171875e+01
6.426199340820312500e+01
6.697582244873046875e+01
7.130501556396484375e+01
7.130696868896484375e+01
7.013853454589843750e+01
6.890695953369140625e+01
6.845677185058593750e+01
6.957064056396484375e+01
7.181228637695312500e+01
7.303720092773437500e+01
7.167851257324218750e+01
7.044814300537109375e+01
7.148213958740234375e+01
7.256485748291015625e+01
7.179200744628906250e+01
7.027490234375000000e+01
6.969882202148437500e+01
7.173229980468750000e+01
7.128280639648437500e+01
7.120983886718750000e+01
7.319440460205078125e+01
7.178387451171875000e+01
6.876105499267578125e+01
6.779568481445312500e+01
6.755281066894531250e+01
6.773644256591796875e+01
6.835649108886718750e+01
7.033834075927734375e+01
7.152458953857421875e+01
7.099227142333984375e+01
6.963087463378906250e+01
6.990946960449218750e+01
6.964997100830078125e+01
6.900589752197265625e+01
6.999427795410156250e+01
6.915625000000000000e+01
6.984731292724609375e+01
6.952363586425781250e+01
6.764472198486328125e+01
7.085591888427734375e+01
7.399293518066406250e+01
7.203089904785156250e+01
6.823774719238281250e+01
6.765641784667968750e+01
6.871812438964843750e+01
6.923875427246093750e+01
6.961320495605468750e+01
7.051892089843750000e+01
7.042663574218750000e+01
7.064430236816406250e+01
7.130791473388671875e+01
7.085012817382812500e+01
7.002823638916015625e+01
7.177054595947265625e+01
7.080944061279296875e+01
7.154948425292968750e+01
7.034360504150390625e+01
6.804978179931640625e+01
6.681750488281250000e+01
6.632646179199218750e+01
6.707048034667968750e+01
6.774414825439453125e+01
6.809368896484375000e+01
6.759311676025390625e+01
6.762679290771484375e+01
6.692943572998046875e+01
6.649777221679687500e+01
6.602845764160156250e+01
6.555182647705078125e+01
6.611437225341796875e+01
6.643462371826171875e+01
6.713895416259765625e+01
6.828105926513671875e+01
6.935376739501953125e+01
6.998484802246093750e+01
6.990789031982421875e+01
6.872760009765625000e+01
6.654966735839843750e+01
6.651445770263671875e+01
6.887626647949218750e+01
7.027637481689453125e+01
6.932855224609375000e+01
6.819225311279296875e+01
6.756861877441406250e+01
6.781418609619140625e+01
6.836198425292968750e+01
6.800036621093750000e+01
6.836758422851562500e+01
6.907096099853515625e+01
6.978097534179687500e+01
6.885058593750000000e+01
6.798822021484375000e+01
6.862654876708984375e+01
6.885028076171875000e+01
6.892704772949218750e+01
7.067426300048828125e+01
7.042029571533203125e+01
6.911154174804687500e+01
6.950346374511718750e+01
6.923822784423828125e+01
6.905207824707031250e+01
7.009687042236328125e+01
6.932520294189453125e+01
6.711758422851562500e+01
6.658827972412109375e+01
6.750377655029296875e+01
6.830383300781250000e+01
6.912685394287109375e+01
6.814162445068359375e+01
6.750951385498046875e+01
6.800837707519531250e+01
6.755898284912109375e+01
6.828590393066406250e+01
6.927661132812500000e+01
6.807772064208984375e+01
6.735084533691406250e+01
6.841310882568359375e+01
6.864589691162109375e+01
6.725779724121093750e+01
6.776663208007812500e+01
6.804013824462890625e+01
6.731760406494140625e+01
6.645090484619140625e+01
6.512606811523437500e+01
6.632537078857421875e+01
6.784697723388671875e+01
6.771217346191406250e+01
6.901335144042968750e+01
7.079592132568359375e+01
6.811240386962890625e+01
6.669087982177734375e+01
6.856723785400390625e+01
6.823755645751953125e+01
6.648629760742187500e+01
6.555973815917968750e+01
6.844785308837890625e+01
6.991100311279296875e+01
6.678154754638671875e+01
6.395109176635742188e+01
6.558827209472656250e+01
6.836915588378906250e+01
6.788790130615234375e+01
6.877916717529296875e+01
7.050968933105468750e+01
6.979847717285156250e+01
6.825849914550781250e+01
6.909346008300781250e+01
7.048563385009765625e+01
6.792588043212890625e+01
6.659730529785156250e+01
6.661705780029296875e+01
6.456302642822265625e+01
6.540798187255859375e+01
6.531081390380859375e+01
6.436779785156250000e+01
6.470944976806640625e+01
6.314252853393554688e+01
6.542634582519531250e+01
6.783721923828125000e+01
6.643787384033203125e+01
6.804307556152343750e+01
6.875469207763671875e+01
7.048551940917968750e+01
6.976081085205078125e+01
6.691307830810546875e+01
6.812258911132812500e+01
7.109786224365234375e+01
7.364160919189453125e+01
6.981013488769531250e+01
6.252179336547851562e+01
6.370513916015625000e+01
6.683686828613281250e+01
6.731089782714843750e+01
6.686457824707031250e+01
6.430829620361328125e+01
6.468573760986328125e+01
6.675260925292968750e+01
6.329298019409179688e+01
6.005332565307617188e+01
6.151676559448242188e+01
6.455149841308593750e+01
6.662194061279296875e+01
6.564521789550781250e+01
6.422599792480468750e+01
6.420829010009765625e+01
6.043168640136718750e+01
5.802333831787109375e+01
6.161749649047851562e+01
6.421422576904296875e+01
6.591265869140625000e+01
6.556777191162109375e+01
6.787747192382812500e+01
6.971936035156250000e+01
6.777762603759765625e+01
6.745619201660156250e+01
6.497683715820312500e+01
6.222886276245117188e+01
6.174107742309570312e+01
6.488019561767578125e+01
6.468067169189453125e+01
6.348546981811523438e+01
6.653768920898437500e+01
6.705005645751953125e+01
6.586064147949218750e+01
6.353936004638671875e+01
5.948802566528320312e+01
6.046426391601562500e+01
6.014744186401367188e+01
6.211551284790039062e+01
6.342601013183593750e+01
5.622341537475585938e+01
5.579201126098632812e+01
5.684044647216796875e+01
5.967449188232421875e+01
6.394013214111328125e+01
6.334191894531250000e+01
5.948963165283203125e+01
5.814441299438476562e+01
6.168165588378906250e+01
6.512770843505859375e+01
6.661358642578125000e+01
7.190196228027343750e+01
7.489721679687500000e+01
7.268305969238281250e+01
6.614463043212890625e+01
6.303809738159179688e+01
6.516570281982421875e+01
6.440418243408203125e+01
6.450540161132812500e+01
6.822279357910156250e+01
6.609569549560546875e+01
6.357370376586914062e+01
6.717671966552734375e+01
6.908280181884765625e+01
6.353825759887695312e+01
6.020995712280273438e+01
6.452593231201171875e+01
6.233379364013671875e+01
5.744558334350585938e+01
5.489240264892578125e+01
5.679987716674804688e+01
6.103404998779296875e+01
5.786167907714843750e+01
5.449669647216796875e+01
6.456562042236328125e+01
7.394725036621093750e+01
7.680584716796875000e+01
6.848000335693359375e+01
4.976812362670898438e+01
5.667712020874023438e+01
5.553514480590820312e+01
5.620628738403320312e+01
8.697357940673828125e+01
8.025780487060546875e+01
5.915882873535156250e+01
6.164167404174804688e+01
5.679913330078125000e+01
5.395802688598632812e+01
8.983005523681640625e+01
9.785739135742187500e+01
6.588130950927734375e+01
5.808201217651367188e+01
6.417997741699218750e+01
5.505627059936523438e+01
4.717765045166015625e+01
6.284074020385742188e+01
7.353736114501953125e+01
6.539105224609375000e+01
5.018402099609375000e+01
nan
nan
