nan
nan
nan
nan
nan
nan
nan
nan
nan
nan
nan
nan
nan
nan
nan
nan
nan
nan
nan
nan
nan
nan
nan
2.097538948059082031e+01
1.386692523956298828e+01
1.169265365600585938e+01
1.467983341217041016e+01
1.953224754333496094e+01
2.127128601074218750e+01
2.479640388488769531e+01
3.475802230834960938e+01
6.578132629394531250e+01
7.296813964843750000e+01
6.701977539062500000e+01
6.507778167724609375e+01
4.257035446166992188e+01
2.680875968933105469e+01
2.162701606750488281e+01
1.714443969726562500e+01
1.608974266052246094e+01
1.585474109649658203e+01
1.608738517761230469e+01
1.684840011596679688e+01
1.917816925048828125e+01
1.796998023986816406e+01
1.619602966308593750e+01
1.424888038635253906e+01
1.554715824127197266e+01
1.551027202606201172e+01
1.474400711059570312e+01
1.736352157592773438e+01
2.063751220703125000e+01
2.362189292907714844e+01
2.417772483825683594e+01
2.138824081420898438e+01
1.751200485229492188e+01
1.616290092468261719e+01
1.696651840209960938e+01
1.686049652099609375e+01
1.742785263061523438e+01
1.817704582214355469e+01
1.930063819885253906e+01
2.019184875488281250e+01
2.038240432739257812e+01
1.849436569213867188e+01
1.759320640563964844e+01
1.669315910339355469e+01
1.543228244781494141e+01
1.440816211700439453e+01
1.468456363677978516e+01
1.563670921325683594e+01
1.745733451843261719e+01
1.835239791870117188e+01
1.662998962402343750e+01
1.694703292846679688e+01
1.726459312438964844e+01
1.603573417663574219e+01
1.593979644775390625e+01
1.705313873291015625e+01
1.777704620361328125e+01
1.723177337646484375e+01
1.700478363037109375e+01
1.812876892089843750e+01
1.737668991088867188e+01
1.712241363525390625e+01
1.739668655395507812e+01
1.743623733520507812e+01
1.689467811584472656e+01
1.809377098083496094e+01
1.736749267578125000e+01
1.783412551879882812e+01
1.776668930053710938e+01
1.836580276489257812e+01
1.681949615478515625e+01
1.346227073669433594e+01
1.388729190826416016e+01
1.641187286376953125e+01
1.787175750732421875e+01
1.793346595764160156e+01
1.734708976745605469e+01
1.689773368835449219e+01
1.547784805297851562e+01
1.550860404968261719e+01
1.677677726745605469e+01
1.710443496704101562e+01
1.566001605987548828e+01
1.502611351013183594e+01
1.619390487670898438e+01
1.632884979248046875e+01
1.585110664367675781e+01
1.679333877563476562e+01
1.711017417907714844e+01
1.597661304473876953e+01
1.507438182830810547e+01
1.528661441802978516e+01
1.589354705810546875e+01
1.640390205383300781e+01
1.734208106994628906e+01
1.783141517639160156e+01
1.817248153686523438e+01
1.792413330078125000e+01
1.755340957641601562e+01
1.703373527526855469e+01
1.644667816162109375e+01
1.620506477355957031e+01
1.616272544860839844e+01
1.661260795593261719e+01
1.552473926544189453e+01
1.520651531219482422e+01
1.609403610229492188e+01
1.657423973083496094e+01
1.613707733154296875e+01
1.585494136810302734e+01
1.627843093872070312e+01
1.694786262512207031e+01
1.729197311401367188e+01
1.722780990600585938e+01
1.767153549194335938e+01
1.680097389221191406e+01
1.584388542175292969e+01
1.514360618591308594e+01
1.554125213623046875e+01
1.650159454345703125e+01
1.766972732543945312e+01
1.847618675231933594e+01
1.756365776062011719e+01
1.632520103454589844e+01
1.554222393035888672e+01
1.468609714508056641e+01
1.475113010406494141e+01
1.648831558227539062e+01
1.835078620910644531e+01
1.796100997924804688e+01
1.680645561218261719e+01
1.595742321014404297e+01
1.533478450775146484e+01
1.497582149505615234e+01
1.417133712768554688e+01
1.515793037414550781e+01
1.581035232543945312e+01
1.743003273010253906e+01
1.778557968139648438e+01
1.795545387268066406e+01
1.764599037170410156e+01
1.628135299682617188e+01
1.430472087860107422e+01
1.435282135009765625e+01
1.504510211944580078e+01
1.440927886962890625e+01
1.404780864715576172e+01
1.416326045989990234e+01
1.494309616088867188e+01
1.586652565002441406e+01
1.566022396087646484e+01
1.565642738342285156e+01
1.601026535034179688e+01
1.743077468872070312e+01
1.652782249450683594e+01
1.510441875457763672e+01
1.425675010681152344e+01
1.433807563781738281e+01
1.537686443328857422e+01
1.605125808715820312e+01
1.627930450439453125e+01
1.506184482574462891e+01
1.426181793212890625e+01
1.453597068786621094e+01
1.488977909088134766e+01
1.460007190704345703e+01
1.592096805572509766e+01
1.734866333007812500e+01
1.751384735107421875e+01
1.624239921569824219e+01
1.519678401947021484e+01
1.482266616821289062e+01
1.535963535308837891e+01
1.593863582611083984e+01
1.621847915649414062e+01
1.647274398803710938e+01
1.513072967529296875e+01
1.451695251464843750e+01
1.459989929199218750e+01
1.422047996520996094e+01
1.454765701293945312e+01
1.414730739593505859e+01
1.381729316711425781e+01
1.348648834228515625e+01
1.372748947143554688e+01
1.461972141265869141e+01
1.472628688812255859e+01
1.472691154479980469e+01
1.524926376342773438e+01
1.568859577178955078e+01
1.519108200073242188e+01
1.452901744842529297e+01
1.366720962524414062e+01
1.469850444793701172e+01
1.513767242431640625e+01
1.562418270111083984e+01
1.678016090393066406e+01
1.624244499206542969e+01
1.601119995117187500e+01
1.558071994781494141e+01
1.548357295989990234e+01
1.444857978820800781e+01
1.399433040618896484e+01
1.426493453979492188e+01
1.557483386993408203e+01
1.534465980529785156e+01
1.509355735778808594e+01
1.492009449005126953e+01
1.563405323028564453e+01
1.549434089660644531e+01
1.512803745269775391e+01
1.414798736572265625e+01
1.430111694335937500e+01
1.495543098449707031e+01
1.542710590362548828e+01
1.486110591888427734e+01
1.440000820159912109e+01
1.487705802917480469e+01
1.449022483825683594e+01
1.411209201812744141e+01
1.415827465057373047e+01
1.547568321228027344e+01
1.581639194488525391e+01
1.458995819091796875e+01
1.428418731689453125e+01
1.520769214630126953e+01
1.485711860656738281e+01
1.423064041137695312e+01
1.370373153686523438e+01
1.441373062133789062e+01
1.429559421539306641e+01
1.382810020446777344e+01
1.407637500762939453e+01
1.489423465728759766e+01
1.514066028594970703e+01
1.431895446777343750e+01
1.415087318420410156e+01
1.426957702636718750e+01
1.444663143157958984e+01
1.437535858154296875e+01
1.391221618652343750e+01
1.330500411987304688e+01
1.348348426818847656e+01
1.381584835052490234e+01
1.370547103881835938e+01
1.355540657043457031e+01
1.347226238250732422e+01
1.388107967376708984e+01
1.410597610473632812e+01
1.405282592773437500e+01
1.416966915130615234e+01
1.456277751922607422e+01
1.371088886260986328e+01
1.277577590942382812e+01
1.329402828216552734e+01
1.346269893646240234e+01
1.368182945251464844e+01
1.385258197784423828e+01
1.405987262725830078e+01
1.404741191864013672e+01
1.347322273254394531e+01
1.321942329406738281e+01
1.283568191528320312e+01
1.311722469329833984e+01
1.341217041015625000e+01
1.314585685729980469e+01
1.317876052856445312e+01
1.375202274322509766e+01
1.486562824249267578e+01
1.425304412841796875e+01
1.384647274017333984e+01
1.322354984283447266e+01
1.289932346343994141e+01
1.332148170471191406e+01
1.336414432525634766e+01
1.374545860290527344e+01
1.381232357025146484e+01
1.361630630493164062e+01
1.292441082000732422e+01
1.279209232330322266e+01
1.412290382385253906e+01
1.423515796661376953e+01
1.379206752777099609e+01
1.407378578186035156e+01
1.436870002746582031e+01
1.444009780883789062e+01
1.391135215759277344e+01
1.444215106964111328e+01
1.423672485351562500e+01
1.439958286285400391e+01
1.390394783020019531e+01
1.357503032684326172e+01
1.318336582183837891e+01
1.368807983398437500e+01
1.432173824310302734e+01
1.488577651977539062e+01
1.508902740478515625e+01
1.410254001617431641e+01
1.297609710693359375e+01
1.240896415710449219e+01
1.213241004943847656e+01
1.260814094543457031e+01
1.341232776641845703e+01
1.347577285766601562e+01
1.314809417724609375e+01
1.329292583465576172e+01
1.328237152099609375e+01
1.343116378784179688e+01
1.379066276550292969e+01
1.388981056213378906e+01
1.404305362701416016e+01
1.417809581756591797e+01
1.385976982116699219e+01
1.378285980224609375e+01
1.382345581054687500e+01
1.362569713592529297e+01
1.355680656433105469e+01
1.352279090881347656e+01
1.374459552764892578e+01
1.365974330902099609e+01
1.368641376495361328e+01
1.380726051330566406e+01
1.420682239532470703e+01
1.334761810302734375e+01
1.262103080749511719e+01
1.269166183471679688e+01
1.330648708343505859e+01
1.328307056427001953e+01
1.364726638793945312e+01
1.365607166290283203e+01
1.379710674285888672e+01
1.428419494628906250e+01
1.443268394470214844e+01
1.406149196624755859e+01
1.328039836883544922e+01
1.327551269531250000e+01
1.375986576080322266e+01
1.407069873809814453e+01
1.377801704406738281e+01
1.317177677154541016e+01
1.333786201477050781e+01
1.445171165466308594e+01
1.515139102935791016e+01
1.420482540130615234e+01
1.273473453521728516e+01
1.220537757873535156e+01
1.261321926116943359e+01
1.331123542785644531e+01
1.384325408935546875e+01
1.374840736389160156e+01
1.324471855163574219e+01
1.350364208221435547e+01
1.403341007232666016e+01
1.430014419555664062e+01
1.402155590057373047e+01
1.378127861022949219e+01
1.380470275878906250e+01
1.410593414306640625e+01
1.468159484863281250e+01
1.454420280456542969e+01
1.457864284515380859e+01
1.414062309265136719e+01
1.397662639617919922e+01
1.402336978912353516e+01
1.408691310882568359e+01
1.347133064270019531e+01
1.289932155609130859e+01
1.238506317138671875e+01
1.239063262939453125e+01
1.230313491821289062e+01
1.278937244415283203e+01
1.323881530761718750e+01
1.408797359466552734e+01
1.335902023315429688e+01
1.316084480285644531e+01
1.312025070190429688e+01
1.369761466979980469e+01
1.422423648834228516e+01
1.461923789978027344e+01
1.452227306365966797e+01
1.399113464355468750e+01
1.358545875549316406e+01
1.283250427246093750e+01
1.310412502288818359e+01
1.361815261840820312e+01
1.371142768859863281e+01
1.299579811096191406e+01
1.305372810363769531e+01
1.338469886779785156e+01
1.328066062927246094e+01
1.342786598205566406e+01
1.363218498229980469e+01
1.355066490173339844e+01
1.411100101470947266e+01
1.335013961791992188e+01
1.275798511505126953e+01
1.255063247680664062e+01
1.274616241455078125e+01
1.296028900146484375e+01
1.358951187133789062e+01
1.444981193542480469e+01
1.422581768035888672e+01
1.458306598663330078e+01
1.460073852539062500e+01
1.451329135894775391e+01
1.418462467193603516e+01
1.437379169464111328e+01
1.376146221160888672e+01
1.294139385223388672e+01
1.348814582824707031e+01
1.458346366882324219e+01
1.439123439788818359e+01
1.401851463317871094e+01
1.392246627807617188e+01
1.399214267730712891e+01
1.394165706634521484e+01
1.304881191253662109e+01
1.276398468017578125e+01
1.327086257934570312e+01
1.317232036590576172e+01
1.290962505340576172e+01
1.342124652862548828e+01
1.361693763732910156e+01
1.343285465240478516e+01
1.336749839782714844e+01
1.356910610198974609e+01
1.414625930786132812e+01
1.432727336883544922e+01
1.429348850250244141e+01
1.373892879486083984e+01
1.384718704223632812e+01
1.375850200653076172e+01
1.312104129791259766e+01
1.280656242370605469e+01
1.275692749023437500e+01
1.312040424346923828e+01
1.258956146240234375e+01
1.283822536468505859e+01
1.337252521514892578e+01
1.367783546447753906e+01
1.370241832733154297e+01
1.386893749237060547e+01
1.384759235382080078e+01
1.478724861145019531e+01
1.451267719268798828e+01
1.395013904571533203e+01
1.422334194183349609e+01
1.436187744140625000e+01
1.421159553527832031e+01
1.383218765258789062e+01
1.408010101318359375e+01
1.356628417968750000e+01
1.308051586151123047e+01
1.334579277038574219e+01
1.361935615539550781e+01
1.322541427612304688e+01
1.248412227630615234e+01
1.343408584594726562e+01
1.406812191009521484e+01
1.427108764648437500e+01
1.318284034729003906e+01
1.236590194702148438e+01
1.229991817474365234e+01
1.243758106231689453e+01
1.278693294525146484e+01
1.283494091033935547e+01
1.397764301300048828e+01
1.463039875030517578e+01
1.411236476898193359e+01
1.327031135559082031e+01
1.300531387329101562e+01
1.363529396057128906e+01
1.374492263793945312e+01
1.390344333648681641e+01
1.346642684936523438e+01
1.313557243347167969e+01
1.386902904510498047e+01
1.400649070739746094e+01
1.356189250946044922e+01
1.336424922943115234e+01
1.361281871795654297e+01
1.376307678222656250e+01
1.369435214996337891e+01
1.411854648590087891e+01
1.475628089904785156e+01
1.489448070526123047e+01
1.495433616638183594e+01
1.427105331420898438e+01
1.354390907287597656e+01
1.345614242553710938e+01
1.373336696624755859e+01
1.426973152160644531e+01
1.449190711975097656e+01
1.429696846008300781e+01
1.368843364715576172e+01
1.351619052886962891e+01
1.360892486572265625e+01
1.429933547973632812e+01
1.437955856323242188e+01
1.412990856170654297e+01
1.376899814605712891e+01
1.381850624084472656e+01
1.431827259063720703e+01
1.462779140472412109e+01
1.447248935699462891e+01
1.435282802581787109e+01
1.439183330535888672e+01
1.501181221008300781e+01
1.455246353149414062e+01
1.438777160644531250e+01
1.452065563201904297e+01
1.436597633361816406e+01
1.435277271270751953e+01
1.382781887054443359e+01
1.333805370330810547e+01
1.352565002441406250e+01
1.378384304046630859e+01
1.345987987518310547e+01
1.305368995666503906e+01
1.290858078002929688e+01
1.333888053894042969e+01
1.365857219696044922e+01
1.314334964752197266e+01
1.268724346160888672e+01
1.319667148590087891e+01
1.412234783172607422e+01
1.403042507171630859e+01
1.370659446716308594e+01
1.319764232635498047e+01
1.320234870910644531e+01
1.327984809875488281e+01
1.346061038970947266e+01
1.336091804504394531e+01
1.296436977386474609e+01
1.317819881439208984e+01
1.349088191986083984e+01
1.340469074249267578e+01
1.335401725769042969e+01
1.304154205322265625e+01
1.310124588012695312e+01
1.324243068695068359e+01
1.333524703979492188e+01
1.337016868591308594e+01
1.374836635589599609e+01
1.372224521636962891e+01
1.340563011169433594e+01
1.330347251892089844e+01
1.336182022094726562e+01
1.308741569519042969e+01
1.307414150238037109e+01
1.334450531005859375e+01
1.338604164123535156e+01
1.369664859771728516e+01
1.319151020050048828e+01
1.286367797851562500e+01
1.268838787078857422e+01
1.321497917175292969e+01
1.303215885162353516e+01
1.264620018005371094e+01
1.255613327026367188e+01
1.314697456359863281e+01
1.314609909057617188e+01
1.316221332550048828e+01
1.353159046173095703e+01
1.443065643310546875e+01
1.403765964508056641e+01
1.334389209747314453e+01
1.340081691741943359e+01
1.373167610168457031e+01
1.376478481292724609e+01
1.397760105133056641e+01
1.356117343902587891e+01
1.373805332183837891e+01
1.352020835876464844e+01
1.326897716522216797e+01
1.293738555908203125e+01
1.347987747192382812e+01
1.389555549621582031e+01
1.398452568054199219e+01
1.357936000823974609e+01
1.278013515472412109e+01
1.252035236358642578e+01
1.299651145935058594e+01
1.350636863708496094e+01
1.354396152496337891e+01
1.368569087982177734e+01
1.334331989288330078e+01
1.312759208679199219e+01
1.256970691680908203e+01
1.219714546203613281e+01
1.263874530792236328e+01
1.280605697631835938e+01
1.250297832489013672e+01
1.258685302734375000e+01
1.229518413543701172e+01
1.223111152648925781e+01
1.247175502777099609e+01
1.319674110412597656e+01
1.328085231781005859e+01
1.282855319976806641e+01
1.250516510009765625e+01
1.252980422973632812e+01
1.304211521148681641e+01
1.331428432464599609e+01
1.357468700408935547e+01
1.324014091491699219e+01
1.322729396820068359e+01
1.311892795562744141e+01
1.286413574218750000e+01
1.298042774200439453e+01
1.328812789916992188e+01
1.337375450134277344e+01
1.280359268188476562e+01
1.268774890899658203e+01
1.272822189331054688e+01
1.244396018981933594e+01
1.228839874267578125e+01
1.275294494628906250e+01
1.305652427673339844e+01
1.308264827728271484e+01
1.278336048126220703e+01
1.277361583709716797e+01
1.268395900726318359e+01
1.257381916046142578e+01
1.258024311065673828e+01
1.283204555511474609e+01
1.295180225372314453e+01
1.290422153472900391e+01
1.299862575531005859e+01
1.367620658874511719e+01
1.399252891540527344e+01
1.358676052093505859e+01
1.319865798950195312e+01
1.322601318359375000e+01
1.337937736511230469e+01
1.272076511383056641e+01
1.290423297882080078e+01
1.276962947845458984e+01
1.258795452117919922e+01
1.228768634796142578e+01
1.245925998687744141e+01
1.274882411956787109e+01
1.268217277526855469e+01
1.264919662475585938e+01
1.242739295959472656e+01
1.255176162719726562e+01
1.285072326660156250e+01
1.309704113006591797e+01
1.314019012451171875e+01
1.282021331787109375e+01
1.306979846954345703e+01
1.272892761230468750e+01
1.244862079620361328e+01
1.261921119689941406e+01
1.303645706176757812e+01
1.262013435363769531e+01
1.266770076751708984e+01
1.242733287811279297e+01
1.250903892517089844e+01
1.260400772094726562e+01
1.286105060577392578e+01
1.291037750244140625e+01
1.251164817810058594e+01
1.251382446289062500e+01
1.286060047149658203e+01
1.311114692687988281e+01
1.334766769409179688e+01
1.347606754302978516e+01
1.291792964935302734e+01
1.245842838287353516e+01
1.232971858978271484e+01
1.264373588562011719e+01
1.230444908142089844e+01
1.199173450469970703e+01
1.139121818542480469e+01
1.149527740478515625e+01
1.155181026458740234e+01
1.228168392181396484e+01
1.256560897827148438e+01
1.216588401794433594e+01
1.205623340606689453e+01
1.240335559844970703e+01
1.257215118408203125e+01
1.276524353027343750e+01
1.271342849731445312e+01
1.221242713928222656e+01
1.170332431793212891e+01
1.193052768707275391e+01
1.234773159027099609e+01
1.219793319702148438e+01
1.175622081756591797e+01
1.194008350372314453e+01
1.164165782928466797e+01
1.138518619537353516e+01
1.134534263610839844e+01
1.200157070159912109e+01
1.218641090393066406e+01
1.233676719665527344e+01
1.233748149871826172e+01
1.262001419067382812e+01
1.250603580474853516e+01
1.183014678955078125e+01
1.158974170684814453e+01
1.180412292480468750e+01
1.194084453582763672e+01
1.198571395874023438e+01
1.258247375488281250e+01
1.303732776641845703e+01
1.294065856933593750e+01
1.231754302978515625e+01
1.257858657836914062e+01
1.261363315582275391e+01
1.242860794067382812e+01
1.220501136779785156e+01
1.255200004577636719e+01
1.274359512329101562e+01
1.233451557159423828e+01
1.215008354187011719e+01
1.235349750518798828e+01
1.209440326690673828e+01
1.207318973541259766e+01
1.222070026397705078e+01
1.211819267272949219e+01
1.212889480590820312e+01
1.233994579315185547e+01
1.265709209442138672e+01
1.217358303070068359e+01
1.209787654876708984e+01
1.189720249176025391e+01
1.184486675262451172e+01
1.209051990509033203e+01
1.212571907043457031e+01
1.209311008453369141e+01
1.276977729797363281e+01
1.272295188903808594e+01
1.202014255523681641e+01
1.199332523345947266e+01
1.221434211730957031e+01
1.283919143676757812e+01
1.252677822113037109e+01
1.212840175628662109e+01
1.200341224670410156e+01
1.238649559020996094e+01
1.242361068725585938e+01
1.223943138122558594e+01
1.259051895141601562e+01
1.267195796966552734e+01
1.248937797546386719e+01
1.251641082763671875e+01
1.218786334991455078e+01
1.219909572601318359e+01
1.249844360351562500e+01
1.283223438262939453e+01
1.254859924316406250e+01
1.241153621673583984e+01
1.228879451751708984e+01
1.247979068756103516e+01
1.258498859405517578e+01
1.268697071075439453e+01
1.225118446350097656e+01
1.180407047271728516e+01
1.160746860504150391e+01
1.155038070678710938e+01
1.215452384948730469e+01
1.256715202331542969e+01
1.250432395935058594e+01
1.236291885375976562e+01
1.220075511932373047e+01
1.175196361541748047e+01
1.150505161285400391e+01
1.154363918304443359e+01
1.174619007110595703e+01
1.205374240875244141e+01
1.234883499145507812e+01
1.264691925048828125e+01
1.267522811889648438e+01
1.263523674011230469e+01
1.257828140258789062e+01
1.250137615203857422e+01
1.230053520202636719e+01
1.196757316589355469e+01
1.203243732452392578e+01
1.221598815917968750e+01
1.266858863830566406e+01
1.218349170684814453e+01
1.204563617706298828e+01
1.143722248077392578e+01
1.176694202423095703e+01
1.172035026550292969e+01
1.187128353118896484e+01
1.161597537994384766e+01
1.154372596740722656e+01
1.140265369415283203e+01
1.111419868469238281e+01
1.127154541015625000e+01
1.153221893310546875e+01
1.198124027252197266e+01
1.217137908935546875e+01
1.227005195617675781e+01
1.229337882995605469e+01
1.209119033813476562e+01
1.163916015625000000e+01
1.157924556732177734e+01
1.190512752532958984e+01
1.153608417510986328e+01
1.124946689605712891e+01
1.136418151855468750e+01
1.137028503417968750e+01
1.118821334838867188e+01
1.132542705535888672e+01
1.172363281250000000e+01
1.140424728393554688e+01
1.139636230468750000e+01
1.141470241546630859e+01
1.118414402008056641e+01
1.111978054046630859e+01
1.168612670898437500e+01
1.207055282592773438e+01
1.257325553894042969e+01
1.240663719177246094e+01
1.193838214874267578e+01
1.112039566040039062e+01
1.102406787872314453e+01
1.131723403930664062e+01
1.196253395080566406e+01
1.184515953063964844e+01
1.164297485351562500e+01
1.157554531097412109e+01
1.198996067047119141e+01
1.175222778320312500e+01
1.163531208038330078e+01
1.164247512817382812e+01
1.188532733917236328e+01
1.183805274963378906e+01
1.158486461639404297e+01
1.156053638458251953e+01
1.181947898864746094e+01
1.159900569915771484e+01
1.163719654083251953e+01
1.129391956329345703e+01
1.110721397399902344e+01
1.084151458740234375e+01
1.083846664428710938e+01
1.115264415740966797e+01
1.167301654815673828e+01
1.213042831420898438e+01
1.253752899169921875e+01
1.260598278045654297e+01
1.228047466278076172e+01
1.194133090972900391e+01
1.130804252624511719e+01
1.150202178955078125e+01
1.201247978210449219e+01
1.257895183563232422e+01
1.198200511932373047e+01
1.201304626464843750e+01
1.196553421020507812e+01
1.160855197906494141e+01
1.106925964355468750e+01
1.089826393127441406e+01
1.089408683776855469e+01
1.113016414642333984e+01
1.127154731750488281e+01
1.131149959564208984e+01
1.143614292144775391e+01
1.154034042358398438e+01
1.146855068206787109e+01
1.156377315521240234e+01
1.195283126831054688e+01
1.198257446289062500e+01
1.214764213562011719e+01
1.231766510009765625e+01
1.231247997283935547e+01
1.208796882629394531e+01
1.179345703125000000e+01
1.154626655578613281e+01
1.140665149688720703e+01
1.137336635589599609e+01
1.103062152862548828e+01
1.087973594665527344e+01
1.128332710266113281e+01
1.108904075622558594e+01
1.081756877899169922e+01
1.098880386352539062e+01
1.112162399291992188e+01
1.099899291992187500e+01
1.093199348449707031e+01
1.076648330688476562e+01
1.110249233245849609e+01
1.105919837951660156e+01
1.100628280639648438e+01
1.086910247802734375e+01
1.156989479064941406e+01
1.200666236877441406e+01
1.172757339477539062e+01
1.110271167755126953e+01
1.101321125030517578e+01
1.090967845916748047e+01
1.084042739868164062e+01
1.089354228973388672e+01
1.144347667694091797e+01
1.205968952178955078e+01
1.247050094604492188e+01
1.259417247772216797e+01
1.247026920318603516e+01
1.239448451995849609e+01
1.208632659912109375e+01
1.199106884002685547e+01
1.148544502258300781e+01
1.123823165893554688e+01
1.098321628570556641e+01
1.100608730316162109e+01
1.078853988647460938e+01
1.117388629913330078e+01
1.121683883666992188e+01
1.148780727386474609e+01
1.105544090270996094e+01
1.136278724670410156e+01
1.147277069091796875e+01
1.153426074981689453e+01
1.131396293640136719e+01
1.148995780944824219e+01
1.110537338256835938e+01
1.091888904571533203e+01
1.056606006622314453e+01
1.065990829467773438e+01
1.100282192230224609e+01
1.139817714691162109e+01
1.153636646270751953e+01
1.136109161376953125e+01
1.153619861602783203e+01
1.136825752258300781e+01
1.119367790222167969e+01
1.113699722290039062e+01
1.137734031677246094e+01
1.197615623474121094e+01
1.240029430389404297e+01
1.236425685882568359e+01
1.161112785339355469e+01
1.096749210357666016e+01
1.052997684478759766e+01
1.076498317718505859e+01
1.089225101470947266e+01
1.142840957641601562e+01
1.152996635437011719e+01
1.175034427642822266e+01
1.148594760894775391e+01
1.113356876373291016e+01
1.093425369262695312e+01
1.117901515960693359e+01
1.175427913665771484e+01
1.216368007659912109e+01
1.215396785736083984e+01
1.145596313476562500e+01
1.116119575500488281e+01
1.122242259979248047e+01
1.171538734436035156e+01
1.165295791625976562e+01
1.170200252532958984e+01
1.209840583801269531e+01
1.210347366333007812e+01
1.200955009460449219e+01
1.154233074188232422e+01
1.139871692657470703e+01
1.096100521087646484e+01
1.113370323181152344e+01
1.148655891418457031e+01
1.178064441680908203e+01
1.191313171386718750e+01
1.214363384246826172e+01
1.188209152221679688e+01
1.159265995025634766e+01
1.170144367218017578e+01
1.204963779449462891e+01
1.162777614593505859e+01
1.129470252990722656e+01
1.121401023864746094e+01
1.104268646240234375e+01
1.060618877410888672e+01
1.069349575042724609e+01
1.078203582763671875e+01
1.061929893493652344e+01
1.055437374114990234e+01
1.107662391662597656e+01
1.132273769378662109e+01
1.125456905364990234e+01
1.126556968688964844e+01
1.151532459259033203e+01
1.163017845153808594e+01
1.114359760284423828e+01
1.094027709960937500e+01
1.094390964508056641e+01
1.119580650329589844e+01
1.096779155731201172e+01
1.071283245086669922e+01
1.067067146301269531e+01
1.118374729156494141e+01
1.164196109771728516e+01
1.169582653045654297e+01
1.185464954376220703e+01
1.165855216979980469e+01
1.136821746826171875e+01
1.138928222656250000e+01
1.152945327758789062e+01
1.152155685424804688e+01
1.117007160186767578e+01
1.093406867980957031e+01
1.103359127044677734e+01
1.157143115997314453e+01
1.204828643798828125e+01
1.176447582244873047e+01
1.134426689147949219e+01
1.140365791320800781e+01
1.165546321868896484e+01
1.193825054168701172e+01
1.240641307830810547e+01
1.260540676116943359e+01
1.193857574462890625e+01
1.127776622772216797e+01
1.118422412872314453e+01
1.153835582733154297e+01
1.120112323760986328e+01
1.076762962341308594e+01
1.063873481750488281e+01
1.098492050170898438e+01
1.135743713378906250e+01
1.144142150878906250e+01
1.134387207031250000e+01
1.159412193298339844e+01
1.139285564422607422e+01
1.149055862426757812e+01
1.153712749481201172e+01
1.142151260375976562e+01
1.110249233245849609e+01
1.136846828460693359e+01
1.155877971649169922e+01
1.178783130645751953e+01
1.170476722717285156e+01
1.126653575897216797e+01
1.056029796600341797e+01
1.059750747680664062e+01
1.073719692230224609e+01
1.081596088409423828e+01
1.134643650054931641e+01
1.203314781188964844e+01
1.211422443389892578e+01
1.193645286560058594e+01
1.213408756256103516e+01
1.190635585784912109e+01
1.172132873535156250e+01
1.163698673248291016e+01
1.168939208984375000e+01
1.164579200744628906e+01
1.147574043273925781e+01
1.130023574829101562e+01
1.143713283538818359e+01
1.171547222137451172e+01
1.195466613769531250e+01
1.237700462341308594e+01
1.214015102386474609e+01
1.202311038970947266e+01
1.165369319915771484e+01
1.152693462371826172e+01
1.140249347686767578e+01
1.151676654815673828e+01
1.122037410736083984e+01
1.112234687805175781e+01
1.132762718200683594e+01
1.193045616149902344e+01
1.214149188995361328e+01
1.199949741363525391e+01
1.125748157501220703e+01
1.091288661956787109e+01
1.084879779815673828e+01
1.076903152465820312e+01
1.062603569030761719e+01
1.049714565277099609e+01
1.087204933166503906e+01
1.125701999664306641e+01
1.171577358245849609e+01
1.162112140655517578e+01
1.153385734558105469e+01
1.160117244720458984e+01
1.163894271850585938e+01
1.109933567047119141e+01
1.074787235260009766e+01
1.105906486511230469e+01
1.154011154174804688e+01
1.145553588867187500e+01
1.116362476348876953e+01
1.097140216827392578e+01
1.094719982147216797e+01
1.108137512207031250e+01
1.141162300109863281e+01
1.175831127166748047e+01
1.167829418182373047e+01
1.133310794830322266e+01
1.127869129180908203e+01
1.140312480926513672e+01
1.144816398620605469e+01
1.110287094116210938e+01
1.084820365905761719e+01
1.149259948730468750e+01
1.203894233703613281e+01
1.214797878265380859e+01
1.189529609680175781e+01
1.199724197387695312e+01
1.174747848510742188e+01
1.128985786437988281e+01
1.092045783996582031e+01
1.083232116699218750e+01
1.140390968322753906e+01
1.152854633331298828e+01
1.107847213745117188e+01
1.115991973876953125e+01
1.098832988739013672e+01
1.081547164916992188e+01
1.060028457641601562e+01
1.083941936492919922e+01
1.105853843688964844e+01
1.159303665161132812e+01
1.187357234954833984e+01
1.157745456695556641e+01
1.125932979583740234e+01
1.128695201873779297e+01
1.147947883605957031e+01
1.169174385070800781e+01
1.151066303253173828e+01
1.118361282348632812e+01
1.162438583374023438e+01
1.183345699310302734e+01
1.139252376556396484e+01
1.086619949340820312e+01
1.090608978271484375e+01
1.169531250000000000e+01
1.213625812530517578e+01
1.227114391326904297e+01
1.229634380340576172e+01
1.186291694641113281e+01
1.223725891113281250e+01
1.190729904174804688e+01
1.104777240753173828e+01
1.090330600738525391e+01
1.132590675354003906e+01
1.154630184173583984e+01
1.186501789093017578e+01
1.147894191741943359e+01
1.137415409088134766e+01
1.154389476776123047e+01
1.200157356262207031e+01
1.218959236145019531e+01
1.245224666595458984e+01
1.224491500854492188e+01
1.171540164947509766e+01
1.178624916076660156e+01
1.230051708221435547e+01
1.248536968231201172e+01
1.238717269897460938e+01
1.197522735595703125e+01
1.158222866058349609e+01
1.168567657470703125e+01
1.158262157440185547e+01
1.184579181671142578e+01
1.211037731170654297e+01
1.163127517700195312e+01
1.088629055023193359e+01
1.106213569641113281e+01
1.153610134124755859e+01
1.193763256072998047e+01
1.185818576812744141e+01
1.165750312805175781e+01
1.167046737670898438e+01
1.126010894775390625e+01
1.077204704284667969e+01
1.105125331878662109e+01
1.166408920288085938e+01
1.171324539184570312e+01
1.184105491638183594e+01
1.220044994354248047e+01
1.240669918060302734e+01
1.207207775115966797e+01
1.141928958892822266e+01
1.068262863159179688e+01
1.077056598663330078e+01
1.143299388885498047e+01
1.158753490447998047e+01
1.158948516845703125e+01
1.158182621002197266e+01
1.113542842864990234e+01
1.128876399993896484e+01
1.204585647583007812e+01
1.242481422424316406e+01
1.206942939758300781e+01
1.195462608337402344e+01
1.208226871490478516e+01
1.233802509307861328e+01
1.234027671813964844e+01
1.199312019348144531e+01
1.176511764526367188e+01
1.162943935394287109e+01
1.153697299957275391e+01
1.174038028717041016e+01
1.193469429016113281e+01
1.193175697326660156e+01
1.131040668487548828e+01
1.073224163055419922e+01
1.127235412597656250e+01
1.174146175384521484e+01
1.240147209167480469e+01
1.248597145080566406e+01
1.229501819610595703e+01
1.192375755310058594e+01
1.161233234405517578e+01
1.167686176300048828e+01
1.151807498931884766e+01
1.133533287048339844e+01
1.192451477050781250e+01
1.260346126556396484e+01
1.246064758300781250e+01
1.202194881439208984e+01
1.161285877227783203e+01
1.169480133056640625e+01
1.204184532165527344e+01
1.191214179992675781e+01
1.106987380981445312e+01
1.065158748626708984e+01
1.075874710083007812e+01
1.134781646728515625e+01
1.174932384490966797e+01
1.151137447357177734e+01
1.162663841247558594e+01
1.187116241455078125e+01
1.177774906158447266e+01
1.115302085876464844e+01
1.048808956146240234e+01
1.058995628356933594e+01
1.139398670196533203e+01
1.170385551452636719e+01
1.124061393737792969e+01
1.087161445617675781e+01
1.113351821899414062e+01
1.133584976196289062e+01
1.143336486816406250e+01
1.152307415008544922e+01
1.173737907409667969e+01
1.195228672027587891e+01
1.216998672485351562e+01
1.138041877746582031e+01
1.111439609527587891e+01
1.082525062561035156e+01
1.087973022460937500e+01
1.139402294158935547e+01
1.175712108612060547e+01
1.122900009155273438e+01
1.078737545013427734e+01
1.094582176208496094e+01
1.096885585784912109e+01
1.156915473937988281e+01
1.187679672241210938e+01
1.210651683807373047e+01
1.202000045776367188e+01
1.187341785430908203e+01
1.165867614746093750e+01
1.143117046356201172e+01
1.190252208709716797e+01
1.214383029937744141e+01
1.176704692840576172e+01
1.186501121520996094e+01
1.229798698425292969e+01
1.203022003173828125e+01
1.181343650817871094e+01
1.167462444305419922e+01
1.162907218933105469e+01
1.172179508209228516e+01
1.220287227630615234e+01
1.241860198974609375e+01
1.245092296600341797e+01
1.216653442382812500e+01
1.153227615356445312e+01
1.162316608428955078e+01
1.188206863403320312e+01
1.230164623260498047e+01
1.226613521575927734e+01
1.179707431793212891e+01
1.173317527770996094e+01
1.156060314178466797e+01
1.122677612304687500e+01
1.143243408203125000e+01
1.185287475585937500e+01
1.227383995056152344e+01
1.192729663848876953e+01
1.206624031066894531e+01
1.165312957763671875e+01
1.117172431945800781e+01
1.067360115051269531e+01
1.128529548645019531e+01
1.168012332916259766e+01
1.189779949188232422e+01
1.152085208892822266e+01
1.123802375793457031e+01
1.154492092132568359e+01
1.129028987884521484e+01
1.138553428649902344e+01
1.113690853118896484e+01
1.103194332122802734e+01
1.113635826110839844e+01
1.203019618988037109e+01
1.218894004821777344e+01
1.180303382873535156e+01
1.124613475799560547e+01
1.151561260223388672e+01
1.229011249542236328e+01
1.199002456665039062e+01
1.151162338256835938e+01
1.124299621582031250e+01
1.080520915985107422e+01
1.054074287414550781e+01
1.059996986389160156e+01
1.085402011871337891e+01
1.102955341339111328e+01
1.129395103454589844e+01
1.116872787475585938e+01
1.116764736175537109e+01
1.128271484375000000e+01
1.164926338195800781e+01
1.146921920776367188e+01
1.106202697753906250e+01
1.122926521301269531e+01
1.141260433197021484e+01
1.127756595611572266e+01
1.067934322357177734e+01
1.073334407806396484e+01
1.115024566650390625e+01
1.166187572479248047e+01
1.173727416992187500e+01
1.180019187927246094e+01
1.170626926422119141e+01
1.173513126373291016e+01
1.141439723968505859e+01
1.107422351837158203e+01
1.080803871154785156e+01
1.104644393920898438e+01
1.138617134094238281e+01
1.114010715484619141e+01
1.091845512390136719e+01
1.123342132568359375e+01
1.176711654663085938e+01
1.147813320159912109e+01
1.126567840576171875e+01
1.149638652801513672e+01
1.180039787292480469e+01
1.138740062713623047e+01
1.157442665100097656e+01
1.201694297790527344e+01
1.173205757141113281e+01
1.143817234039306641e+01
1.131113243103027344e+01
1.170833206176757812e+01
1.187900543212890625e+01
1.168511009216308594e+01
1.127724361419677734e+01
1.154344272613525391e+01
1.137389755249023438e+01
1.110899639129638672e+01
1.072068881988525391e+01
1.052141094207763672e+01
1.053559207916259766e+01
1.132230854034423828e+01
1.155846786499023438e+01
1.128074741363525391e+01
1.135193061828613281e+01
1.200675582885742188e+01
1.170994472503662109e+01
1.192133426666259766e+01
1.177627468109130859e+01
1.171442985534667969e+01
1.155064868927001953e+01
1.122530364990234375e+01
1.124203872680664062e+01
1.103111267089843750e+01
1.111037158966064453e+01
1.099745559692382812e+01
1.106891536712646484e+01
1.119450855255126953e+01
1.153187656402587891e+01
1.138838100433349609e+01
1.132612609863281250e+01
1.130875205993652344e+01
1.143545722961425781e+01
1.154720497131347656e+01
1.178866004943847656e+01
1.178041839599609375e+01
1.146102046966552734e+01
1.124504470825195312e+01
1.145502471923828125e+01
1.154223442077636719e+01
1.117321777343750000e+01
1.111241722106933594e+01
1.113741779327392578e+01
1.134594058990478516e+01
1.151444625854492188e+01
1.180195999145507812e+01
1.191255283355712891e+01
1.170080280303955078e+01
1.195586013793945312e+01
1.147469043731689453e+01
1.082333278656005859e+01
1.074659633636474609e+01
1.097493743896484375e+01
1.113135814666748047e+01
1.157696342468261719e+01
1.212804508209228516e+01
1.196431636810302734e+01
1.183468246459960938e+01
1.186661434173583984e+01
1.163946056365966797e+01
1.146210289001464844e+01
1.146418762207031250e+01
1.127651500701904297e+01
1.131392955780029297e+01
1.133080101013183594e+01
1.165420150756835938e+01
1.123417758941650391e+01
1.087050819396972656e+01
1.080032062530517578e+01
1.086699962615966797e+01
1.113046455383300781e+01
1.170232963562011719e+01
1.218601989746093750e+01
1.229743671417236328e+01
1.209910869598388672e+01
1.170542621612548828e+01
1.179779720306396484e+01
1.156945133209228516e+01
1.164475059509277344e+01
1.122881317138671875e+01
1.052007865905761719e+01
1.045104026794433594e+01
1.097188377380371094e+01
1.118022632598876953e+01
1.133552265167236328e+01
1.149985885620117188e+01
1.105000019073486328e+01
1.096672439575195312e+01
1.115002822875976562e+01
1.104545974731445312e+01
1.100436782836914062e+01
1.117831993103027344e+01
1.125734519958496094e+01
1.161623001098632812e+01
1.177620983123779297e+01
1.157547092437744141e+01
1.125662899017333984e+01
1.142004203796386719e+01
1.137680244445800781e+01
1.148948669433593750e+01
1.159297752380371094e+01
1.131010913848876953e+01
1.152150630950927734e+01
1.161089706420898438e+01
1.175239181518554688e+01
1.159235095977783203e+01
1.116366100311279297e+01
1.110579395294189453e+01
1.147180843353271484e+01
1.160007190704345703e+01
1.121994304656982422e+01
1.133737850189208984e+01
1.144315052032470703e+01
1.112374401092529297e+01
1.122858905792236328e+01
1.131855010986328125e+01
1.179105377197265625e+01
1.166979217529296875e+01
1.165786266326904297e+01
1.085700988769531250e+01
1.023657989501953125e+01
1.014047145843505859e+01
1.070146179199218750e+01
1.071820068359375000e+01
1.051059150695800781e+01
1.053939628601074219e+01
1.082033824920654297e+01
1.170757102966308594e+01
1.141941642761230469e+01
1.101620864868164062e+01
1.057631683349609375e+01
1.070978641510009766e+01
1.093520259857177734e+01
1.126532363891601562e+01
1.145985698699951172e+01
1.159507083892822266e+01
1.165121269226074219e+01
1.143835353851318359e+01
1.127283859252929688e+01
1.184848976135253906e+01
1.178291130065917969e+01
1.174931812286376953e+01
1.169295692443847656e+01
1.186235046386718750e+01
1.190100097656250000e+01
1.143581008911132812e+01
1.109784793853759766e+01
1.050226688385009766e+01
1.046158313751220703e+01
1.066098690032958984e+01
1.119093894958496094e+01
1.139243888854980469e+01
1.121066856384277344e+01
1.149506664276123047e+01
1.191765403747558594e+01
1.178447055816650391e+01
1.172728919982910156e+01
1.167774391174316406e+01
1.138976955413818359e+01
1.103658103942871094e+01
1.126064205169677734e+01
1.146819972991943359e+01
1.145439910888671875e+01
1.215097427368164062e+01
1.204451656341552734e+01
1.158554553985595703e+01
1.075662040710449219e+01
1.092359447479248047e+01
1.123764514923095703e+01
1.127105808258056641e+01
1.128435516357421875e+01
1.157463169097900391e+01
1.151585960388183594e+01
1.148622417449951172e+01
1.163584232330322266e+01
1.148794746398925781e+01
1.095399093627929688e+01
1.074949169158935547e+01
1.113487052917480469e+01
1.114153766632080078e+01
1.118773460388183594e+01
1.109974384307861328e+01
1.088214492797851562e+01
1.069802856445312500e+01
1.070211029052734375e+01
1.097230434417724609e+01
1.100497913360595703e+01
1.121990489959716797e+01
1.163688278198242188e+01
1.211458778381347656e+01
1.204134845733642578e+01
1.171669292449951172e+01
1.194160938262939453e+01
1.216924381256103516e+01
1.160084247589111328e+01
1.051490020751953125e+01
1.082575416564941406e+01
1.077031803131103516e+01
1.105019092559814453e+01
1.139358234405517578e+01
1.141308403015136719e+01
1.121483898162841797e+01
1.070661354064941406e+01
1.062830543518066406e+01
1.079459762573242188e+01
1.091238307952880859e+01
1.125568103790283203e+01
1.171811294555664062e+01
1.233709335327148438e+01
1.210833072662353516e+01
1.169321441650390625e+01
1.169566154479980469e+01
1.188151359558105469e+01
1.188319969177246094e+01
1.129806709289550781e+01
1.093585491180419922e+01
1.069570064544677734e+01
1.058965492248535156e+01
1.075271797180175781e+01
1.114058876037597656e+01
1.146893501281738281e+01
1.126950168609619141e+01
1.090255832672119141e+01
1.085636234283447266e+01
1.172842407226562500e+01
1.166057491302490234e+01
1.147156715393066406e+01
1.120039844512939453e+01
1.131777667999267578e+01
1.145223236083984375e+01
1.170241546630859375e+01
1.142750644683837891e+01
1.101434707641601562e+01
1.162747001647949219e+01
1.160617160797119141e+01
1.181736850738525391e+01
1.180968189239501953e+01
1.163308429718017578e+01
1.148721313476562500e+01
1.164535617828369141e+01
1.128574466705322266e+01
1.100619125366210938e+01
1.103485107421875000e+01
1.125133228302001953e+01
1.103387069702148438e+01
1.147856330871582031e+01
1.186981010437011719e+01
1.194320964813232422e+01
1.154424190521240234e+01
1.131585502624511719e+01
1.118194484710693359e+01
1.185660362243652344e+01
1.179023361206054688e+01
1.152156543731689453e+01
1.090791225433349609e+01
1.074055957794189453e+01
1.085274028778076172e+01
1.123164844512939453e+01
1.094672584533691406e+01
1.047554302215576172e+01
1.008860969543457031e+01
1.059262752532958984e+01
1.121133804321289062e+01
1.181339931488037109e+01
1.153041458129882812e+01
1.091588592529296875e+01
1.100245666503906250e+01
1.110303974151611328e+01
1.191455078125000000e+01
1.152684211730957031e+01
1.123535346984863281e+01
1.103481292724609375e+01
1.032308864593505859e+01
9.798118591308593750e+00
1.053486347198486328e+01
1.181434822082519531e+01
1.211222267150878906e+01
1.211702060699462891e+01
1.250237083435058594e+01
1.251046276092529297e+01
1.167401027679443359e+01
1.149676036834716797e+01
1.129609203338623047e+01
1.119692611694335938e+01
1.097542095184326172e+01
1.102248382568359375e+01
1.133634948730468750e+01
1.241499233245849609e+01
1.287693500518798828e+01
1.259461021423339844e+01
1.251471614837646484e+01
1.160170745849609375e+01
1.116332817077636719e+01
1.157635307312011719e+01
1.211741828918457031e+01
1.191861534118652344e+01
1.193003749847412109e+01
1.258698081970214844e+01
1.173505496978759766e+01
1.156381416320800781e+01
1.205700111389160156e+01
1.282350730895996094e+01
1.187033367156982422e+01
1.147593402862548828e+01
1.116590213775634766e+01
1.191884231567382812e+01
1.179717063903808594e+01
1.201242351531982422e+01
1.205872726440429688e+01
1.245833492279052734e+01
1.230494403839111328e+01
1.138651371002197266e+01
1.033538818359375000e+01
9.893979072570800781e+00
1.087384700775146484e+01
1.121841335296630859e+01
1.087166690826416016e+01
1.098644256591796875e+01
1.212458419799804688e+01
1.217997741699218750e+01
1.091249179840087891e+01
9.987329483032226562e+00
1.000902271270751953e+01
1.076520729064941406e+01
1.155237770080566406e+01
1.208718490600585938e+01
1.194667434692382812e+01
1.171269035339355469e+01
1.157763195037841797e+01
1.123012638092041016e+01
1.116409683227539062e+01
1.123171615600585938e+01
1.155237960815429688e+01
1.170941257476806641e+01
1.123513507843017578e+01
1.074137592315673828e+01
1.084682273864746094e+01
1.188225173950195312e+01
1.223043346405029297e+01
1.183553504943847656e+01
1.090982723236083984e+01
1.121223258972167969e+01
1.120385456085205078e+01
1.143617630004882812e+01
1.124206352233886719e+01
1.105728435516357422e+01
1.123276615142822266e+01
1.098637771606445312e+01
1.051544761657714844e+01
1.054209136962890625e+01
1.074650859832763672e+01
1.079078578948974609e+01
1.083914375305175781e+01
1.076114654541015625e+01
1.062284851074218750e+01
1.066924953460693359e+01
1.096545410156250000e+01
1.084354496002197266e+01
1.092307853698730469e+01
1.037670898437500000e+01
1.005414295196533203e+01
1.062102222442626953e+01
1.121156215667724609e+01
1.158826828002929688e+01
1.060055446624755859e+01
1.077600669860839844e+01
1.131091403961181641e+01
1.087329483032226562e+01
1.109528255462646484e+01
1.135749530792236328e+01
1.103157806396484375e+01
1.114213848114013672e+01
1.135375785827636719e+01
1.125140571594238281e+01
1.140031623840332031e+01
1.174194622039794922e+01
1.205023288726806641e+01
1.193894004821777344e+01
1.175430774688720703e+01
1.151204299926757812e+01
1.114145278930664062e+01
1.148579883575439453e+01
1.197138309478759766e+01
1.162874698638916016e+01
1.027770233154296875e+01
9.759300231933593750e+00
1.023470306396484375e+01
1.062101459503173828e+01
1.014044952392578125e+01
1.032954406738281250e+01
1.083019161224365234e+01
1.085460472106933594e+01
1.040455341339111328e+01
1.029565238952636719e+01
1.004831981658935547e+01
1.002450275421142578e+01
1.019226360321044922e+01
1.091349220275878906e+01
1.118660736083984375e+01
1.168250656127929688e+01
1.167133712768554688e+01
1.128209114074707031e+01
1.055981922149658203e+01
9.685389518737792969e+00
1.054457378387451172e+01
1.077333164215087891e+01
1.130372810363769531e+01
1.101515674591064453e+01
1.022003936767578125e+01
1.015960407257080078e+01
1.025356101989746094e+01
1.098415184020996094e+01
1.081547832489013672e+01
1.065125370025634766e+01
1.099717235565185547e+01
1.064595985412597656e+01
1.037633419036865234e+01
1.073121929168701172e+01
1.113417911529541016e+01
1.233587646484375000e+01
1.141701316833496094e+01
1.104141807556152344e+01
1.090898323059082031e+01
1.166823005676269531e+01
1.232804965972900391e+01
1.193975067138671875e+01
1.145289230346679688e+01
1.110412406921386719e+01
1.078095817565917969e+01
1.045095443725585938e+01
1.129255867004394531e+01
1.143920898437500000e+01
1.116144847869873047e+01
1.067170715332031250e+01
9.786838531494140625e+00
9.593448638916015625e+00
1.131618690490722656e+01
1.269449138641357422e+01
1.182794380187988281e+01
1.036001873016357422e+01
1.062169456481933594e+01
1.024488162994384766e+01
9.496196746826171875e+00
9.958684921264648438e+00
1.139498329162597656e+01
1.221006965637207031e+01
1.037257385253906250e+01
1.017655277252197266e+01
1.053233432769775391e+01
1.044952869415283203e+01
1.012719440460205078e+01
9.840433120727539062e+00
1.100422286987304688e+01
1.160438442230224609e+01
1.189086151123046875e+01
9.950745582580566406e+00
9.629837989807128906e+00
1.038807010650634766e+01
1.215812683105468750e+01
1.141136455535888672e+01
1.071333789825439453e+01
1.020267772674560547e+01
9.530088424682617188e+00
9.074032783508300781e+00
1.016930866241455078e+01
1.206411552429199219e+01
1.153848934173583984e+01
1.001046180725097656e+01
9.475824356079101562e+00
1.049702739715576172e+01
1.159231567382812500e+01
1.232024002075195312e+01
1.284306812286376953e+01
1.125781250000000000e+01
9.525837898254394531e+00
8.652465820312500000e+00
9.606245994567871094e+00
9.963002204895019531e+00
1.005503940582275391e+01
9.691204071044921875e+00
1.004527091979980469e+01
1.148719978332519531e+01
1.135674571990966797e+01
1.060248470306396484e+01
1.186540889739990234e+01
1.264013385772705078e+01
1.173583030700683594e+01
1.191953563690185547e+01
1.309629154205322266e+01
1.290994262695312500e+01
1.224991798400878906e+01
1.200571823120117188e+01
1.026513004302978516e+01
1.057512092590332031e+01
1.260151100158691406e+01
1.351116561889648438e+01
1.389003849029541016e+01
1.284831333160400391e+01
1.115615463256835938e+01
1.086985874176025391e+01
1.143031501770019531e+01
1.172089672088623047e+01
1.141415214538574219e+01
1.133831119537353516e+01
1.116034317016601562e+01
9.378988265991210938e+00
8.312486648559570312e+00
8.133446693420410156e+00
7.923273086547851562e+00
1.066091060638427734e+01
1.057794952392578125e+01
1.000189876556396484e+01
9.967558860778808594e+00
9.647940635681152344e+00
7.702457427978515625e+00
9.145120620727539062e+00
9.797710418701171875e+00
1.058519935607910156e+01
1.308894920349121094e+01
1.164224815368652344e+01
7.245985031127929688e+00
9.434590339660644531e+00
1.015229988098144531e+01
3.806666135787963867e+00
2.201699495315551758e+00
4.123464107513427734e+00
7.948660373687744141e+00
-1.134085655212402344e+00
nan
nan
nan
nan
nan
nan
nan
nan
nan
nan
nan
nan
nan
nan
nan
nan
nan
nan
nan
nan
nan
nan
nan
nan
nan
nan
nan
nan
nan
nan
nan
nan
nan
nan
nan
nan
nan
nan
nan
nan
nan
nan
nan
nan
nan
nan
nan
nan
nan
nan
nan
nan
nan
nan
nan
nan
nan
nan
nan
nan
nan
nan
nan
nan
nan
nan
nan
nan
nan
nan
nan
nan
nan
nan
nan
nan
nan
nan
nan
nan
nan
nan
nan
nan
nan
nan
nan
nan
nan
nan
nan
nan
nan
