nan
nan
nan
nan
nan
nan
nan
nan
nan
nan
nan
nan
nan
nan
nan
nan
nan
nan
nan
nan
nan
nan
nan
5.133287429809570312e+01
4.475561523437500000e+01
4.725312423706054688e+01
4.664911270141601562e+01
5.397046661376953125e+01
5.849969863891601562e+01
6.093196105957031250e+01
7.478556060791015625e+01
8.314177703857421875e+01
8.130991363525390625e+01
9.491405487060546875e+01
9.930455017089843750e+01
7.705844879150390625e+01
5.211400604248046875e+01
4.893873596191406250e+01
4.716676330566406250e+01
4.511205673217773438e+01
4.856752777099609375e+01
5.633103561401367188e+01
5.679973602294921875e+01
5.186412811279296875e+01
5.575611495971679688e+01
6.007790374755859375e+01
5.890962982177734375e+01
5.792038726806640625e+01
5.958976364135742188e+01
5.556858444213867188e+01
5.643883895874023438e+01
6.044400405883789062e+01
5.865907669067382812e+01
5.616801834106445312e+01
5.998283767700195312e+01
5.822492599487304688e+01
5.520283126831054688e+01
5.714236450195312500e+01
5.429052352905273438e+01
5.244138717651367188e+01
5.384895706176757812e+01
5.557965850830078125e+01
5.450918579101562500e+01
5.529524612426757812e+01
5.510430145263671875e+01
5.718679428100585938e+01
5.788572311401367188e+01
5.754143905639648438e+01
5.489308929443359375e+01
5.717893600463867188e+01
6.024228668212890625e+01
5.949424743652343750e+01
5.522975921630859375e+01
5.689082717895507812e+01
5.702311706542968750e+01
5.681104278564453125e+01
5.499359893798828125e+01
5.304949569702148438e+01
4.968550491333007812e+01
5.135807800292968750e+01
5.109973907470703125e+01
4.937448883056640625e+01
5.001685714721679688e+01
5.270949554443359375e+01
5.324822235107421875e+01
5.304498291015625000e+01
5.275082397460937500e+01
5.341950607299804688e+01
5.233110809326171875e+01
5.137747192382812500e+01
5.010936737060546875e+01
5.184915542602539062e+01
5.374880599975585938e+01
5.445921707153320312e+01
5.413907241821289062e+01
5.440605926513671875e+01
5.295394897460937500e+01
4.950006866455078125e+01
4.847198867797851562e+01
5.007561874389648438e+01
4.951692581176757812e+01
4.949478530883789062e+01
5.091046142578125000e+01
5.418815612792968750e+01
5.289002990722656250e+01
5.238629913330078125e+01
5.064352035522460938e+01
5.054402542114257812e+01
4.928284454345703125e+01
5.080110168457031250e+01
5.201783752441406250e+01
5.342136764526367188e+01
5.304095077514648438e+01
5.183009719848632812e+01
5.143406295776367188e+01
5.229751205444335938e+01
5.412661361694335938e+01
5.352056884765625000e+01
5.141709518432617188e+01
4.871491241455078125e+01
4.963439178466796875e+01
5.164675521850585938e+01
5.283070755004882812e+01
5.139403533935546875e+01
5.256414031982421875e+01
5.192488861083984375e+01
5.018533325195312500e+01
4.918252563476562500e+01
5.130098724365234375e+01
5.244894409179687500e+01
5.183716201782226562e+01
5.278073120117187500e+01
5.205992889404296875e+01
5.010663223266601562e+01
4.871490859985351562e+01
4.900854873657226562e+01
5.004935836791992188e+01
4.993307495117187500e+01
4.891404342651367188e+01
4.820724105834960938e+01
4.882860183715820312e+01
4.683000564575195312e+01
4.563880157470703125e+01
4.639453506469726562e+01
4.646599197387695312e+01
4.728268051147460938e+01
4.618580245971679688e+01
4.712643051147460938e+01
5.015873718261718750e+01
5.092160797119140625e+01
5.043401336669921875e+01
5.003100585937500000e+01
4.968934249877929688e+01
4.840773391723632812e+01
5.058834457397460938e+01
5.171953964233398438e+01
5.057963180541992188e+01
4.785676956176757812e+01
4.816222763061523438e+01
4.761194229125976562e+01
4.737881469726562500e+01
4.835435485839843750e+01
4.786909484863281250e+01
4.928480148315429688e+01
4.977506637573242188e+01
4.884309005737304688e+01
4.746876907348632812e+01
4.859280776977539062e+01
4.906688308715820312e+01
4.789486694335937500e+01
4.772879028320312500e+01
5.012743759155273438e+01
5.099797439575195312e+01
5.068563842773437500e+01
4.903625869750976562e+01
4.704697418212890625e+01
4.910482406616210938e+01
5.191105651855468750e+01
5.222528076171875000e+01
5.006017684936523438e+01
4.991953659057617188e+01
5.018836593627929688e+01
4.848037719726562500e+01
4.577439117431640625e+01
4.441387557983398438e+01
4.385500717163085938e+01
4.387047958374023438e+01
4.477438735961914062e+01
4.817110824584960938e+01
4.895730209350585938e+01
4.795438766479492188e+01
4.652033615112304688e+01
4.619770050048828125e+01
4.691911697387695312e+01
4.734056854248046875e+01
4.642736434936523438e+01
4.601160812377929688e+01
4.553790664672851562e+01
4.510440826416015625e+01
4.506633758544921875e+01
4.428190994262695312e+01
4.475898361206054688e+01
4.532890701293945312e+01
4.698603057861328125e+01
4.856867980957031250e+01
4.985398864746093750e+01
5.024811553955078125e+01
4.839424514770507812e+01
4.802582550048828125e+01
4.821598434448242188e+01
4.798633193969726562e+01
4.711128616333007812e+01
4.631015396118164062e+01
4.548906326293945312e+01
4.525638198852539062e+01
4.476466751098632812e+01
4.655052947998046875e+01
4.784051895141601562e+01
4.763388442993164062e+01
4.564700698852539062e+01
4.614794158935546875e+01
4.624581909179687500e+01
4.677846908569335938e+01
4.628273773193359375e+01
4.500253677368164062e+01
4.519594573974609375e+01
4.620582580566406250e+01
4.739783859252929688e+01
4.804257583618164062e+01
4.870473480224609375e+01
4.731185913085937500e+01
4.640425872802734375e+01
4.621370697021484375e+01
4.745490264892578125e+01
4.608406066894531250e+01
4.452413558959960938e+01
4.550988769531250000e+01
4.657163238525390625e+01
4.646434783935546875e+01
4.376885986328125000e+01
4.403137969970703125e+01
4.509435653686523438e+01
4.524502182006835938e+01
4.622730636596679688e+01
4.712053298950195312e+01
4.730986785888671875e+01
4.519021606445312500e+01
4.353257751464843750e+01
4.530707550048828125e+01
4.591260147094726562e+01
4.545837783813476562e+01
4.502405166625976562e+01
4.421883773803710938e+01
4.507535934448242188e+01
4.474615478515625000e+01
4.373480987548828125e+01
4.363904953002929688e+01
4.393154144287109375e+01
4.419702148437500000e+01
4.419492721557617188e+01
4.547002410888671875e+01
4.576075744628906250e+01
4.411135101318359375e+01
4.309617996215820312e+01
4.468682479858398438e+01
4.697906494140625000e+01
4.710477066040039062e+01
4.589570617675781250e+01
4.479406738281250000e+01
4.586614608764648438e+01
4.674749755859375000e+01
4.590852737426757812e+01
4.321548461914062500e+01
4.286776351928710938e+01
4.278028106689453125e+01
4.353546142578125000e+01
4.456832885742187500e+01
4.528469848632812500e+01
4.372492980957031250e+01
4.203343963623046875e+01
4.247770309448242188e+01
4.255167007446289062e+01
4.271474456787109375e+01
4.354734039306640625e+01
4.454648971557617188e+01
4.364658737182617188e+01
4.232778930664062500e+01
4.224163818359375000e+01
4.291055297851562500e+01
4.339038085937500000e+01
4.283497619628906250e+01
4.362114715576171875e+01
4.538516235351562500e+01
4.593768692016601562e+01
4.394275283813476562e+01
4.187913131713867188e+01
4.271413803100585938e+01
4.428955841064453125e+01
4.410781478881835938e+01
4.225594329833984375e+01
4.132099914550781250e+01
4.177581405639648438e+01
4.293205261230468750e+01
4.419470214843750000e+01
4.549297332763671875e+01
4.580735778808593750e+01
4.438188171386718750e+01
4.253929138183593750e+01
4.081093597412109375e+01
4.003688430786132812e+01
4.033428192138671875e+01
4.054973220825195312e+01
4.122022247314453125e+01
4.218648529052734375e+01
4.296260452270507812e+01
4.255645751953125000e+01
4.135086441040039062e+01
4.284493637084960938e+01
4.451147842407226562e+01
4.447756576538085938e+01
4.339851760864257812e+01
4.444844436645507812e+01
4.443885040283203125e+01
4.294445037841796875e+01
4.030990982055664062e+01
4.065991210937500000e+01
4.172802352905273438e+01
4.305743408203125000e+01
4.309646987915039062e+01
4.270967483520507812e+01
4.306046295166015625e+01
4.360555648803710938e+01
4.229495239257812500e+01
4.130427551269531250e+01
4.078808975219726562e+01
4.180719757080078125e+01
4.167363357543945312e+01
4.331870269775390625e+01
4.312645339965820312e+01
4.240068817138671875e+01
4.191625595092773438e+01
4.153041076660156250e+01
4.100603866577148438e+01
4.204835891723632812e+01
4.313745498657226562e+01
4.285356521606445312e+01
4.186839675903320312e+01
4.219840621948242188e+01
4.188982391357421875e+01
4.119432449340820312e+01
4.149031066894531250e+01
4.215026092529296875e+01
4.284120178222656250e+01
4.422231292724609375e+01
4.382352066040039062e+01
4.240605926513671875e+01
4.190472793579101562e+01
4.194756698608398438e+01
4.178688812255859375e+01
4.196131515502929688e+01
4.233498001098632812e+01
4.230714035034179688e+01
4.280944442749023438e+01
4.265345001220703125e+01
4.139746475219726562e+01
4.139257431030273438e+01
4.175392150878906250e+01
4.222333908081054688e+01
4.246001052856445312e+01
4.194278335571289062e+01
4.203359603881835938e+01
4.246132278442382812e+01
4.341526412963867188e+01
4.325242996215820312e+01
4.300146102905273438e+01
4.253974914550781250e+01
4.178504943847656250e+01
4.248009872436523438e+01
4.408160781860351562e+01
4.386473464965820312e+01
4.259307098388671875e+01
4.336837005615234375e+01
4.398721694946289062e+01
4.357320404052734375e+01
4.204298782348632812e+01
4.185347747802734375e+01
4.315835571289062500e+01
4.446669769287109375e+01
4.483127975463867188e+01
4.317741775512695312e+01
4.266545867919921875e+01
4.430997848510742188e+01
4.484596633911132812e+01
4.287720870971679688e+01
4.079986190795898438e+01
4.109098434448242188e+01
4.092084884643554688e+01
4.075583648681640625e+01
3.941250610351562500e+01
3.983817672729492188e+01
4.161585998535156250e+01
4.304789733886718750e+01
4.295735549926757812e+01
4.277744674682617188e+01
4.223254013061523438e+01
4.360343933105468750e+01
4.374103546142578125e+01
4.315918731689453125e+01
4.192115020751953125e+01
4.140043640136718750e+01
4.253739547729492188e+01
4.327935028076171875e+01
4.398847961425781250e+01
4.345307159423828125e+01
4.232167434692382812e+01
4.194408798217773438e+01
4.219285583496093750e+01
4.258288955688476562e+01
4.223300552368164062e+01
4.239039230346679688e+01
4.234151458740234375e+01
4.328433609008789062e+01
4.346255874633789062e+01
4.321149826049804688e+01
4.514047622680664062e+01
4.580052185058593750e+01
4.492615890502929688e+01
4.398637008666992188e+01
4.287529754638671875e+01
4.114154434204101562e+01
4.033004379272460938e+01
4.098729705810546875e+01
4.238043594360351562e+01
4.299824905395507812e+01
4.315556335449218750e+01
4.258477783203125000e+01
4.247237777709960938e+01
4.302733612060546875e+01
4.293883514404296875e+01
4.316109466552734375e+01
4.355612564086914062e+01
4.491889190673828125e+01
4.502545547485351562e+01
4.347433853149414062e+01
4.001517486572265625e+01
3.914624786376953125e+01
4.044398498535156250e+01
4.156211471557617188e+01
4.108578109741210938e+01
4.181135559082031250e+01
4.270415878295898438e+01
4.248405075073242188e+01
4.215180206298828125e+01
4.145904159545898438e+01
4.143473434448242188e+01
4.150218963623046875e+01
4.085093688964843750e+01
4.167962646484375000e+01
4.211759185791015625e+01
4.210863113403320312e+01
4.203625488281250000e+01
4.268257522583007812e+01
4.198238754272460938e+01
4.170238494873046875e+01
4.132239913940429688e+01
4.178220367431640625e+01
4.224436187744140625e+01
4.254082107543945312e+01
4.257727813720703125e+01
4.308185195922851562e+01
4.319117736816406250e+01
4.247033309936523438e+01
4.246591186523437500e+01
4.240424728393554688e+01
4.227471542358398438e+01
4.172270965576171875e+01
4.255574798583984375e+01
4.413532638549804688e+01
4.349418640136718750e+01
4.194137954711914062e+01
4.073709869384765625e+01
4.185512542724609375e+01
4.267779922485351562e+01
4.291469192504882812e+01
4.356182098388671875e+01
4.284323501586914062e+01
4.202825546264648438e+01
4.299675369262695312e+01
4.232846832275390625e+01
4.120928573608398438e+01
4.112195968627929688e+01
4.215156173706054688e+01
4.230711364746093750e+01
4.177229309082031250e+01
4.088953018188476562e+01
4.116291427612304688e+01
4.110681915283203125e+01
4.166075515747070312e+01
4.201598358154296875e+01
4.301866149902343750e+01
4.199697113037109375e+01
4.075445175170898438e+01
4.109322738647460938e+01
4.305232620239257812e+01
4.541922378540039062e+01
4.527380752563476562e+01
4.288118743896484375e+01
4.037253189086914062e+01
4.044605255126953125e+01
4.171483612060546875e+01
4.362920379638671875e+01
4.303088760375976562e+01
4.167024230957031250e+01
4.177533340454101562e+01
4.248084640502929688e+01
4.369048690795898438e+01
4.437196350097656250e+01
4.469577789306640625e+01
4.462222671508789062e+01
4.357433319091796875e+01
4.201332092285156250e+01
4.134628677368164062e+01
4.142929077148437500e+01
4.162332916259765625e+01
4.168791961669921875e+01
4.250535202026367188e+01
4.261684036254882812e+01
4.291386413574218750e+01
4.258272552490234375e+01
4.271277618408203125e+01
4.261686706542968750e+01
4.246314620971679688e+01
4.242318725585937500e+01
4.236654281616210938e+01
4.278564071655273438e+01
4.288488006591796875e+01
4.313595199584960938e+01
4.334131240844726562e+01
4.342723846435546875e+01
4.370249557495117188e+01
4.426934432983398438e+01
4.366373062133789062e+01
4.319814682006835938e+01
4.266386032104492188e+01
4.199998474121093750e+01
4.201968383789062500e+01
4.298405456542968750e+01
4.335998535156250000e+01
4.268067550659179688e+01
4.151226806640625000e+01
4.021261978149414062e+01
4.069480895996093750e+01
4.195306777954101562e+01
4.294192504882812500e+01
4.308858489990234375e+01
4.166781234741210938e+01
4.127007293701171875e+01
4.077615737915039062e+01
4.050441741943359375e+01
4.107060623168945312e+01
4.126425933837890625e+01
4.154939651489257812e+01
4.147844314575195312e+01
4.207440185546875000e+01
4.291917800903320312e+01
4.302245330810546875e+01
4.215310668945312500e+01
4.275795364379882812e+01
4.171774673461914062e+01
4.119350051879882812e+01
4.070711517333984375e+01
4.032051086425781250e+01
3.959078979492187500e+01
3.931600952148437500e+01
3.936103439331054688e+01
4.034605026245117188e+01
4.213098907470703125e+01
4.194350051879882812e+01
4.130937957763671875e+01
4.174346160888671875e+01
4.231428527832031250e+01
4.223450088500976562e+01
4.152162170410156250e+01
4.109241867065429688e+01
4.131218338012695312e+01
4.269102096557617188e+01
4.225772857666015625e+01
4.130507659912109375e+01
4.058921051025390625e+01
4.110989761352539062e+01
4.071825790405273438e+01
4.011880493164062500e+01
3.878979492187500000e+01
3.921045684814453125e+01
3.995234298706054688e+01
4.105829620361328125e+01
4.087125396728515625e+01
4.087676620483398438e+01
4.015669250488281250e+01
3.944194030761718750e+01
3.891667175292968750e+01
3.991210556030273438e+01
4.083437347412109375e+01
4.120926284790039062e+01
4.098226928710937500e+01
4.103790664672851562e+01
4.190861892700195312e+01
4.159164810180664062e+01
4.166336441040039062e+01
4.186190795898437500e+01
4.137394332885742188e+01
4.102570343017578125e+01
4.100722122192382812e+01
4.171522903442382812e+01
4.039928436279296875e+01
4.010592269897460938e+01
3.958361816406250000e+01
4.022474288940429688e+01
4.216354751586914062e+01
4.272081375122070312e+01
4.219195556640625000e+01
4.114579391479492188e+01
4.017136001586914062e+01
3.997264099121093750e+01
4.081141662597656250e+01
4.159046554565429688e+01
4.108218002319335938e+01
4.024586486816406250e+01
3.923304748535156250e+01
3.861655426025390625e+01
3.803195953369140625e+01
3.906593704223632812e+01
4.096500396728515625e+01
4.219337463378906250e+01
4.179005050659179688e+01
4.143998718261718750e+01
4.055163955688476562e+01
4.034418106079101562e+01
3.992143249511718750e+01
4.030360794067382812e+01
4.103967666625976562e+01
4.168053817749023438e+01
4.171140670776367188e+01
4.160491180419921875e+01
4.089856338500976562e+01
4.048667526245117188e+01
4.016437911987304688e+01
4.008496475219726562e+01
4.022025680541992188e+01
4.042154693603515625e+01
4.043535614013671875e+01
4.081690216064453125e+01
4.113497543334960938e+01
4.123456954956054688e+01
4.173138427734375000e+01
4.144275283813476562e+01
4.028797531127929688e+01
4.020146179199218750e+01
4.019188308715820312e+01
4.047163772583007812e+01
3.975624465942382812e+01
3.917444229125976562e+01
3.856003952026367188e+01
3.803931427001953125e+01
3.781613159179687500e+01
3.821265029907226562e+01
3.956637573242187500e+01
3.995590591430664062e+01
3.991957092285156250e+01
4.023296737670898438e+01
4.082225036621093750e+01
4.051295852661132812e+01
3.982304382324218750e+01
3.983110046386718750e+01
3.915826797485351562e+01
3.980162048339843750e+01
4.004130935668945312e+01
3.952523803710937500e+01
3.949738311767578125e+01
3.955914688110351562e+01
3.866367721557617188e+01
3.775638580322265625e+01
3.869380187988281250e+01
3.930367279052734375e+01
3.945491027832031250e+01
3.997426605224609375e+01
4.024034118652343750e+01
4.010859298706054688e+01
3.966696929931640625e+01
3.892862319946289062e+01
3.932275772094726562e+01
4.006636810302734375e+01
4.012195968627929688e+01
3.972705459594726562e+01
3.914455413818359375e+01
3.935119628906250000e+01
4.025130462646484375e+01
3.985301208496093750e+01
3.852368164062500000e+01
3.797128677368164062e+01
3.860847473144531250e+01
3.804557800292968750e+01
3.760448837280273438e+01
3.813048553466796875e+01
3.910804748535156250e+01
3.958681488037109375e+01
3.961719894409179688e+01
3.974217605590820312e+01
3.966421127319335938e+01
4.010960769653320312e+01
3.990484619140625000e+01
3.868893051147460938e+01
3.782356643676757812e+01
3.822365570068359375e+01
3.842236328125000000e+01
3.916463088989257812e+01
3.933060836791992188e+01
3.806960678100585938e+01
3.735820007324218750e+01
3.744786834716796875e+01
3.716631698608398438e+01
3.805044937133789062e+01
3.984237670898437500e+01
4.116416168212890625e+01
4.015306854248046875e+01
3.867896270751953125e+01
3.828047943115234375e+01
3.859128189086914062e+01
3.909235000610351562e+01
3.865936279296875000e+01
3.747830200195312500e+01
3.654117584228515625e+01
3.636717987060546875e+01
3.720748519897460938e+01
3.844379425048828125e+01
4.016880416870117188e+01
4.181819534301757812e+01
4.076507186889648438e+01
3.887475204467773438e+01
3.635532760620117188e+01
3.665297698974609375e+01
3.804425048828125000e+01
3.901307678222656250e+01
3.953114318847656250e+01
3.946401977539062500e+01
3.864447021484375000e+01
3.837342453002929688e+01
3.816268539428710938e+01
3.843499755859375000e+01
3.963592147827148438e+01
4.008842468261718750e+01
3.894084930419921875e+01
3.821981811523437500e+01
3.737892913818359375e+01
3.801658630371093750e+01
3.913882827758789062e+01
4.072689437866210938e+01
4.061528015136718750e+01
3.973389053344726562e+01
3.902305221557617188e+01
3.959289169311523438e+01
3.960425186157226562e+01
3.878367614746093750e+01
3.762157821655273438e+01
3.834953308105468750e+01
3.910993957519531250e+01
3.921740341186523438e+01
3.780663681030273438e+01
3.716169738769531250e+01
3.745946121215820312e+01
3.880290222167968750e+01
3.897533035278320312e+01
3.875388336181640625e+01
3.878615188598632812e+01
3.826869201660156250e+01
3.751936721801757812e+01
3.698158645629882812e+01
3.708092117309570312e+01
3.742196655273437500e+01
3.878869247436523438e+01
3.934297943115234375e+01
3.974030303955078125e+01
3.984381866455078125e+01
3.956803894042968750e+01
3.937941360473632812e+01
3.903561019897460938e+01
3.915199279785156250e+01
3.813192367553710938e+01
3.778820419311523438e+01
3.754367828369140625e+01
3.764211273193359375e+01
3.744256973266601562e+01
3.755500411987304688e+01
3.767052459716796875e+01
3.833914184570312500e+01
3.879922103881835938e+01
3.872729110717773438e+01
3.902079010009765625e+01
3.877418136596679688e+01
3.739047622680664062e+01
3.662311172485351562e+01
3.772999572753906250e+01
3.787831115722656250e+01
3.757583618164062500e+01
3.763099670410156250e+01
3.826445007324218750e+01
3.795815277099609375e+01
3.804797744750976562e+01
3.797872161865234375e+01
3.839659118652343750e+01
3.961642456054687500e+01
3.975531768798828125e+01
3.935671615600585938e+01
3.725106811523437500e+01
3.681198501586914062e+01
3.691110610961914062e+01
3.743308258056640625e+01
3.735997390747070312e+01
3.617911148071289062e+01
3.649380874633789062e+01
3.739103317260742188e+01
3.833723068237304688e+01
3.754116058349609375e+01
3.737589645385742188e+01
3.718093109130859375e+01
3.763729476928710938e+01
3.745009231567382812e+01
3.830918121337890625e+01
3.840996551513671875e+01
3.794891357421875000e+01
3.768652343750000000e+01
3.794401931762695312e+01
3.884367370605468750e+01
3.856275939941406250e+01
3.781364059448242188e+01
3.690734481811523438e+01
3.648392868041992188e+01
3.715355300903320312e+01
3.694704055786132812e+01
3.746422576904296875e+01
3.787749862670898438e+01
3.858334350585937500e+01
3.825694656372070312e+01
3.825658416748046875e+01
3.780669784545898438e+01
3.781166076660156250e+01
3.791993331909179688e+01
3.771360397338867188e+01
3.767132186889648438e+01
3.810863876342773438e+01
3.843217849731445312e+01
3.776701354980468750e+01
3.695065689086914062e+01
3.638183593750000000e+01
3.681112670898437500e+01
3.732639312744140625e+01
3.695179748535156250e+01
3.619963836669921875e+01
3.591205215454101562e+01
3.518425750732421875e+01
3.486881256103515625e+01
3.590264892578125000e+01
3.659961700439453125e+01
3.623943710327148438e+01
3.587211608886718750e+01
3.508856201171875000e+01
3.564514541625976562e+01
3.668082046508789062e+01
3.721998596191406250e+01
3.674488449096679688e+01
3.611780548095703125e+01
3.622530746459960938e+01
3.651351547241210938e+01
3.694814300537109375e+01
3.784994888305664062e+01
3.819666290283203125e+01
3.787960433959960938e+01
3.637150955200195312e+01
3.628122711181640625e+01
3.609770965576171875e+01
3.626269149780273438e+01
3.704440307617187500e+01
3.706793212890625000e+01
3.594160461425781250e+01
3.697226333618164062e+01
3.710436248779296875e+01
3.668779754638671875e+01
3.555138015747070312e+01
3.559622955322265625e+01
3.636809158325195312e+01
3.742514801025390625e+01
3.690211486816406250e+01
3.591855239868164062e+01
3.592010498046875000e+01
3.582717514038085938e+01
3.549825668334960938e+01
3.581708145141601562e+01
3.683122253417968750e+01
3.718211746215820312e+01
3.660870361328125000e+01
3.568032836914062500e+01
3.577511215209960938e+01
3.509169387817382812e+01
3.509656524658203125e+01
3.519782638549804688e+01
3.542847442626953125e+01
3.553801345825195312e+01
3.512628173828125000e+01
3.492232894897460938e+01
3.592956924438476562e+01
3.647949600219726562e+01
3.618233871459960938e+01
3.528829574584960938e+01
3.592787170410156250e+01
3.708861923217773438e+01
3.717391204833984375e+01
3.591894149780273438e+01
3.443512725830078125e+01
3.354154968261718750e+01
3.493997192382812500e+01
3.677030563354492188e+01
3.801614379882812500e+01
3.712906646728515625e+01
3.596354293823242188e+01
3.541666412353515625e+01
3.487328720092773438e+01
3.408824539184570312e+01
3.408680725097656250e+01
3.435242080688476562e+01
3.458670043945312500e+01
3.447655868530273438e+01
3.432605743408203125e+01
3.461780548095703125e+01
3.601120758056640625e+01
3.680242919921875000e+01
3.684291458129882812e+01
3.686953735351562500e+01
3.604322433471679688e+01
3.521615219116210938e+01
3.504322052001953125e+01
3.569482421875000000e+01
3.625317382812500000e+01
3.598369598388671875e+01
3.560569000244140625e+01
3.498461914062500000e+01
3.450913619995117188e+01
3.426883316040039062e+01
3.427272415161132812e+01
3.509436035156250000e+01
3.578105926513671875e+01
3.586194229125976562e+01
3.548528289794921875e+01
3.533544921875000000e+01
3.555105209350585938e+01
3.581756591796875000e+01
3.533225250244140625e+01
3.528018951416015625e+01
3.610023880004882812e+01
3.626809310913085938e+01
3.546706771850585938e+01
3.477036285400390625e+01
3.486513519287109375e+01
3.537290191650390625e+01
3.569448852539062500e+01
3.606909942626953125e+01
3.606796264648437500e+01
3.609904861450195312e+01
3.627658843994140625e+01
3.598925781250000000e+01
3.580778503417968750e+01
3.556817626953125000e+01
3.555490493774414062e+01
3.583320617675781250e+01
3.600275421142578125e+01
3.630934143066406250e+01
3.697448348999023438e+01
3.655340957641601562e+01
3.539344406127929688e+01
3.481251525878906250e+01
3.561009979248046875e+01
3.553953170776367188e+01
3.555215835571289062e+01
3.505207443237304688e+01
3.523410797119140625e+01
3.568957519531250000e+01
3.571581649780273438e+01
3.566971206665039062e+01
3.529286193847656250e+01
3.497213745117187500e+01
3.476667022705078125e+01
3.461692428588867188e+01
3.462118148803710938e+01
3.521647644042968750e+01
3.512062835693359375e+01
3.450111770629882812e+01
3.519088745117187500e+01
3.647711563110351562e+01
3.697621536254882812e+01
3.600288772583007812e+01
3.601337051391601562e+01
3.578764343261718750e+01
3.581519699096679688e+01
3.596948242187500000e+01
3.609399795532226562e+01
3.535041809082031250e+01
3.566923522949218750e+01
3.588704681396484375e+01
3.577001571655273438e+01
3.549190521240234375e+01
3.585844421386718750e+01
3.653765106201171875e+01
3.526617050170898438e+01
3.422340011596679688e+01
3.489387512207031250e+01
3.512779617309570312e+01
3.456575775146484375e+01
3.418093872070312500e+01
3.432447814941406250e+01
3.500553131103515625e+01
3.601240539550781250e+01
3.610098648071289062e+01
3.637844085693359375e+01
3.590560913085937500e+01
3.580254745483398438e+01
3.556107330322265625e+01
3.563216400146484375e+01
3.572947311401367188e+01
3.610449600219726562e+01
3.658892059326171875e+01
3.727402496337890625e+01
3.749883270263671875e+01
3.702646636962890625e+01
3.654348373413085938e+01
3.589226913452148438e+01
3.560425186157226562e+01
3.586510848999023438e+01
3.617813491821289062e+01
3.634099578857421875e+01
3.668876266479492188e+01
3.570244979858398438e+01
3.473108673095703125e+01
3.442330932617187500e+01
3.494093322753906250e+01
3.391930770874023438e+01
3.317893218994140625e+01
3.418985366821289062e+01
3.580756378173828125e+01
3.644398117065429688e+01
3.626910400390625000e+01
3.564854431152343750e+01
3.463959121704101562e+01
3.468570709228515625e+01
3.441783905029296875e+01
3.475228881835937500e+01
3.506238555908203125e+01
3.494457626342773438e+01
3.575979995727539062e+01
3.705107498168945312e+01
3.678732681274414062e+01
3.535095596313476562e+01
3.468529129028320312e+01
3.553738784790039062e+01
3.618951416015625000e+01
3.607777023315429688e+01
3.591600418090820312e+01
3.520812606811523438e+01
3.487392044067382812e+01
3.513338851928710938e+01
3.643414306640625000e+01
3.666290664672851562e+01
3.670438385009765625e+01
3.629827880859375000e+01
3.672817230224609375e+01
3.687117767333984375e+01
3.707236862182617188e+01
3.689714431762695312e+01
3.636190795898437500e+01
3.638967132568359375e+01
3.644903182983398438e+01
3.695880889892578125e+01
3.706755065917968750e+01
3.690468597412109375e+01
3.659139633178710938e+01
3.589657974243164062e+01
3.497764968872070312e+01
3.423059082031250000e+01
3.365373992919921875e+01
3.365217590332031250e+01
3.429797744750976562e+01
3.563186264038085938e+01
3.575491714477539062e+01
3.527257919311523438e+01
3.503825378417968750e+01
3.511386489868164062e+01
3.537431335449218750e+01
3.596187973022460938e+01
3.488224411010742188e+01
3.475866699218750000e+01
3.430040359497070312e+01
3.476551055908203125e+01
3.544190597534179688e+01
3.640846252441406250e+01
3.642199325561523438e+01
3.618265151977539062e+01
3.694007492065429688e+01
3.766510009765625000e+01
3.724177932739257812e+01
3.726772308349609375e+01
3.647114181518554688e+01
3.560322189331054688e+01
3.531874465942382812e+01
3.597192001342773438e+01
3.543033599853515625e+01
3.513579940795898438e+01
3.527497482299804688e+01
3.590843582153320312e+01
3.555552291870117188e+01
3.508882904052734375e+01
3.566317367553710938e+01
3.551540756225585938e+01
3.536798477172851562e+01
3.549588012695312500e+01
3.549124145507812500e+01
3.549717330932617188e+01
3.570801925659179688e+01
3.517282867431640625e+01
3.463724899291992188e+01
3.487079620361328125e+01
3.566307830810546875e+01
3.511593246459960938e+01
3.495825576782226562e+01
3.470051193237304688e+01
3.402542877197265625e+01
3.467333221435546875e+01
3.610931396484375000e+01
3.553866195678710938e+01
3.467365646362304688e+01
3.526436996459960938e+01
3.571018600463867188e+01
3.563586807250976562e+01
3.552696990966796875e+01
3.538408279418945312e+01
3.617185592651367188e+01
3.723440551757812500e+01
3.774826431274414062e+01
3.823503875732421875e+01
3.643621444702148438e+01
3.517887115478515625e+01
3.561157989501953125e+01
3.604709243774414062e+01
3.545949935913085938e+01
3.477791213989257812e+01
3.480812072753906250e+01
3.617288970947265625e+01
3.710897064208984375e+01
3.687850570678710938e+01
3.573821258544921875e+01
3.542622375488281250e+01
3.496779251098632812e+01
3.511826705932617188e+01
3.437936401367187500e+01
3.479214096069335938e+01
3.543255615234375000e+01
3.596985626220703125e+01
3.500175857543945312e+01
3.418774032592773438e+01
3.522924423217773438e+01
3.716854858398437500e+01
3.797123336791992188e+01
3.715824127197265625e+01
3.671136856079101562e+01
3.616657638549804688e+01
3.603660964965820312e+01
3.529899978637695312e+01
3.544406890869140625e+01
3.624757003784179688e+01
3.693851089477539062e+01
3.660038375854492188e+01
3.563507080078125000e+01
3.540420150756835938e+01
3.571579742431640625e+01
3.733112335205078125e+01
3.725532531738281250e+01
3.647694778442382812e+01
3.463136291503906250e+01
3.548312759399414062e+01
3.671342849731445312e+01
3.778905868530273438e+01
3.701615142822265625e+01
3.645731353759765625e+01
3.629528427124023438e+01
3.618075561523437500e+01
3.487026214599609375e+01
3.470732116699218750e+01
3.521173858642578125e+01
3.529664993286132812e+01
3.596334457397460938e+01
3.603260803222656250e+01
3.627678680419921875e+01
3.600491333007812500e+01
3.554782867431640625e+01
3.569128417968750000e+01
3.595251083374023438e+01
3.568104934692382812e+01
3.611115264892578125e+01
3.648028564453125000e+01
3.569097518920898438e+01
3.541336059570312500e+01
3.536361694335937500e+01
3.563444519042968750e+01
3.592089080810546875e+01
3.649715423583984375e+01
3.602696228027343750e+01
3.565224838256835938e+01
3.520928955078125000e+01
3.474225234985351562e+01
3.449797821044921875e+01
3.399197006225585938e+01
3.402222442626953125e+01
3.429046249389648438e+01
3.329435729980468750e+01
3.327650451660156250e+01
3.445697784423828125e+01
3.488502883911132812e+01
3.456563186645507812e+01
3.587522506713867188e+01
3.614245605468750000e+01
3.505366897583007812e+01
3.423978424072265625e+01
3.487411880493164062e+01
3.520672607421875000e+01
3.579347991943359375e+01
3.546716308593750000e+01
3.560070037841796875e+01
3.506986999511718750e+01
3.526004409790039062e+01
3.536301422119140625e+01
3.609209442138671875e+01
3.522335433959960938e+01
3.468991851806640625e+01
3.470867538452148438e+01
3.586515045166015625e+01
3.683845520019531250e+01
3.616007995605468750e+01
3.463497161865234375e+01
3.509212493896484375e+01
3.558171081542968750e+01
3.599595260620117188e+01
3.527517318725585938e+01
3.570058822631835938e+01
3.598320007324218750e+01
3.578033065795898438e+01
3.613470840454101562e+01
3.642724990844726562e+01
3.590474700927734375e+01
3.537143707275390625e+01
3.522643280029296875e+01
3.519667053222656250e+01
3.546507644653320312e+01
3.603328323364257812e+01
3.654994964599609375e+01
3.662978744506835938e+01
3.581194305419921875e+01
3.479791259765625000e+01
3.435377883911132812e+01
3.489256286621093750e+01
3.501304626464843750e+01
3.412040710449218750e+01
3.360046768188476562e+01
3.362126541137695312e+01
3.410919570922851562e+01
3.466555023193359375e+01
3.487467956542968750e+01
3.489749526977539062e+01
3.560890960693359375e+01
3.572402954101562500e+01
3.574867630004882812e+01
3.577486419677734375e+01
3.665608978271484375e+01
3.707588577270507812e+01
3.643154144287109375e+01
3.555747222900390625e+01
3.552516937255859375e+01
3.619350433349609375e+01
3.680571365356445312e+01
3.688048934936523438e+01
3.693092727661132812e+01
3.626713562011718750e+01
3.527230834960937500e+01
3.505799865722656250e+01
3.540004730224609375e+01
3.612422180175781250e+01
3.677885818481445312e+01
3.655112457275390625e+01
3.562807083129882812e+01
3.511852645874023438e+01
3.537380981445312500e+01
3.623873138427734375e+01
3.632579421997070312e+01
3.643621063232421875e+01
3.591410446166992188e+01
3.625759124755859375e+01
3.621447753906250000e+01
3.583515548706054688e+01
3.536227416992187500e+01
3.529892349243164062e+01
3.587435913085937500e+01
3.679788589477539062e+01
3.570822143554687500e+01
3.577239990234375000e+01
3.526422500610351562e+01
3.547805023193359375e+01
3.553011703491210938e+01
3.576448059082031250e+01
3.490147399902343750e+01
3.401076507568359375e+01
3.341499328613281250e+01
3.397120666503906250e+01
3.465442657470703125e+01
3.578512954711914062e+01
3.491552352905273438e+01
3.440966796875000000e+01
3.441418838500976562e+01
3.534084701538085938e+01
3.666967773437500000e+01
3.752947616577148438e+01
3.704048538208007812e+01
3.650865936279296875e+01
3.573958969116210938e+01
3.459051132202148438e+01
3.526482772827148438e+01
3.623834609985351562e+01
3.573935699462890625e+01
3.432664489746093750e+01
3.409603118896484375e+01
3.492073059082031250e+01
3.483904266357421875e+01
3.522293090820312500e+01
3.526356887817382812e+01
3.553641510009765625e+01
3.518521118164062500e+01
3.475768280029296875e+01
3.540069580078125000e+01
3.606199264526367188e+01
3.584531021118164062e+01
3.509547042846679688e+01
3.465504837036132812e+01
3.442094039916992188e+01
3.437057876586914062e+01
3.417752456665039062e+01
3.393246459960937500e+01
3.409149551391601562e+01
3.386123275756835938e+01
3.381049728393554688e+01
3.422756576538085938e+01
3.457394790649414062e+01
3.436604690551757812e+01
3.420420074462890625e+01
3.393730545043945312e+01
3.365729141235351562e+01
3.356851577758789062e+01
3.458046722412109375e+01
3.475358963012695312e+01
3.527302932739257812e+01
3.488402557373046875e+01
3.439381790161132812e+01
3.443971633911132812e+01
3.530284881591796875e+01
3.532360076904296875e+01
3.476979446411132812e+01
3.411309814453125000e+01
3.555318832397460938e+01
3.622392654418945312e+01
3.533557510375976562e+01
3.391770172119140625e+01
3.342417144775390625e+01
3.403848266601562500e+01
3.420751953125000000e+01
3.394071960449218750e+01
3.479113006591796875e+01
3.635362625122070312e+01
3.639358901977539062e+01
3.523074340820312500e+01
3.492272567749023438e+01
3.530049133300781250e+01
3.628335189819335938e+01
3.646693038940429688e+01
3.555916976928710938e+01
3.539923858642578125e+01
3.576794052124023438e+01
3.603843307495117188e+01
3.560125350952148438e+01
3.456235504150390625e+01
3.376969146728515625e+01
3.419444656372070312e+01
3.484449386596679688e+01
3.504653167724609375e+01
3.504027557373046875e+01
3.510055160522460938e+01
3.557471847534179688e+01
3.551444625854492188e+01
3.526260757446289062e+01
3.516900253295898438e+01
3.532991409301757812e+01
3.534511184692382812e+01
3.484670257568359375e+01
3.482061004638671875e+01
3.404483032226562500e+01
3.368542098999023438e+01
3.398017120361328125e+01
3.420361709594726562e+01
3.486942672729492188e+01
3.558388137817382812e+01
3.612096405029296875e+01
3.570843505859375000e+01
3.544830703735351562e+01
3.581605911254882812e+01
3.550678253173828125e+01
3.537174224853515625e+01
3.519517898559570312e+01
3.451086425781250000e+01
3.429106140136718750e+01
3.465922927856445312e+01
3.480547332763671875e+01
3.536936569213867188e+01
3.576040267944335938e+01
3.586659622192382812e+01
3.501001739501953125e+01
3.492363739013671875e+01
3.442442703247070312e+01
3.441773986816406250e+01
3.519496154785156250e+01
3.545098495483398438e+01
3.403408050537109375e+01
3.356430816650390625e+01
3.404511642456054688e+01
3.452695465087890625e+01
3.452050781250000000e+01
3.512296295166015625e+01
3.563818740844726562e+01
3.511309051513671875e+01
3.503304672241210938e+01
3.533898162841796875e+01
3.477689361572265625e+01
3.391536331176757812e+01
3.357814407348632812e+01
3.339813995361328125e+01
3.295882034301757812e+01
3.279147338867187500e+01
3.327704620361328125e+01
3.305602645874023438e+01
3.333485412597656250e+01
3.434479522705078125e+01
3.500950622558593750e+01
3.506904602050781250e+01
3.496576690673828125e+01
3.424310302734375000e+01
3.471335220336914062e+01
3.503147125244140625e+01
3.507233047485351562e+01
3.424614334106445312e+01
3.332777404785156250e+01
3.296863937377929688e+01
3.225055313110351562e+01
3.179381752014160156e+01
3.113568115234375000e+01
3.143195152282714844e+01
3.309455871582031250e+01
3.427358627319335938e+01
3.458712768554687500e+01
3.507976913452148438e+01
3.509859466552734375e+01
3.533282852172851562e+01
3.552537918090820312e+01
3.569165802001953125e+01
3.502245712280273438e+01
3.453023910522460938e+01
3.300743103027343750e+01
3.225992965698242188e+01
3.239471054077148438e+01
3.272191619873046875e+01
3.371798324584960938e+01
3.368260192871093750e+01
3.341513442993164062e+01
3.300834655761718750e+01
3.412812423706054688e+01
3.458711242675781250e+01
3.452999114990234375e+01
3.405559539794921875e+01
3.347377777099609375e+01
3.426544189453125000e+01
3.554550552368164062e+01
3.569380569458007812e+01
3.443988037109375000e+01
3.363435363769531250e+01
3.257366561889648438e+01
3.206623840332031250e+01
3.285186767578125000e+01
3.436367797851562500e+01
3.471291732788085938e+01
3.480202865600585938e+01
3.529500579833984375e+01
3.481070709228515625e+01
3.352511215209960938e+01
3.331037139892578125e+01
3.389537811279296875e+01
3.381652450561523438e+01
3.436499786376953125e+01
3.400597763061523438e+01
3.396434783935546875e+01
3.386888122558593750e+01
3.387060165405273438e+01
3.383450698852539062e+01
3.355261993408203125e+01
3.297765731811523438e+01
3.370250320434570312e+01
3.366737747192382812e+01
3.330955505371093750e+01
3.392004776000976562e+01
3.497102355957031250e+01
3.523273468017578125e+01
3.503863525390625000e+01
3.493730163574218750e+01
3.431546020507812500e+01
3.356747055053710938e+01
3.332247543334960938e+01
3.362682723999023438e+01
3.368102264404296875e+01
3.437354660034179688e+01
3.453026580810546875e+01
3.381028366088867188e+01
3.439118194580078125e+01
3.513737487792968750e+01
3.483670043945312500e+01
3.397681808471679688e+01
3.339739608764648438e+01
3.362499237060546875e+01
3.389369201660156250e+01
3.374614715576171875e+01
3.393331146240234375e+01
3.371778488159179688e+01
3.270067596435546875e+01
3.277202606201171875e+01
3.384910964965820312e+01
3.482774734497070312e+01
3.424167633056640625e+01
3.371108245849609375e+01
3.321556091308593750e+01
3.382866668701171875e+01
3.374242401123046875e+01
3.387422561645507812e+01
3.391852569580078125e+01
3.359798431396484375e+01
3.436383819580078125e+01
3.491288375854492188e+01
3.422120285034179688e+01
3.398645401000976562e+01
3.395055007934570312e+01
3.385787582397460938e+01
3.419080352783203125e+01
3.452005004882812500e+01
3.401418304443359375e+01
3.313908767700195312e+01
3.340388107299804688e+01
3.428875732421875000e+01
3.471038436889648438e+01
3.404215240478515625e+01
3.370803833007812500e+01
3.417846298217773438e+01
3.338516998291015625e+01
3.386835098266601562e+01
3.392852783203125000e+01
3.408261871337890625e+01
3.421157073974609375e+01
3.428383255004882812e+01
3.385012817382812500e+01
3.315541458129882812e+01
3.276432037353515625e+01
3.322990798950195312e+01
3.370166397094726562e+01
3.422821044921875000e+01
3.406919860839843750e+01
3.381702423095703125e+01
3.354685211181640625e+01
3.344054794311523438e+01
3.368508529663085938e+01
3.396355819702148438e+01
3.457997512817382812e+01
3.466535568237304688e+01
3.447636795043945312e+01
3.404625320434570312e+01
3.381602859497070312e+01
3.429119491577148438e+01
3.440472793579101562e+01
3.406995773315429688e+01
3.363522720336914062e+01
3.381880950927734375e+01
3.408711624145507812e+01
3.450135803222656250e+01
3.406537246704101562e+01
3.444270706176757812e+01
3.437993621826171875e+01
3.403648757934570312e+01
3.360312271118164062e+01
3.429296112060546875e+01
3.414020919799804688e+01
3.400283432006835938e+01
3.287899780273437500e+01
3.390084075927734375e+01
3.566764450073242188e+01
3.672304153442382812e+01
3.624521255493164062e+01
3.458372116088867188e+01
3.342567825317382812e+01
3.355530166625976562e+01
3.318930816650390625e+01
3.294173049926757812e+01
3.389787292480468750e+01
3.508245468139648438e+01
3.516370010375976562e+01
3.426166915893554688e+01
3.412038421630859375e+01
3.462697982788085938e+01
3.564589309692382812e+01
3.662420654296875000e+01
3.643774795532226562e+01
3.606443405151367188e+01
3.505923461914062500e+01
3.534149169921875000e+01
3.507468032836914062e+01
3.466241455078125000e+01
3.459272766113281250e+01
3.505791091918945312e+01
3.437873077392578125e+01
3.388954162597656250e+01
3.379975891113281250e+01
3.294792556762695312e+01
3.254906463623046875e+01
3.327856063842773438e+01
3.511518478393554688e+01
3.594414901733398438e+01
3.573432922363281250e+01
3.434560012817382812e+01
3.376034545898437500e+01
3.358645629882812500e+01
3.359934997558593750e+01
3.286886596679687500e+01
3.256448745727539062e+01
3.366734695434570312e+01
3.551418304443359375e+01
3.563306427001953125e+01
3.446395492553710938e+01
3.343650817871093750e+01
3.331239318847656250e+01
3.290173339843750000e+01
3.387294387817382812e+01
3.415512847900390625e+01
3.500841903686523438e+01
3.525847625732421875e+01
3.609539031982421875e+01
3.699947738647460938e+01
3.582418823242187500e+01
3.554647445678710938e+01
3.462533187866210938e+01
3.403315734863281250e+01
3.355113601684570312e+01
3.419343185424804688e+01
3.464229202270507812e+01
3.471770477294921875e+01
3.560960388183593750e+01
3.580630111694335938e+01
3.517782592773437500e+01
3.530843353271484375e+01
3.533493423461914062e+01
3.410584640502929688e+01
3.270668411254882812e+01
3.293547821044921875e+01
3.497932815551757812e+01
3.644276046752929688e+01
3.565245819091796875e+01
3.420773696899414062e+01
3.460366439819335938e+01
3.451178741455078125e+01
3.328980255126953125e+01
3.230200576782226562e+01
3.341443252563476562e+01
3.499704360961914062e+01
3.499757385253906250e+01
3.367644500732421875e+01
3.306449127197265625e+01
3.339517211914062500e+01
3.465173721313476562e+01
3.490628051757812500e+01
3.478622055053710938e+01
3.469801712036132812e+01
3.396954345703125000e+01
3.390266418457031250e+01
3.468534851074218750e+01
3.544630432128906250e+01
3.510952758789062500e+01
3.326939010620117188e+01
3.192824554443359375e+01
3.227499389648437500e+01
3.369072341918945312e+01
3.476572036743164062e+01
3.502123641967773438e+01
3.394545745849609375e+01
3.247641372680664062e+01
3.229270935058593750e+01
3.318475341796875000e+01
3.380718994140625000e+01
3.334126663208007812e+01
3.322399902343750000e+01
3.390057754516601562e+01
3.427828979492187500e+01
3.335040664672851562e+01
3.275506210327148438e+01
3.299993896484375000e+01
3.331846237182617188e+01
3.367228698730468750e+01
3.462695693969726562e+01
3.406810760498046875e+01
3.331250381469726562e+01
3.326486587524414062e+01
3.460724639892578125e+01
3.297820663452148438e+01
3.211403274536132812e+01
3.233529281616210938e+01
3.307231903076171875e+01
3.289817428588867188e+01
3.495049285888671875e+01
3.560636520385742188e+01
3.546106338500976562e+01
3.473187637329101562e+01
3.477741622924804688e+01
3.431159591674804688e+01
3.468371582031250000e+01
3.506110382080078125e+01
3.457883834838867188e+01
3.442758941650390625e+01
3.387189865112304688e+01
3.504949951171875000e+01
3.399060440063476562e+01
3.404035186767578125e+01
3.382360839843750000e+01
3.561936950683593750e+01
3.559196090698242188e+01
3.429699707031250000e+01
3.291423034667968750e+01
3.240354156494140625e+01
3.315418624877929688e+01
3.382117843627929688e+01
3.327696609497070312e+01
3.223657226562500000e+01
3.230415725708007812e+01
3.329507064819335938e+01
3.406762695312500000e+01
3.320738983154296875e+01
3.317734527587890625e+01
3.419715118408203125e+01
3.429195022583007812e+01
3.265291976928710938e+01
3.185761642456054688e+01
3.127943611145019531e+01
3.275502395629882812e+01
3.310136413574218750e+01
3.596768188476562500e+01
3.579520034790039062e+01
3.602861022949218750e+01
3.624452590942382812e+01
3.513570022583007812e+01
3.349666213989257812e+01
3.190843963623046875e+01
3.270144271850585938e+01
3.280986022949218750e+01
3.433578491210937500e+01
3.606185531616210938e+01
3.658657455444335938e+01
3.525245666503906250e+01
3.424351119995117188e+01
3.361897277832031250e+01
3.328161239624023438e+01
3.315322113037109375e+01
3.239070510864257812e+01
3.218149185180664062e+01
3.224940490722656250e+01
3.325106811523437500e+01
3.320173263549804688e+01
3.430885314941406250e+01
3.350386810302734375e+01
3.386392593383789062e+01
3.306098937988281250e+01
3.380392837524414062e+01
3.306697082519531250e+01
3.261920547485351562e+01
3.236423873901367188e+01
3.287886810302734375e+01
3.399792861938476562e+01
3.365662384033203125e+01
3.337698745727539062e+01
3.372798919677734375e+01
3.478691482543945312e+01
3.469261932373046875e+01
3.191606140136718750e+01
3.155046653747558594e+01
3.228576660156250000e+01
3.247937011718750000e+01
3.117494773864746094e+01
3.146177864074707031e+01
3.259841156005859375e+01
3.472824859619140625e+01
3.494720840454101562e+01
3.394391250610351562e+01
3.287926864624023438e+01
3.416553497314453125e+01
3.525189208984375000e+01
3.493267440795898438e+01
3.420270156860351562e+01
3.373265457153320312e+01
3.437047958374023438e+01
3.278919982910156250e+01
3.405118942260742188e+01
3.508495330810546875e+01
3.538803482055664062e+01
3.257134246826171875e+01
3.032304573059082031e+01
2.990438842773437500e+01
3.029267311096191406e+01
3.044906425476074219e+01
3.193353652954101562e+01
3.075544738769531250e+01
3.066399383544921875e+01
3.182323455810546875e+01
3.323945236206054688e+01
3.433028793334960938e+01
3.511625289916992188e+01
3.526459121704101562e+01
3.212000656127929688e+01
2.929849433898925781e+01
2.771410560607910156e+01
2.795343017578125000e+01
3.141346740722656250e+01
3.252249526977539062e+01
3.423054885864257812e+01
3.524011993408203125e+01
3.561176300048828125e+01
3.559544754028320312e+01
3.436386489868164062e+01
3.189450263977050781e+01
2.798921012878417969e+01
2.636438369750976562e+01
2.742176246643066406e+01
2.993238639831542969e+01
3.194053268432617188e+01
3.372873687744140625e+01
3.154743194580078125e+01
2.867435073852539062e+01
2.846371078491210938e+01
3.164724159240722656e+01
3.455912399291992188e+01
3.345051193237304688e+01
2.852013587951660156e+01
2.498565864562988281e+01
2.708213996887207031e+01
2.828703689575195312e+01
3.077226638793945312e+01
3.010024833679199219e+01
3.069746017456054688e+01
3.115324783325195312e+01
3.043605613708496094e+01
2.903150558471679688e+01
2.895412826538085938e+01
3.024031829833984375e+01
3.088302803039550781e+01
2.964999580383300781e+01
3.004044532775878906e+01
2.941842269897460938e+01
2.940139770507812500e+01
3.183529281616210938e+01
3.613262557983398438e+01
3.499504089355468750e+01
3.497914886474609375e+01
3.304184341430664062e+01
2.902463531494140625e+01
2.672190093994140625e+01
2.712356948852539062e+01
2.786022567749023438e+01
2.317408180236816406e+01
1.952610588073730469e+01
2.043469047546386719e+01
2.400874519348144531e+01
3.238803100585937500e+01
3.765840911865234375e+01
3.827177429199218750e+01
3.870780944824218750e+01
3.216050720214843750e+01
3.172396087646484375e+01
3.621936035156250000e+01
3.333475112915039062e+01
2.317875862121582031e+01
1.821664047241210938e+01
1.584322738647460938e+01
1.550416946411132812e+01
1.507945728302001953e+01
1.085876560211181641e+01
-2.622944414615631104e-01
-2.330783903598785400e-01
nan
nan
nan
nan
nan
nan
nan
nan
nan
nan
nan
nan
nan
nan
nan
nan
nan
nan
nan
nan
nan
nan
nan
nan
nan
nan
nan
nan
nan
nan
nan
nan
nan
nan
nan
nan
nan
nan
nan
nan
nan
nan
nan
nan
nan
nan
nan
nan
nan
nan
nan
nan
nan
nan
nan
nan
nan
nan
nan
nan
nan
nan
nan
nan
nan
nan
nan
nan
nan
nan
nan
nan
nan
nan
nan
nan
nan
nan
nan
nan
nan
nan
nan
nan
nan
nan
nan
nan
nan
nan
nan
nan
nan
