nan
nan
nan
nan
nan
nan
nan
nan
nan
nan
nan
nan
nan
nan
nan
nan
nan
nan
nan
nan
nan
nan
nan
nan
nan
nan
nan
nan
nan
3.833174896240234375e+01
3.605426406860351562e+01
3.629616165161132812e+01
3.659147262573242188e+01
3.764558410644531250e+01
3.747998428344726562e+01
3.763049316406250000e+01
3.818513488769531250e+01
3.784550857543945312e+01
3.852793884277343750e+01
3.912159347534179688e+01
3.903919219970703125e+01
3.891347503662109375e+01
3.674301528930664062e+01
3.560432434082031250e+01
3.376833724975585938e+01
3.256654357910156250e+01
3.194276809692382812e+01
3.176342010498046875e+01
3.378458404541015625e+01
3.528329849243164062e+01
3.733213424682617188e+01
3.642926025390625000e+01
3.573509597778320312e+01
3.489142608642578125e+01
3.520439910888671875e+01
3.502420806884765625e+01
3.479880142211914062e+01
3.554410552978515625e+01
3.595750808715820312e+01
3.540414810180664062e+01
3.461304855346679688e+01
3.548035049438476562e+01
3.599449920654296875e+01
3.596844482421875000e+01
3.530543518066406250e+01
3.498040390014648438e+01
3.561345291137695312e+01
3.611211776733398438e+01
3.658285903930664062e+01
3.645623779296875000e+01
3.672195434570312500e+01
3.841313171386718750e+01
4.026972198486328125e+01
4.001333618164062500e+01
3.927032470703125000e+01
3.686282730102539062e+01
3.705588531494140625e+01
3.679090118408203125e+01
3.659309005737304688e+01
3.604507446289062500e+01
3.596294403076171875e+01
3.593249130249023438e+01
3.607058715820312500e+01
3.541884994506835938e+01
3.550247955322265625e+01
3.539603424072265625e+01
3.535914230346679688e+01
3.585105895996093750e+01
3.550405883789062500e+01
3.556248855590820312e+01
3.525761413574218750e+01
3.395515060424804688e+01
3.477664947509765625e+01
3.356016921997070312e+01
3.431953430175781250e+01
3.458351898193359375e+01
3.514472198486328125e+01
3.615539550781250000e+01
3.624185943603515625e+01
3.648038864135742188e+01
3.569624710083007812e+01
3.530495834350585938e+01
3.440736770629882812e+01
3.510591125488281250e+01
3.496442794799804688e+01
3.601616287231445312e+01
3.610398483276367188e+01
3.623678970336914062e+01
3.634875869750976562e+01
3.632393646240234375e+01
3.679934692382812500e+01
3.688008117675781250e+01
3.729922485351562500e+01
3.646440124511718750e+01
3.604067993164062500e+01
3.540516662597656250e+01
3.602998352050781250e+01
3.668569946289062500e+01
3.656781768798828125e+01
3.667494583129882812e+01
3.628565979003906250e+01
3.540309143066406250e+01
3.470312881469726562e+01
3.549238586425781250e+01
3.577022552490234375e+01
3.577776718139648438e+01
3.532328414916992188e+01
3.540451812744140625e+01
3.519301605224609375e+01
3.444340896606445312e+01
3.456616973876953125e+01
3.488219451904296875e+01
3.541642379760742188e+01
3.536012268066406250e+01
3.512940597534179688e+01
3.563372039794921875e+01
3.501831436157226562e+01
3.561435317993164062e+01
3.582712554931640625e+01
3.658025360107421875e+01
3.628697967529296875e+01
3.573558425903320312e+01
3.556052017211914062e+01
3.561833190917968750e+01
3.596687316894531250e+01
3.633387756347656250e+01
3.641751480102539062e+01
3.632569885253906250e+01
3.592533493041992188e+01
3.571957397460937500e+01
3.538534545898437500e+01
3.528571701049804688e+01
3.442299270629882812e+01
3.471145248413085938e+01
3.514558792114257812e+01
3.631568145751953125e+01
3.611825561523437500e+01
3.572386550903320312e+01
3.507285690307617188e+01
3.421458816528320312e+01
3.428719329833984375e+01
3.446974563598632812e+01
3.605894470214843750e+01
3.620977401733398438e+01
3.621153640747070312e+01
3.719242858886718750e+01
3.790618896484375000e+01
3.795573806762695312e+01
3.752528762817382812e+01
3.719069671630859375e+01
3.700357818603515625e+01
3.560831451416015625e+01
3.549141693115234375e+01
3.531642532348632812e+01
3.517962265014648438e+01
3.544620513916015625e+01
3.544401168823242188e+01
3.439654922485351562e+01
3.418202209472656250e+01
3.350478744506835938e+01
3.500618362426757812e+01
3.534286880493164062e+01
3.478609848022460938e+01
3.433548355102539062e+01
3.398474502563476562e+01
3.578557968139648438e+01
3.510258483886718750e+01
3.378791809082031250e+01
3.308477020263671875e+01
3.314562225341796875e+01
3.363612365722656250e+01
3.421310806274414062e+01
3.503312301635742188e+01
3.515338897705078125e+01
3.560430908203125000e+01
3.577209091186523438e+01
3.557567214965820312e+01
3.532037734985351562e+01
3.365229797363281250e+01
3.407051849365234375e+01
3.414866638183593750e+01
3.366542434692382812e+01
3.408600616455078125e+01
3.370941162109375000e+01
3.438174438476562500e+01
3.403400421142578125e+01
3.367688751220703125e+01
3.303683853149414062e+01
3.436684036254882812e+01
3.494286727905273438e+01
3.497775650024414062e+01
3.474297332763671875e+01
3.427377700805664062e+01
3.511620712280273438e+01
3.564128494262695312e+01
3.482542037963867188e+01
3.430884170532226562e+01
3.384766769409179688e+01
3.381930160522460938e+01
3.367327499389648438e+01
3.422237396240234375e+01
3.425905990600585938e+01
3.483166885375976562e+01
3.459227371215820312e+01
3.422052001953125000e+01
3.438286972045898438e+01
3.475804138183593750e+01
3.445310211181640625e+01
3.449381637573242188e+01
3.458679962158203125e+01
3.513605117797851562e+01
3.632292556762695312e+01
3.627946472167968750e+01
3.598491668701171875e+01
3.529530715942382812e+01
3.497644805908203125e+01
3.530304336547851562e+01
3.584939193725585938e+01
3.586492156982421875e+01
3.473877716064453125e+01
3.369592285156250000e+01
3.377553176879882812e+01
3.440300750732421875e+01
3.433836746215820312e+01
3.409648513793945312e+01
3.350421142578125000e+01
3.320560455322265625e+01
3.308343887329101562e+01
3.417187118530273438e+01
3.462200546264648438e+01
3.508519744873046875e+01
3.537927246093750000e+01
3.531778335571289062e+01
3.557112503051757812e+01
3.442380142211914062e+01
3.463661956787109375e+01
3.440147399902343750e+01
3.503894805908203125e+01
3.533349227905273438e+01
3.488577651977539062e+01
3.538840484619140625e+01
3.537969589233398438e+01
3.612990951538085938e+01
3.574715042114257812e+01
3.622067260742187500e+01
3.581309509277343750e+01
3.506910324096679688e+01
3.496362304687500000e+01
3.574806976318359375e+01
3.581223678588867188e+01
3.491570663452148438e+01
3.343359375000000000e+01
3.292115020751953125e+01
3.223550796508789062e+01
3.228049850463867188e+01
3.263776397705078125e+01
3.305814361572265625e+01
3.349600982666015625e+01
3.336980056762695312e+01
3.387095260620117188e+01
3.446006774902343750e+01
3.367595291137695312e+01
3.397352218627929688e+01
3.360319519042968750e+01
3.370534133911132812e+01
3.294606018066406250e+01
3.203389739990234375e+01
3.207481384277343750e+01
3.302249526977539062e+01
3.344906616210937500e+01
3.343351745605468750e+01
3.291696929931640625e+01
3.261222839355468750e+01
3.281203079223632812e+01
3.240512466430664062e+01
3.343206405639648438e+01
3.388102722167968750e+01
3.448725509643554688e+01
3.393993759155273438e+01
3.390828323364257812e+01
3.367924499511718750e+01
3.369984054565429688e+01
3.370335388183593750e+01
3.370270538330078125e+01
3.393092727661132812e+01
3.438153457641601562e+01
3.452309799194335938e+01
3.445350646972656250e+01
3.398238754272460938e+01
3.347166824340820312e+01
3.388566207885742188e+01
3.358180236816406250e+01
3.353165054321289062e+01
3.352048492431640625e+01
3.260712051391601562e+01
3.264210510253906250e+01
3.326084518432617188e+01
3.424111175537109375e+01
3.556466293334960938e+01
3.534499359130859375e+01
3.525111770629882812e+01
3.518138504028320312e+01
3.578091812133789062e+01
3.508354568481445312e+01
3.408428573608398438e+01
3.214361953735351562e+01
3.208951950073242188e+01
3.231448364257812500e+01
3.290571975708007812e+01
3.303639602661132812e+01
3.349053573608398438e+01
3.330752182006835938e+01
3.361940383911132812e+01
3.365937423706054688e+01
3.309269332885742188e+01
3.296987533569335938e+01
3.210347366333007812e+01
3.226226425170898438e+01
3.284669876098632812e+01
3.391282653808593750e+01
3.473265075683593750e+01
3.560897827148437500e+01
3.493542480468750000e+01
3.447433090209960938e+01
3.354565429687500000e+01
3.315952682495117188e+01
3.290875244140625000e+01
3.242056274414062500e+01
3.229283142089843750e+01
3.277072143554687500e+01
3.300403213500976562e+01
3.333323287963867188e+01
3.333624267578125000e+01
3.308689498901367188e+01
3.239306640625000000e+01
3.218101501464843750e+01
3.295328903198242188e+01
3.338337707519531250e+01
3.313433456420898438e+01
3.275024032592773438e+01
3.278255844116210938e+01
3.225505447387695312e+01
3.174940872192382812e+01
3.191041946411132812e+01
3.229404830932617188e+01
3.245341110229492188e+01
3.254587936401367188e+01
3.188439750671386719e+01
3.207543563842773438e+01
3.280903244018554688e+01
3.283980560302734375e+01
3.313110733032226562e+01
3.274304580688476562e+01
3.289101409912109375e+01
3.281495285034179688e+01
3.184791564941406250e+01
3.197530174255371094e+01
3.197713088989257812e+01
3.248953247070312500e+01
3.294798278808593750e+01
3.245862197875976562e+01
3.262264633178710938e+01
3.234091949462890625e+01
3.308152008056640625e+01
3.269588088989257812e+01
3.264557647705078125e+01
3.167534065246582031e+01
3.157485580444335938e+01
3.130958938598632812e+01
3.090850257873535156e+01
3.113422966003417969e+01
3.109823989868164062e+01
3.161391830444335938e+01
3.251145553588867188e+01
3.302149963378906250e+01
3.277058410644531250e+01
3.161569976806640625e+01
3.180639076232910156e+01
3.154556655883789062e+01
3.033378791809082031e+01
3.087746810913085938e+01
3.147074699401855469e+01
3.222980499267578125e+01
3.188603401184082031e+01
3.176575660705566406e+01
3.265986633300781250e+01
3.365689086914062500e+01
3.369958114624023438e+01
3.262694931030273438e+01
3.235314178466796875e+01
3.194603157043457031e+01
3.244562911987304688e+01
3.196975135803222656e+01
3.171342658996582031e+01
3.201132583618164062e+01
3.267521286010742188e+01
3.278057861328125000e+01
3.243214035034179688e+01
3.213887405395507812e+01
3.285613632202148438e+01
3.424938201904296875e+01
3.392257308959960938e+01
3.314255523681640625e+01
3.273624801635742188e+01
3.223361206054687500e+01
3.183257293701171875e+01
3.164479255676269531e+01
3.154780197143554688e+01
3.166322326660156250e+01
3.205139923095703125e+01
3.227229309082031250e+01
3.274617004394531250e+01
3.339693069458007812e+01
3.408961868286132812e+01
3.339266586303710938e+01
3.292647171020507812e+01
3.252846145629882812e+01
3.298347473144531250e+01
3.336537933349609375e+01
3.327968215942382812e+01
3.239981842041015625e+01
3.173960113525390625e+01
3.097302627563476562e+01
3.149111366271972656e+01
3.208964920043945312e+01
3.257757186889648438e+01
3.206613540649414062e+01
3.205003738403320312e+01
3.178144645690917969e+01
3.252184677124023438e+01
3.216096878051757812e+01
3.238416671752929688e+01
3.230298995971679688e+01
3.161376190185546875e+01
3.129464721679687500e+01
3.189326286315917969e+01
3.215160751342773438e+01
3.196429443359375000e+01
3.125372886657714844e+01
3.113161468505859375e+01
3.160640144348144531e+01
3.196663284301757812e+01
3.180539131164550781e+01
3.190693664550781250e+01
3.195587730407714844e+01
3.250599288940429688e+01
3.269088745117187500e+01
3.244583892822265625e+01
3.261198425292968750e+01
3.232326126098632812e+01
3.272080993652343750e+01
3.222929000854492188e+01
3.238102340698242188e+01
3.219966888427734375e+01
3.214517593383789062e+01
3.149943923950195312e+01
3.163591003417968750e+01
3.148885726928710938e+01
3.166685867309570312e+01
3.176400947570800781e+01
3.157409286499023438e+01
3.161462593078613281e+01
3.177260398864746094e+01
3.318639755249023438e+01
3.471673583984375000e+01
3.486677169799804688e+01
3.387541198730468750e+01
3.342560195922851562e+01
3.282366180419921875e+01
3.230518722534179688e+01
3.066075897216796875e+01
3.018131256103515625e+01
3.024426269531250000e+01
3.173512268066406250e+01
3.207561111450195312e+01
3.235061645507812500e+01
3.208984756469726562e+01
3.261658477783203125e+01
3.341688537597656250e+01
3.379146957397460938e+01
3.352853393554687500e+01
3.357773208618164062e+01
3.394011306762695312e+01
3.360269165039062500e+01
3.260602188110351562e+01
3.125407409667968750e+01
3.084393692016601562e+01
3.058435821533203125e+01
3.112418174743652344e+01
3.038743019104003906e+01
3.022302246093750000e+01
3.121507453918457031e+01
3.213187026977539062e+01
3.301519393920898438e+01
3.259698486328125000e+01
3.177739143371582031e+01
3.033306121826171875e+01
2.989792251586914062e+01
3.010367965698242188e+01
3.110553169250488281e+01
3.112861442565917969e+01
3.068917274475097656e+01
2.985597801208496094e+01
3.012738227844238281e+01
3.102421569824218750e+01
3.006343078613281250e+01
2.995994567871093750e+01
2.984109306335449219e+01
3.043655014038085938e+01
3.113553047180175781e+01
3.072235488891601562e+01
2.995190429687500000e+01
2.981117439270019531e+01
2.883978271484375000e+01
2.907445907592773438e+01
3.017143440246582031e+01
3.027737236022949219e+01
3.109670066833496094e+01
3.118470954895019531e+01
3.160777854919433594e+01
3.096947097778320312e+01
3.114319801330566406e+01
3.065820693969726562e+01
3.061676216125488281e+01
2.987551498413085938e+01
3.025181579589843750e+01
3.077179336547851562e+01
3.101362800598144531e+01
3.152222824096679688e+01
3.197138595581054688e+01
3.195583343505859375e+01
3.173370361328125000e+01
3.189851188659667969e+01
3.255239868164062500e+01
3.291529464721679688e+01
3.245925903320312500e+01
3.156998443603515625e+01
3.110689544677734375e+01
3.087006187438964844e+01
3.138635063171386719e+01
3.176102447509765625e+01
3.241555404663085938e+01
3.198414611816406250e+01
3.151277351379394531e+01
3.103863906860351562e+01
3.120911598205566406e+01
3.135115623474121094e+01
3.185708236694335938e+01
3.232469177246093750e+01
3.207407379150390625e+01
3.139907073974609375e+01
3.095329284667968750e+01
3.041781044006347656e+01
3.051779174804687500e+01
3.011908721923828125e+01
2.988742065429687500e+01
3.038491058349609375e+01
3.083798789978027344e+01
3.162973022460937500e+01
3.156603240966796875e+01
3.159132385253906250e+01
3.132413864135742188e+01
3.044978523254394531e+01
3.046237754821777344e+01
3.135956573486328125e+01
3.205192565917968750e+01
3.206924057006835938e+01
3.236927032470703125e+01
3.328336715698242188e+01
3.369491195678710938e+01
3.279684829711914062e+01
3.098171806335449219e+01
3.049422264099121094e+01
3.029592895507812500e+01
3.163430023193359375e+01
3.262756729125976562e+01
3.293872451782226562e+01
3.286006546020507812e+01
3.154150962829589844e+01
3.151653099060058594e+01
3.123037338256835938e+01
3.194669532775878906e+01
3.186299514770507812e+01
3.184675407409667969e+01
3.173640441894531250e+01
3.173178863525390625e+01
3.234181976318359375e+01
3.244873809814453125e+01
3.151691627502441406e+01
3.076552772521972656e+01
3.111002349853515625e+01
3.186425590515136719e+01
3.201659011840820312e+01
3.143759536743164062e+01
3.094674682617187500e+01
3.105529785156250000e+01
3.092352867126464844e+01
3.081135749816894531e+01
3.019922447204589844e+01
3.016463279724121094e+01
3.014625167846679688e+01
3.034269905090332031e+01
3.067126083374023438e+01
3.039507102966308594e+01
3.061698532104492188e+01
3.142397499084472656e+01
3.139743041992187500e+01
3.123316955566406250e+01
3.157293319702148438e+01
3.189484024047851562e+01
3.146898841857910156e+01
3.075952720642089844e+01
3.124200057983398438e+01
3.136783027648925781e+01
3.096562385559082031e+01
3.089982032775878906e+01
3.105423545837402344e+01
3.183065605163574219e+01
3.243601608276367188e+01
3.201345062255859375e+01
3.100742912292480469e+01
2.998654556274414062e+01
3.088167572021484375e+01
3.117865371704101562e+01
3.135124969482421875e+01
3.139781379699707031e+01
3.202889251708984375e+01
3.234173583984375000e+01
3.223701858520507812e+01
3.226977920532226562e+01
3.191718864440917969e+01
3.176654052734375000e+01
3.157155418395996094e+01
3.194007110595703125e+01
3.172823524475097656e+01
3.194572830200195312e+01
3.137180328369140625e+01
3.155534744262695312e+01
3.112532424926757812e+01
3.136661529541015625e+01
3.110162162780761719e+01
3.129309844970703125e+01
3.129639625549316406e+01
3.094634056091308594e+01
3.134467887878417969e+01
3.162313079833984375e+01
3.164419746398925781e+01
3.130779647827148438e+01
3.019367027282714844e+01
3.031390190124511719e+01
3.000378036499023438e+01
2.994740104675292969e+01
2.980664825439453125e+01
3.085007095336914062e+01
3.193751525878906250e+01
3.236017990112304688e+01
3.205006027221679688e+01
3.128333282470703125e+01
3.036274909973144531e+01
2.986135864257812500e+01
3.114780807495117188e+01
3.214195251464843750e+01
3.135244178771972656e+01
3.059005355834960938e+01
3.050204277038574219e+01
3.146473312377929688e+01
3.190936279296875000e+01
3.092895126342773438e+01
3.086346626281738281e+01
3.043982696533203125e+01
3.130623245239257812e+01
3.134061050415039062e+01
3.134486579895019531e+01
3.131017875671386719e+01
3.229885864257812500e+01
3.189810180664062500e+01
3.122157096862792969e+01
3.118036651611328125e+01
3.131862831115722656e+01
3.182114982604980469e+01
3.148123168945312500e+01
3.177312088012695312e+01
3.148123168945312500e+01
3.200727844238281250e+01
3.246467590332031250e+01
3.204338073730468750e+01
3.135738563537597656e+01
3.118336868286132812e+01
3.174580192565917969e+01
3.224901962280273438e+01
3.137807083129882812e+01
3.110295295715332031e+01
3.107190895080566406e+01
3.141631698608398438e+01
3.158030509948730469e+01
3.207219696044921875e+01
3.248725509643554688e+01
3.212435531616210938e+01
3.232279586791992188e+01
3.206685256958007812e+01
3.095626258850097656e+01
3.086979675292968750e+01
3.114159965515136719e+01
3.183686256408691406e+01
3.213463211059570312e+01
3.231010055541992188e+01
3.230274581909179688e+01
3.186237144470214844e+01
3.170825386047363281e+01
3.193633079528808594e+01
3.197290420532226562e+01
3.208222961425781250e+01
3.156359863281250000e+01
3.145363616943359375e+01
3.114248847961425781e+01
3.050272941589355469e+01
3.092431449890136719e+01
3.169340896606445312e+01
3.240256500244140625e+01
3.195470428466796875e+01
3.107516479492187500e+01
3.133569335937500000e+01
3.216836166381835938e+01
3.332851409912109375e+01
3.389822006225585938e+01
3.382278823852539062e+01
3.287689208984375000e+01
3.162835693359375000e+01
3.096349143981933594e+01
3.054005432128906250e+01
3.087622833251953125e+01
3.128720664978027344e+01
3.170607185363769531e+01
3.183350563049316406e+01
3.118632698059082031e+01
3.125439834594726562e+01
3.146616935729980469e+01
3.145792388916015625e+01
3.072280883789062500e+01
3.024986076354980469e+01
3.112835121154785156e+01
3.232466125488281250e+01
3.252244949340820312e+01
3.259536361694335938e+01
3.272729873657226562e+01
3.190102386474609375e+01
3.059217834472656250e+01
2.891990280151367188e+01
2.904600524902343750e+01
2.892098999023437500e+01
3.023230552673339844e+01
3.170648002624511719e+01
3.215957641601562500e+01
3.114269447326660156e+01
3.059675216674804688e+01
3.027807426452636719e+01
3.130979347229003906e+01
3.135037994384765625e+01
3.244633102416992188e+01
3.229759216308593750e+01
3.244023895263671875e+01
3.094778633117675781e+01
3.027068901062011719e+01
3.013191032409667969e+01
3.132727241516113281e+01
3.172345733642578125e+01
3.192439842224121094e+01
3.124093437194824219e+01
3.072457122802734375e+01
3.138899803161621094e+01
3.162807273864746094e+01
3.160130310058593750e+01
3.055315017700195312e+01
2.967942810058593750e+01
2.995051765441894531e+01
3.016145896911621094e+01
3.176752281188964844e+01
3.181489562988281250e+01
3.226501464843750000e+01
3.142177391052246094e+01
3.166389274597167969e+01
3.094029045104980469e+01
3.053419876098632812e+01
3.045405960083007812e+01
3.050433731079101562e+01
3.230323791503906250e+01
3.303708267211914062e+01
3.258506393432617188e+01
3.133106231689453125e+01
3.082853698730468750e+01
3.028794670104980469e+01
3.056416130065917969e+01
3.028559494018554688e+01
3.113073730468750000e+01
3.146576309204101562e+01
3.220967102050781250e+01
3.183445739746093750e+01
3.140584182739257812e+01
3.178516769409179688e+01
3.148645973205566406e+01
3.098793601989746094e+01
3.094609260559082031e+01
3.065061378479003906e+01
3.033023643493652344e+01
3.050621795654296875e+01
3.094334220886230469e+01
3.077068519592285156e+01
3.047523498535156250e+01
3.069270706176757812e+01
3.075511932373046875e+01
3.114052963256835938e+01
3.251259613037109375e+01
3.269195938110351562e+01
3.211015319824218750e+01
3.070330429077148438e+01
3.059393119812011719e+01
3.082375144958496094e+01
3.090180969238281250e+01
3.030502510070800781e+01
3.079530143737792969e+01
3.139155197143554688e+01
3.104831123352050781e+01
3.086009025573730469e+01
3.036423873901367188e+01
3.080933189392089844e+01
3.133035850524902344e+01
3.206146240234375000e+01
3.204216003417968750e+01
3.122772789001464844e+01
3.072803878784179688e+01
3.095540046691894531e+01
3.214113235473632812e+01
3.264128875732421875e+01
3.249783325195312500e+01
3.094097709655761719e+01
3.002091026306152344e+01
3.070417785644531250e+01
3.085689544677734375e+01
3.014654922485351562e+01
2.965108108520507812e+01
3.023635673522949219e+01
3.111052894592285156e+01
3.123269653320312500e+01
3.073677825927734375e+01
3.126121330261230469e+01
3.147609519958496094e+01
3.102659797668457031e+01
3.087871360778808594e+01
3.029118919372558594e+01
2.939093208312988281e+01
2.937755966186523438e+01
3.047023200988769531e+01
3.062740516662597656e+01
3.083001327514648438e+01
3.038159561157226562e+01
3.056314468383789062e+01
2.999160575866699219e+01
2.974831962585449219e+01
3.018351554870605469e+01
3.143720626831054688e+01
3.251920700073242188e+01
3.254948806762695312e+01
3.200911712646484375e+01
3.084659576416015625e+01
3.149352455139160156e+01
3.198964881896972656e+01
3.293717193603515625e+01
3.289873504638671875e+01
3.301628112792968750e+01
3.295030593872070312e+01
3.295038604736328125e+01
3.172021102905273438e+01
3.158686256408691406e+01
3.199894905090332031e+01
3.240335845947265625e+01
3.183882141113281250e+01
3.145927429199218750e+01
3.128424072265625000e+01
3.177053833007812500e+01
3.194481468200683594e+01
3.200932693481445312e+01
3.234914016723632812e+01
3.300347900390625000e+01
3.229078674316406250e+01
3.136496353149414062e+01
3.069678688049316406e+01
3.111654090881347656e+01
3.086041831970214844e+01
3.117559432983398438e+01
3.131250953674316406e+01
3.159612274169921875e+01
3.101239585876464844e+01
3.047670555114746094e+01
3.118690109252929688e+01
3.224519348144531250e+01
3.204724121093750000e+01
3.151876449584960938e+01
3.120622062683105469e+01
3.134185218811035156e+01
3.073528861999511719e+01
3.095422172546386719e+01
3.111579895019531250e+01
3.156204795837402344e+01
3.167588424682617188e+01
3.188576126098632812e+01
3.163492202758789062e+01
3.162210464477539062e+01
3.083757591247558594e+01
3.015370941162109375e+01
2.947166252136230469e+01
2.977076911926269531e+01
3.052945518493652344e+01
3.023235702514648438e+01
2.992066955566406250e+01
3.003509140014648438e+01
3.096175765991210938e+01
3.213230895996093750e+01
3.205754852294921875e+01
3.127310180664062500e+01
3.022074508666992188e+01
3.072253608703613281e+01
3.071233367919921875e+01
3.151441955566406250e+01
3.104594802856445312e+01
3.103374290466308594e+01
3.131479835510253906e+01
3.148527908325195312e+01
3.153545570373535156e+01
3.121457481384277344e+01
3.113467407226562500e+01
3.069456481933593750e+01
3.047617149353027344e+01
3.121927070617675781e+01
3.171306610107421875e+01
3.130690193176269531e+01
3.053131103515625000e+01
3.078970146179199219e+01
3.132730674743652344e+01
3.068999481201171875e+01
3.005299377441406250e+01
2.976323699951171875e+01
3.165848922729492188e+01
3.317791748046875000e+01
3.331475067138671875e+01
3.249071502685546875e+01
3.165730476379394531e+01
3.185714721679687500e+01
3.224177932739257812e+01
3.357497787475585938e+01
3.410767745971679688e+01
3.395822143554687500e+01
3.313565063476562500e+01
3.250143051147460938e+01
3.325472640991210938e+01
3.295144271850585938e+01
3.359043502807617188e+01
3.299454116821289062e+01
3.235468292236328125e+01
3.123456192016601562e+01
3.057607269287109375e+01
3.019023513793945312e+01
2.961999511718750000e+01
3.071975135803222656e+01
3.181202507019042969e+01
3.236808013916015625e+01
3.227165985107421875e+01
3.207542419433593750e+01
3.222258377075195312e+01
3.125098419189453125e+01
3.065234565734863281e+01
2.853639030456542969e+01
2.799387741088867188e+01
2.810300064086914062e+01
2.935402488708496094e+01
3.124086952209472656e+01
3.237707138061523438e+01
3.322401428222656250e+01
3.221613693237304688e+01
3.245431900024414062e+01
3.211476516723632812e+01
3.239670944213867188e+01
3.146018028259277344e+01
3.117782402038574219e+01
3.073227310180664062e+01
3.050285148620605469e+01
2.994200134277343750e+01
2.941987800598144531e+01
3.040668869018554688e+01
3.219112396240234375e+01
3.280745315551757812e+01
3.155836486816406250e+01
3.153613471984863281e+01
3.180249214172363281e+01
3.142233657836914062e+01
3.027138328552246094e+01
2.916491508483886719e+01
2.991302299499511719e+01
3.048329353332519531e+01
3.164273643493652344e+01
3.214444732666015625e+01
3.122035026550292969e+01
2.992520904541015625e+01
3.022621536254882812e+01
3.151827621459960938e+01
3.236048126220703125e+01
3.307415771484375000e+01
3.393290328979492188e+01
3.468511581420898438e+01
3.221753311157226562e+01
3.039318275451660156e+01
2.879730224609375000e+01
2.916490173339843750e+01
2.835924339294433594e+01
2.885216331481933594e+01
2.897291374206542969e+01
3.018898773193359375e+01
3.120699691772460938e+01
3.128469657897949219e+01
3.011054801940917969e+01
2.792521286010742188e+01
2.687549591064453125e+01
2.801102638244628906e+01
3.059920692443847656e+01
3.240977478027343750e+01
3.080917167663574219e+01
2.986140060424804688e+01
2.912125396728515625e+01
3.028202629089355469e+01
3.046137619018554688e+01
3.085663414001464844e+01
2.988755798339843750e+01
2.890988922119140625e+01
2.863791275024414062e+01
2.928314399719238281e+01
3.029541778564453125e+01
3.073139762878417969e+01
3.095580482482910156e+01
2.992905807495117188e+01
2.920587348937988281e+01
2.851202583312988281e+01
2.909403610229492188e+01
2.860800170898437500e+01
2.930466651916503906e+01
2.979278373718261719e+01
3.095046806335449219e+01
2.990091514587402344e+01
2.889397811889648438e+01
2.855017662048339844e+01
2.955444145202636719e+01
3.124037551879882812e+01
3.236650466918945312e+01
3.281198120117187500e+01
3.235830307006835938e+01
3.040990447998046875e+01
2.978096771240234375e+01
2.675903320312500000e+01
2.459978103637695312e+01
2.410545921325683594e+01
2.778351974487304688e+01
3.091399574279785156e+01
3.026516342163085938e+01
2.877930068969726562e+01
2.937638854980468750e+01
3.016908073425292969e+01
2.868743705749511719e+01
2.817780113220214844e+01
2.914436912536621094e+01
3.113381004333496094e+01
2.918558692932128906e+01
2.753484344482421875e+01
2.750613975524902344e+01
2.901226615905761719e+01
2.999584197998046875e+01
3.048734474182128906e+01
3.275296020507812500e+01
3.209763717651367188e+01
2.959593772888183594e+01
2.745142173767089844e+01
2.798710632324218750e+01
2.620023155212402344e+01
2.570060920715332031e+01
2.683141899108886719e+01
2.788303565979003906e+01
2.767125892639160156e+01
2.792970848083496094e+01
3.000037002563476562e+01
2.862126159667968750e+01
2.871448707580566406e+01
2.843671989440917969e+01
2.935541343688964844e+01
2.873908233642578125e+01
3.025247764587402344e+01
3.120998001098632812e+01
3.005276489257812500e+01
2.977435874938964844e+01
3.129825592041015625e+01
3.080273437500000000e+01
2.911654472351074219e+01
2.846958923339843750e+01
2.931081962585449219e+01
2.933753776550292969e+01
2.837331962585449219e+01
2.847875785827636719e+01
2.671272659301757812e+01
2.621251487731933594e+01
2.610394859313964844e+01
2.948003005981445312e+01
3.069229125976562500e+01
3.035988044738769531e+01
2.915096282958984375e+01
3.255365753173828125e+01
3.414573669433593750e+01
3.400668716430664062e+01
3.435167312622070312e+01
3.347325897216796875e+01
3.408607864379882812e+01
3.348303604125976562e+01
3.320014953613281250e+01
3.230366516113281250e+01
3.323322296142578125e+01
3.391938400268554688e+01
3.284360122680664062e+01
3.050601196289062500e+01
3.087623405456542969e+01
3.191629600524902344e+01
3.321947479248046875e+01
3.315704345703125000e+01
3.342466354370117188e+01
3.270126342773437500e+01
3.228967285156250000e+01
3.300708007812500000e+01
3.408502578735351562e+01
3.399681091308593750e+01
3.231718826293945312e+01
3.172283744812011719e+01
3.185290145874023438e+01
3.103222465515136719e+01
3.069807243347167969e+01
3.124367904663085938e+01
3.163501167297363281e+01
3.237590789794921875e+01
3.271390151977539062e+01
3.058901405334472656e+01
2.956797599792480469e+01
3.076161193847656250e+01
3.278152847290039062e+01
3.249081802368164062e+01
3.225315093994140625e+01
2.936446189880371094e+01
2.881534767150878906e+01
2.867683029174804688e+01
3.021579551696777344e+01
3.074764251708984375e+01
3.022223281860351562e+01
2.853902435302734375e+01
2.991491317749023438e+01
3.176313209533691406e+01
3.265760803222656250e+01
3.261327362060546875e+01
3.283010101318359375e+01
3.229364013671875000e+01
3.213513183593750000e+01
3.167315101623535156e+01
3.140759849548339844e+01
3.160314559936523438e+01
3.092894363403320312e+01
3.110594367980957031e+01
3.092575645446777344e+01
3.140386772155761719e+01
3.188817977905273438e+01
3.108794784545898438e+01
2.993689727783203125e+01
2.980820846557617188e+01
3.023564720153808594e+01
3.017161369323730469e+01
3.100518035888671875e+01
3.228274154663085938e+01
3.172050666809082031e+01
3.050483131408691406e+01
3.136890792846679688e+01
3.226948547363281250e+01
3.201329421997070312e+01
3.103188705444335938e+01
3.165616035461425781e+01
3.206663894653320312e+01
3.046727752685546875e+01
3.039296531677246094e+01
3.057697296142578125e+01
3.066408538818359375e+01
3.171225357055664062e+01
3.215685653686523438e+01
3.222718811035156250e+01
3.259433364868164062e+01
3.288862991333007812e+01
3.072792434692382812e+01
2.918402481079101562e+01
3.044071769714355469e+01
3.260739517211914062e+01
3.370260238647460938e+01
3.347747421264648438e+01
3.261649322509765625e+01
3.092625236511230469e+01
3.054648208618164062e+01
3.042028999328613281e+01
2.951821327209472656e+01
2.944943428039550781e+01
3.014093780517578125e+01
3.054221725463867188e+01
3.062672805786132812e+01
3.134730911254882812e+01
3.234358596801757812e+01
3.136821746826171875e+01
3.020614242553710938e+01
3.049102973937988281e+01
3.035580825805664062e+01
2.897399330139160156e+01
2.826684188842773438e+01
2.937491035461425781e+01
2.999981498718261719e+01
3.000198745727539062e+01
3.018208694458007812e+01
3.188165855407714844e+01
3.354640960693359375e+01
3.336869049072265625e+01
3.168954086303710938e+01
3.071089935302734375e+01
3.039282226562500000e+01
3.061982536315917969e+01
3.059312629699707031e+01
3.046770095825195312e+01
2.968192481994628906e+01
3.114696311950683594e+01
3.147299957275390625e+01
3.095664978027343750e+01
3.009100532531738281e+01
3.077563476562500000e+01
3.116963577270507812e+01
3.128540992736816406e+01
3.046240806579589844e+01
3.146390914916992188e+01
3.225784683227539062e+01
3.184641075134277344e+01
3.068029785156250000e+01
2.998706436157226562e+01
2.979586982727050781e+01
2.977653503417968750e+01
3.048270988464355469e+01
2.989471626281738281e+01
2.876247978210449219e+01
2.848778152465820312e+01
3.025285530090332031e+01
3.053776931762695312e+01
3.136674690246582031e+01
3.202823638916015625e+01
3.202073669433593750e+01
3.117818832397460938e+01
3.055532073974609375e+01
3.029751777648925781e+01
3.164981460571289062e+01
3.224284362792968750e+01
3.088946533203125000e+01
3.006210517883300781e+01
2.937169265747070312e+01
2.977541160583496094e+01
2.898624610900878906e+01
2.877555656433105469e+01
2.855247306823730469e+01
2.965016746520996094e+01
2.974540138244628906e+01
2.917841529846191406e+01
2.934760284423828125e+01
2.905088043212890625e+01
2.922564315795898438e+01
3.003324127197265625e+01
3.036116981506347656e+01
3.056206321716308594e+01
3.034855651855468750e+01
2.997949790954589844e+01
3.001634025573730469e+01
3.137993621826171875e+01
3.140223693847656250e+01
3.033469581604003906e+01
2.946488571166992188e+01
2.969513893127441406e+01
2.873109245300292969e+01
2.897524452209472656e+01
2.983208656311035156e+01
3.121782875061035156e+01
3.129109001159667969e+01
3.072361373901367188e+01
2.944478797912597656e+01
2.897859382629394531e+01
2.963884544372558594e+01
3.043338775634765625e+01
3.027588081359863281e+01
2.974000549316406250e+01
2.957340812683105469e+01
2.973273277282714844e+01
2.887633895874023438e+01
2.924783897399902344e+01
3.020818138122558594e+01
3.041683197021484375e+01
2.970746421813964844e+01
2.951673889160156250e+01
3.059234237670898438e+01
3.006250190734863281e+01
2.958395767211914062e+01
2.882223510742187500e+01
2.938951683044433594e+01
2.992700958251953125e+01
3.029928016662597656e+01
3.023905754089355469e+01
2.997638320922851562e+01
2.957511711120605469e+01
2.970510673522949219e+01
3.071085166931152344e+01
3.113897895812988281e+01
3.061224174499511719e+01
2.975475883483886719e+01
3.058045005798339844e+01
3.148534202575683594e+01
3.064693260192871094e+01
3.023015975952148438e+01
2.892116737365722656e+01
2.909551620483398438e+01
2.888182258605957031e+01
3.067695617675781250e+01
3.070245552062988281e+01
3.042924499511718750e+01
3.107364082336425781e+01
3.121157836914062500e+01
2.991189575195312500e+01
2.884162902832031250e+01
2.874442291259765625e+01
2.859968376159667969e+01
2.887370681762695312e+01
2.954626464843750000e+01
3.010923767089843750e+01
3.020845603942871094e+01
2.977412033081054688e+01
2.959375572204589844e+01
2.959541511535644531e+01
2.962861633300781250e+01
2.912942695617675781e+01
2.976858901977539062e+01
3.009446716308593750e+01
2.994054031372070312e+01
2.962425613403320312e+01
2.933116340637207031e+01
2.920124816894531250e+01
2.995341682434082031e+01
2.998606491088867188e+01
2.985324287414550781e+01
3.066345405578613281e+01
3.042227363586425781e+01
2.933830451965332031e+01
2.864093399047851562e+01
2.886936187744140625e+01
2.851465034484863281e+01
2.874600028991699219e+01
2.970590782165527344e+01
3.034652900695800781e+01
3.035353279113769531e+01
2.929096603393554688e+01
2.853121948242187500e+01
2.842569160461425781e+01
2.858176994323730469e+01
2.869069480895996094e+01
2.901483535766601562e+01
2.881840705871582031e+01
2.812471580505371094e+01
2.929668235778808594e+01
2.974123764038085938e+01
2.958816909790039062e+01
2.930132484436035156e+01
2.905750465393066406e+01
2.833865547180175781e+01
2.859797096252441406e+01
2.825273513793945312e+01
2.859081459045410156e+01
2.970496749877929688e+01
2.951477622985839844e+01
2.967094612121582031e+01
2.931748199462890625e+01
2.962547874450683594e+01
3.016265106201171875e+01
3.009671974182128906e+01
2.946169662475585938e+01
2.945294380187988281e+01
3.041951179504394531e+01
3.085250663757324219e+01
3.015526199340820312e+01
3.037848663330078125e+01
2.988831901550292969e+01
2.913086700439453125e+01
2.956134033203125000e+01
2.954919433593750000e+01
2.992314147949218750e+01
3.064314079284667969e+01
3.143873977661132812e+01
3.110272216796875000e+01
3.124583244323730469e+01
3.025987815856933594e+01
2.981621360778808594e+01
2.993817520141601562e+01
3.019528770446777344e+01
3.022059631347656250e+01
2.967378234863281250e+01
2.857345390319824219e+01
2.891306877136230469e+01
2.984757041931152344e+01
2.833570289611816406e+01
2.765133094787597656e+01
2.867718505859375000e+01
2.995200920104980469e+01
3.055487442016601562e+01
3.101990699768066406e+01
3.054891967773437500e+01
2.828837966918945312e+01
2.762983703613281250e+01
2.845170783996582031e+01
2.833631896972656250e+01
2.762516021728515625e+01
2.786296653747558594e+01
2.877936172485351562e+01
2.899509239196777344e+01
2.906510353088378906e+01
2.941134834289550781e+01
2.908831977844238281e+01
2.947906494140625000e+01
2.926812171936035156e+01
2.820825767517089844e+01
2.834979057312011719e+01
2.851062393188476562e+01
2.824197578430175781e+01
2.876910591125488281e+01
2.896940040588378906e+01
2.916401672363281250e+01
2.838181114196777344e+01
2.815314483642578125e+01
2.892303657531738281e+01
2.821256637573242188e+01
2.757518577575683594e+01
2.786735916137695312e+01
2.845282554626464844e+01
2.823480224609375000e+01
2.886900901794433594e+01
2.896347618103027344e+01
2.904917526245117188e+01
2.928054618835449219e+01
2.878201293945312500e+01
2.935416603088378906e+01
2.938527679443359375e+01
2.872270774841308594e+01
2.862019348144531250e+01
2.906299591064453125e+01
2.873553276062011719e+01
2.801335334777832031e+01
2.738350677490234375e+01
2.688594055175781250e+01
2.787873268127441406e+01
2.828009414672851562e+01
2.828543853759765625e+01
2.772236442565917969e+01
2.657283020019531250e+01
2.767347717285156250e+01
2.857412719726562500e+01
2.876811027526855469e+01
2.875367736816406250e+01
2.948810386657714844e+01
2.894979286193847656e+01
2.846461677551269531e+01
2.848886108398437500e+01
2.938814735412597656e+01
2.954592132568359375e+01
2.923311805725097656e+01
2.905824661254882812e+01
2.978882408142089844e+01
3.032801818847656250e+01
2.986862945556640625e+01
2.862971305847167969e+01
2.874411201477050781e+01
2.985827445983886719e+01
2.921992874145507812e+01
2.866190338134765625e+01
2.867069625854492188e+01
2.920731544494628906e+01
2.895465278625488281e+01
2.935046386718750000e+01
2.822808265686035156e+01
2.856667137145996094e+01
2.863000488281250000e+01
2.751640892028808594e+01
2.726071357727050781e+01
2.635425758361816406e+01
2.803425598144531250e+01
2.979013252258300781e+01
3.069835662841796875e+01
3.104217720031738281e+01
3.182729911804199219e+01
3.198154449462890625e+01
2.942427635192871094e+01
2.775541305541992188e+01
2.689648056030273438e+01
2.855733108520507812e+01
3.012348365783691406e+01
2.967398452758789062e+01
2.830302238464355469e+01
2.829984474182128906e+01
2.722370910644531250e+01
2.756093597412109375e+01
2.902924728393554688e+01
2.927879333496093750e+01
2.948156547546386719e+01
2.912069320678710938e+01
2.796710014343261719e+01
2.795050621032714844e+01
2.667831611633300781e+01
2.761954307556152344e+01
2.800605392456054688e+01
2.729879379272460938e+01
2.645318603515625000e+01
2.793086433410644531e+01
2.874334526062011719e+01
2.903001403808593750e+01
2.805445289611816406e+01
2.758589553833007812e+01
2.792655372619628906e+01
2.860787200927734375e+01
2.986078643798828125e+01
2.950362396240234375e+01
2.942868614196777344e+01
2.879679679870605469e+01
2.722400856018066406e+01
2.725808906555175781e+01
2.747429847717285156e+01
2.757328796386718750e+01
2.768162155151367188e+01
2.803564643859863281e+01
2.788216781616210938e+01
2.693586540222167969e+01
2.592614173889160156e+01
2.502317810058593750e+01
2.519216728210449219e+01
2.660063362121582031e+01
2.778312873840332031e+01
2.778411674499511719e+01
2.859516525268554688e+01
2.919588279724121094e+01
2.953806877136230469e+01
2.850553131103515625e+01
2.885121154785156250e+01
2.852688980102539062e+01
2.721125221252441406e+01
2.743722915649414062e+01
2.787089347839355469e+01
2.795389366149902344e+01
2.699732971191406250e+01
2.647774314880371094e+01
2.733157730102539062e+01
2.854013442993164062e+01
2.877942276000976562e+01
2.797613334655761719e+01
2.789409255981445312e+01
2.788985633850097656e+01
2.839455795288085938e+01
2.991238403320312500e+01
2.907610511779785156e+01
2.825130081176757812e+01
2.926286506652832031e+01
2.928564834594726562e+01
2.933133697509765625e+01
2.913714981079101562e+01
2.848309516906738281e+01
2.857872390747070312e+01
2.845527458190917969e+01
2.880552673339843750e+01
2.890924835205078125e+01
2.967515754699707031e+01
2.829163551330566406e+01
2.797352981567382812e+01
2.843313026428222656e+01
2.830546569824218750e+01
2.832931709289550781e+01
2.861321258544921875e+01
2.797974205017089844e+01
2.892180061340332031e+01
2.979147338867187500e+01
2.925530242919921875e+01
2.908641815185546875e+01
2.749413299560546875e+01
2.744490242004394531e+01
2.775304031372070312e+01
2.858666038513183594e+01
3.073239135742187500e+01
2.994706726074218750e+01
2.810957336425781250e+01
2.807831001281738281e+01
2.811119842529296875e+01
2.844719314575195312e+01
2.805470275878906250e+01
2.662528991699218750e+01
2.663703918457031250e+01
2.695651245117187500e+01
2.670474815368652344e+01
2.665419960021972656e+01
2.733922576904296875e+01
2.764342880249023438e+01
2.850302124023437500e+01
2.799129104614257812e+01
2.706628417968750000e+01
2.750292205810546875e+01
2.797330093383789062e+01
2.698725891113281250e+01
2.664913368225097656e+01
2.651514625549316406e+01
2.678570556640625000e+01
2.769620323181152344e+01
2.802943611145019531e+01
2.790120697021484375e+01
2.694260597229003906e+01
2.730569648742675781e+01
2.807413482666015625e+01
2.815396499633789062e+01
2.723881721496582031e+01
2.617612075805664062e+01
2.602789115905761719e+01
2.662919807434082031e+01
2.795212364196777344e+01
2.907350540161132812e+01
2.916766738891601562e+01
2.803144073486328125e+01
2.798540115356445312e+01
2.895850181579589844e+01
2.897797393798828125e+01
2.742409133911132812e+01
2.623983955383300781e+01
2.599342346191406250e+01
2.658031845092773438e+01
2.690121078491210938e+01
2.552206611633300781e+01
2.517729759216308594e+01
2.670699501037597656e+01
2.803408813476562500e+01
2.722603225708007812e+01
2.668667793273925781e+01
2.744782638549804688e+01
2.731560897827148438e+01
2.645809745788574219e+01
2.629291725158691406e+01
2.630523872375488281e+01
2.676717948913574219e+01
2.731386566162109375e+01
2.720392036437988281e+01
2.643752098083496094e+01
2.563637542724609375e+01
2.517397499084472656e+01
2.494854545593261719e+01
2.497367477416992188e+01
2.441875648498535156e+01
2.365129280090332031e+01
2.466562652587890625e+01
2.584886360168457031e+01
2.807094383239746094e+01
2.848362731933593750e+01
2.763504981994628906e+01
2.774609184265136719e+01
2.766558837890625000e+01
2.669409561157226562e+01
2.608706665039062500e+01
2.561150550842285156e+01
2.585881042480468750e+01
2.599395942687988281e+01
2.672257804870605469e+01
2.655419731140136719e+01
2.665241241455078125e+01
2.770391845703125000e+01
2.769973945617675781e+01
2.688659858703613281e+01
2.663236808776855469e+01
2.621921157836914062e+01
2.689850234985351562e+01
2.768560409545898438e+01
2.734553527832031250e+01
2.759792518615722656e+01
2.783155822753906250e+01
2.647633743286132812e+01
2.611132621765136719e+01
2.685166358947753906e+01
2.843339538574218750e+01
2.960108566284179688e+01
2.879530334472656250e+01
2.813956642150878906e+01
2.778563308715820312e+01
2.664418983459472656e+01
2.630635261535644531e+01
2.686139297485351562e+01
2.680025100708007812e+01
2.561818504333496094e+01
2.527457618713378906e+01
2.566287231445312500e+01
2.586070060729980469e+01
2.550134658813476562e+01
2.553114318847656250e+01
2.597042083740234375e+01
2.589998054504394531e+01
2.551710319519042969e+01
2.545745468139648438e+01
2.624018859863281250e+01
2.636841583251953125e+01
2.589682960510253906e+01
2.564389610290527344e+01
2.584947776794433594e+01
2.756243896484375000e+01
2.856588935852050781e+01
2.837807083129882812e+01
2.688321113586425781e+01
2.630925559997558594e+01
2.700582122802734375e+01
2.777926635742187500e+01
2.750998306274414062e+01
2.693292427062988281e+01
2.613851165771484375e+01
2.616115951538085938e+01
2.688765144348144531e+01
2.638293075561523438e+01
2.574879074096679688e+01
2.705481529235839844e+01
2.771037292480468750e+01
2.706662368774414062e+01
2.657409858703613281e+01
2.648255348205566406e+01
2.538212013244628906e+01
2.507000923156738281e+01
2.575027465820312500e+01
2.504370880126953125e+01
2.498268127441406250e+01
2.521447944641113281e+01
2.418395996093750000e+01
2.439243507385253906e+01
2.617406463623046875e+01
2.766658401489257812e+01
2.731387138366699219e+01
2.661671447753906250e+01
2.473068237304687500e+01
2.425528526306152344e+01
2.593911170959472656e+01
2.660359382629394531e+01
2.588714981079101562e+01
2.615870285034179688e+01
2.669981384277343750e+01
2.569409942626953125e+01
2.620186424255371094e+01
2.668843269348144531e+01
2.712430381774902344e+01
2.713986206054687500e+01
2.630673980712890625e+01
2.670360374450683594e+01
2.755471229553222656e+01
2.797416687011718750e+01
2.857849311828613281e+01
2.886246299743652344e+01
2.745419120788574219e+01
2.581316757202148438e+01
2.533345603942871094e+01
2.483894729614257812e+01
2.521807289123535156e+01
2.601633644104003906e+01
2.632689857482910156e+01
2.606176567077636719e+01
2.603617477416992188e+01
2.605092620849609375e+01
2.621821403503417969e+01
2.550067138671875000e+01
2.450206375122070312e+01
2.484349250793457031e+01
2.656409454345703125e+01
2.650960540771484375e+01
2.648114585876464844e+01
2.703596496582031250e+01
2.609506988525390625e+01
2.538395500183105469e+01
2.653545188903808594e+01
2.709312057495117188e+01
2.681587219238281250e+01
2.597817993164062500e+01
2.356225013732910156e+01
2.349165153503417969e+01
2.553750801086425781e+01
2.702935981750488281e+01
2.675946807861328125e+01
2.519168281555175781e+01
2.420690345764160156e+01
2.341170120239257812e+01
2.387929534912109375e+01
2.583684921264648438e+01
2.558997535705566406e+01
2.535936355590820312e+01
2.576800346374511719e+01
2.388046073913574219e+01
2.256148529052734375e+01
2.386342430114746094e+01
2.448376083374023438e+01
2.467845726013183594e+01
2.497924804687500000e+01
2.527568054199218750e+01
2.602525711059570312e+01
2.716909599304199219e+01
2.686415100097656250e+01
2.569286346435546875e+01
2.524321937561035156e+01
2.565179061889648438e+01
2.541054153442382812e+01
2.464536857604980469e+01
2.463059043884277344e+01
2.505157661437988281e+01
2.594052314758300781e+01
2.704115867614746094e+01
2.670020675659179688e+01
2.598650550842285156e+01
2.683497428894042969e+01
2.598925399780273438e+01
2.597289657592773438e+01
2.685963821411132812e+01
2.533151245117187500e+01
2.568534851074218750e+01
2.616229438781738281e+01
2.511651229858398438e+01
2.442933845520019531e+01
2.570359992980957031e+01
2.634958076477050781e+01
2.655421447753906250e+01
2.740793037414550781e+01
2.727145004272460938e+01
2.681325721740722656e+01
2.562692260742187500e+01
2.619300270080566406e+01
2.762238121032714844e+01
2.668615341186523438e+01
2.584950637817382812e+01
2.562400627136230469e+01
2.478555107116699219e+01
2.449559974670410156e+01
2.478058815002441406e+01
2.539212036132812500e+01
2.540892028808593750e+01
2.478819847106933594e+01
2.580234718322753906e+01
2.734191513061523438e+01
2.747355079650878906e+01
2.681727218627929688e+01
2.683546638488769531e+01
2.691909217834472656e+01
2.705900955200195312e+01
2.734642982482910156e+01
2.639832305908203125e+01
2.622105789184570312e+01
2.634744262695312500e+01
2.688391876220703125e+01
2.775820922851562500e+01
2.720843315124511719e+01
2.584585380554199219e+01
2.479574775695800781e+01
2.447394943237304688e+01
2.493386650085449219e+01
2.392722320556640625e+01
2.319944000244140625e+01
2.517570686340332031e+01
2.652927398681640625e+01
2.632176399230957031e+01
2.495824432373046875e+01
2.270405960083007812e+01
2.324435043334960938e+01
2.330300903320312500e+01
2.356002998352050781e+01
2.566765594482421875e+01
2.632961273193359375e+01
2.699583053588867188e+01
2.774491119384765625e+01
2.670862770080566406e+01
2.549968338012695312e+01
2.538714981079101562e+01
2.666799354553222656e+01
2.737522888183593750e+01
2.632261657714843750e+01
2.519502067565917969e+01
2.461721038818359375e+01
2.521891021728515625e+01
2.533071899414062500e+01
2.487389945983886719e+01
2.346697425842285156e+01
2.306369018554687500e+01
2.415183639526367188e+01
2.458735656738281250e+01
2.439473533630371094e+01
2.511424064636230469e+01
2.555892753601074219e+01
2.434382438659667969e+01
2.542737388610839844e+01
2.666113853454589844e+01
2.544571495056152344e+01
2.441728973388671875e+01
2.597191810607910156e+01
2.573151016235351562e+01
2.423832702636718750e+01
2.447911643981933594e+01
2.483566474914550781e+01
2.536601257324218750e+01
2.633630943298339844e+01
2.422314834594726562e+01
2.344227981567382812e+01
2.680024337768554688e+01
2.731974792480468750e+01
2.714660453796386719e+01
2.565645790100097656e+01
2.615906143188476562e+01
2.835053253173828125e+01
2.682854461669921875e+01
2.433766937255859375e+01
2.521677017211914062e+01
2.643640708923339844e+01
2.531451225280761719e+01
2.385910797119140625e+01
2.484935760498046875e+01
2.550246047973632812e+01
2.540512466430664062e+01
2.458861923217773438e+01
2.649519729614257812e+01
2.580292510986328125e+01
2.034234428405761719e+01
2.199279212951660156e+01
2.443725395202636719e+01
2.536969757080078125e+01
2.595790481567382812e+01
2.554654312133789062e+01
2.349472045898437500e+01
2.369833946228027344e+01
2.617174339294433594e+01
2.412722206115722656e+01
2.121741485595703125e+01
2.174171447753906250e+01
2.454793930053710938e+01
2.459877395629882812e+01
2.283206558227539062e+01
1.936787605285644531e+01
1.817979240417480469e+01
2.309929084777832031e+01
2.501775360107421875e+01
2.391216850280761719e+01
2.107664871215820312e+01
1.905980110168457031e+01
1.821702766418457031e+01
2.250297164916992188e+01
3.425230789184570312e+01
3.619710159301757812e+01
3.505909347534179688e+01
4.439269256591796875e+01
4.136143875122070312e+01
2.880484008789062500e+01
2.343101310729980469e+01
1.731973838806152344e+01
3.236218261718750000e+01
3.975010299682617188e+01
2.909080886840820312e+01
3.890443801879882812e+01
4.770744323730468750e+01
3.914055633544921875e+01
3.384761810302734375e+01
1.979800415039062500e+01
1.155210685729980469e+01
1.119362449645996094e+01
4.189071178436279297e+00
1.335498332977294922e+01
3.311994934082031250e+01
6.651702117919921875e+01
7.652515411376953125e+01
5.809083938598632812e+01
1.169985198974609375e+02
nan
nan
