nan
nan
nan
nan
nan
nan
nan
nan
nan
nan
nan
nan
nan
nan
nan
nan
nan
nan
nan
nan
nan
nan
nan
1.172595977783203125e+01
1.135122966766357422e+01
1.470789241790771484e+01
1.340170383453369141e+01
1.334704303741455078e+01
1.179639530181884766e+01
1.155802822113037109e+01
2.821553421020507812e+01
4.755701828002929688e+01
5.122380447387695312e+01
4.862410736083984375e+01
3.735123825073242188e+01
1.817055511474609375e+01
1.667138862609863281e+01
1.805304718017578125e+01
1.831505775451660156e+01
1.608914756774902344e+01
1.449619102478027344e+01
1.328493881225585938e+01
1.279197025299072266e+01
1.354359817504882812e+01
1.418303966522216797e+01
1.522000122070312500e+01
1.440984439849853516e+01
1.327606296539306641e+01
1.270933723449707031e+01
1.284183979034423828e+01
1.161604213714599609e+01
1.202976989746093750e+01
1.306999778747558594e+01
1.463070106506347656e+01
1.374800395965576172e+01
1.156287097930908203e+01
1.037519264221191406e+01
1.266693115234375000e+01
1.409421539306640625e+01
1.441075706481933594e+01
1.455362224578857422e+01
1.429473876953125000e+01
1.380474185943603516e+01
1.343062305450439453e+01
1.337645435333251953e+01
1.220430374145507812e+01
1.250257778167724609e+01
1.332013225555419922e+01
1.407249927520751953e+01
1.579728698730468750e+01
1.583325290679931641e+01
1.507681274414062500e+01
1.401206779479980469e+01
1.490234375000000000e+01
1.481960010528564453e+01
1.383837318420410156e+01
1.569312667846679688e+01
1.607715225219726562e+01
1.558980751037597656e+01
1.487763595581054688e+01
1.454471302032470703e+01
1.475900363922119141e+01
1.576917076110839844e+01
1.596958446502685547e+01
1.526999092102050781e+01
1.568768024444580078e+01
1.523776626586914062e+01
1.425773143768310547e+01
1.384495830535888672e+01
1.545300674438476562e+01
1.611849594116210938e+01
1.531218147277832031e+01
1.491190433502197266e+01
1.484422111511230469e+01
1.563883495330810547e+01
1.591202831268310547e+01
1.564358329772949219e+01
1.508931922912597656e+01
1.457431030273437500e+01
1.464598560333251953e+01
1.547033309936523438e+01
1.587791728973388672e+01
1.656002616882324219e+01
1.618672370910644531e+01
1.523923683166503906e+01
1.499152278900146484e+01
1.566302490234375000e+01
1.577824306488037109e+01
1.575874805450439453e+01
1.551113319396972656e+01
1.680647087097167969e+01
1.956769752502441406e+01
1.998781394958496094e+01
1.797222709655761719e+01
1.626626396179199219e+01
1.518606758117675781e+01
1.471947383880615234e+01
1.550599670410156250e+01
1.522276020050048828e+01
1.460578155517578125e+01
1.445166397094726562e+01
1.566881084442138672e+01
1.677766036987304688e+01
1.868534469604492188e+01
1.882257270812988281e+01
1.627741432189941406e+01
1.578929805755615234e+01
1.592707347869873047e+01
1.740211296081542969e+01
1.627054405212402344e+01
1.503080558776855469e+01
1.603555107116699219e+01
1.684053802490234375e+01
1.771049499511718750e+01
1.696711158752441406e+01
1.559992027282714844e+01
1.478335380554199219e+01
1.571240997314453125e+01
1.605627441406250000e+01
1.503196907043457031e+01
1.445117473602294922e+01
1.461347770690917969e+01
1.574120903015136719e+01
1.600322723388671875e+01
1.611306953430175781e+01
1.632292747497558594e+01
1.703978538513183594e+01
1.617140960693359375e+01
1.568196964263916016e+01
1.507780551910400391e+01
1.496779632568359375e+01
1.458083248138427734e+01
1.488807582855224609e+01
1.527949047088623047e+01
1.556679821014404297e+01
1.521527671813964844e+01
1.486569213867187500e+01
1.507734775543212891e+01
1.567053222656250000e+01
1.559999179840087891e+01
1.612860870361328125e+01
1.566210365295410156e+01
1.467040824890136719e+01
1.417305088043212891e+01
1.437662887573242188e+01
1.456385040283203125e+01
1.529943943023681641e+01
1.573370361328125000e+01
1.612829208374023438e+01
1.628586769104003906e+01
1.682976341247558594e+01
1.656261634826660156e+01
1.516854763031005859e+01
1.451978397369384766e+01
1.516797447204589844e+01
1.520785713195800781e+01
1.378036594390869141e+01
1.453259181976318359e+01
1.464358615875244141e+01
1.490860176086425781e+01
1.483517742156982422e+01
1.509887123107910156e+01
1.539270687103271484e+01
1.583958530426025391e+01
1.683092308044433594e+01
1.740482902526855469e+01
1.677830505371093750e+01
1.565959358215332031e+01
1.520400619506835938e+01
1.491444873809814453e+01
1.530974292755126953e+01
1.469995212554931641e+01
1.425967979431152344e+01
1.503834533691406250e+01
1.544084453582763672e+01
1.537163925170898438e+01
1.515968990325927734e+01
1.605690765380859375e+01
1.652208709716796875e+01
1.665654373168945312e+01
1.544438743591308594e+01
1.534881305694580078e+01
1.653221511840820312e+01
1.735544204711914062e+01
1.701666259765625000e+01
1.703621101379394531e+01
1.613199234008789062e+01
1.575013256072998047e+01
1.538629531860351562e+01
1.509613895416259766e+01
1.515135002136230469e+01
1.601843070983886719e+01
1.638049316406250000e+01
1.571514320373535156e+01
1.623241233825683594e+01
1.648532485961914062e+01
1.624282455444335938e+01
1.546366977691650391e+01
1.594161224365234375e+01
1.587950897216796875e+01
1.510419368743896484e+01
1.545006847381591797e+01
1.712471961975097656e+01
1.724208831787109375e+01
1.683876800537109375e+01
1.614374542236328125e+01
1.678200531005859375e+01
1.623436737060546875e+01
1.651324844360351562e+01
1.610664367675781250e+01
1.628395652770996094e+01
1.535286331176757812e+01
1.458402633666992188e+01
1.399618625640869141e+01
1.396714115142822266e+01
1.556731510162353516e+01
1.680122184753417969e+01
1.626230812072753906e+01
1.568841743469238281e+01
1.574174022674560547e+01
1.577453422546386719e+01
1.522062110900878906e+01
1.480664730072021484e+01
1.496079349517822266e+01
1.567409229278564453e+01
1.630181121826171875e+01
1.583432579040527344e+01
1.495486164093017578e+01
1.410452461242675781e+01
1.417946052551269531e+01
1.465586853027343750e+01
1.535543537139892578e+01
1.546898746490478516e+01
1.570449638366699219e+01
1.597734546661376953e+01
1.646788597106933594e+01
1.587674140930175781e+01
1.459414482116699219e+01
1.403082752227783203e+01
1.459657382965087891e+01
1.427741718292236328e+01
1.437032318115234375e+01
1.442507743835449219e+01
1.517520904541015625e+01
1.544700050354003906e+01
1.529237937927246094e+01
1.483267784118652344e+01
1.550035476684570312e+01
1.553841495513916016e+01
1.466498565673828125e+01
1.420755767822265625e+01
1.423159027099609375e+01
1.375191116333007812e+01
1.301431655883789062e+01
1.319430065155029297e+01
1.388176822662353516e+01
1.452520370483398438e+01
1.454576110839843750e+01
1.358313560485839844e+01
1.281326389312744141e+01
1.254275798797607422e+01
1.269542312622070312e+01
1.321720123291015625e+01
1.329584121704101562e+01
1.362533378601074219e+01
1.389661693572998047e+01
1.461135959625244141e+01
1.423572063446044922e+01
1.371413421630859375e+01
1.356438827514648438e+01
1.340737056732177734e+01
1.421067810058593750e+01
1.436855792999267578e+01
1.386357307434082031e+01
1.300265312194824219e+01
1.301757431030273438e+01
1.383396339416503906e+01
1.425384807586669922e+01
1.478983974456787109e+01
1.466520309448242188e+01
1.463099384307861328e+01
1.398219585418701172e+01
1.461022949218750000e+01
1.383806991577148438e+01
1.359721755981445312e+01
1.320816993713378906e+01
1.286463451385498047e+01
1.145702743530273438e+01
1.167841529846191406e+01
1.246004867553710938e+01
1.268562126159667969e+01
1.309094333648681641e+01
1.268843269348144531e+01
1.213542270660400391e+01
1.221714973449707031e+01
1.305806827545166016e+01
1.313056564331054688e+01
1.292051029205322266e+01
1.189278793334960938e+01
1.237555694580078125e+01
1.308268260955810547e+01
1.219161987304687500e+01
1.165548419952392578e+01
1.205531501770019531e+01
1.274610233306884766e+01
1.257271099090576172e+01
1.274918079376220703e+01
1.351616859436035156e+01
1.340481662750244141e+01
1.345955848693847656e+01
1.258796501159667969e+01
1.228327274322509766e+01
1.260944938659667969e+01
1.244410228729248047e+01
1.185976696014404297e+01
1.203290557861328125e+01
1.158899593353271484e+01
1.133559799194335938e+01
1.068091678619384766e+01
1.142542362213134766e+01
1.266897869110107422e+01
1.301901912689208984e+01
1.246471309661865234e+01
1.189758205413818359e+01
1.227319908142089844e+01
1.320774841308593750e+01
1.265693187713623047e+01
1.181571006774902344e+01
1.166230964660644531e+01
1.158468437194824219e+01
1.156230449676513672e+01
1.184120273590087891e+01
1.225928115844726562e+01
1.231183242797851562e+01
1.224191284179687500e+01
1.173985099792480469e+01
1.136008548736572266e+01
1.208913326263427734e+01
1.276647281646728516e+01
1.225728225708007812e+01
1.215731239318847656e+01
1.201308822631835938e+01
1.186620807647705078e+01
1.138393592834472656e+01
1.095729637145996094e+01
1.121297645568847656e+01
1.178202342987060547e+01
1.249534702301025391e+01
1.246385669708251953e+01
1.237519359588623047e+01
1.261201763153076172e+01
1.244729137420654297e+01
1.208633804321289062e+01
1.157933139801025391e+01
1.208859825134277344e+01
1.279466724395751953e+01
1.261424541473388672e+01
1.183681201934814453e+01
1.118559169769287109e+01
1.138437080383300781e+01
1.168022155761718750e+01
1.125620746612548828e+01
1.077732563018798828e+01
1.089396476745605469e+01
1.079499244689941406e+01
1.128459835052490234e+01
1.150976467132568359e+01
1.174316978454589844e+01
1.149355316162109375e+01
1.158176612854003906e+01
1.245980644226074219e+01
1.282140827178955078e+01
1.249012088775634766e+01
1.197108650207519531e+01
1.197390365600585938e+01
1.165538787841796875e+01
1.152910232543945312e+01
1.221055221557617188e+01
1.284607124328613281e+01
1.242600250244140625e+01
1.217273330688476562e+01
1.235852336883544922e+01
1.238597774505615234e+01
1.253540992736816406e+01
1.237456226348876953e+01
1.198709487915039062e+01
1.172890949249267578e+01
1.160592937469482422e+01
1.159557056427001953e+01
1.157277679443359375e+01
1.216509246826171875e+01
1.215627479553222656e+01
1.171351051330566406e+01
1.138082122802734375e+01
1.143256187438964844e+01
1.061384963989257812e+01
1.031558990478515625e+01
1.043490314483642578e+01
1.113025569915771484e+01
1.087179470062255859e+01
1.071687221527099609e+01
1.136836338043212891e+01
1.157090663909912109e+01
1.140534400939941406e+01
1.129999256134033203e+01
1.092659282684326172e+01
1.043025398254394531e+01
1.019303894042968750e+01
1.087873649597167969e+01
1.098730182647705078e+01
1.107297611236572266e+01
1.139647865295410156e+01
1.122088909149169922e+01
1.130155372619628906e+01
1.160886764526367188e+01
1.137936973571777344e+01
1.117613697052001953e+01
1.130417728424072266e+01
1.191718196868896484e+01
1.186733436584472656e+01
1.165908622741699219e+01
1.151105880737304688e+01
1.135641860961914062e+01
1.111406803131103516e+01
1.163055133819580078e+01
1.207176399230957031e+01
1.212898445129394531e+01
1.256803226470947266e+01
1.296526908874511719e+01
1.290748977661132812e+01
1.186810398101806641e+01
1.095474338531494141e+01
1.062961292266845703e+01
1.100410366058349609e+01
1.127126789093017578e+01
1.124544334411621094e+01
1.169206809997558594e+01
1.183528327941894531e+01
1.153012561798095703e+01
1.109728050231933594e+01
1.107942771911621094e+01
1.098260211944580078e+01
1.119365215301513672e+01
1.160203170776367188e+01
1.188332748413085938e+01
1.210012626647949219e+01
1.181741905212402344e+01
1.142244720458984375e+01
1.133291721343994141e+01
1.120015716552734375e+01
1.222232723236083984e+01
1.263540458679199219e+01
1.268539810180664062e+01
1.215858745574951172e+01
1.165425682067871094e+01
1.157282829284667969e+01
1.227663993835449219e+01
1.238883399963378906e+01
1.243537139892578125e+01
1.233071804046630859e+01
1.222500228881835938e+01
1.177046489715576172e+01
1.201411819458007812e+01
1.287480068206787109e+01
1.340678691864013672e+01
1.323434543609619141e+01
1.289669227600097656e+01
1.248184680938720703e+01
1.216762924194335938e+01
1.173227882385253906e+01
1.205543231964111328e+01
1.207368850708007812e+01
1.149733448028564453e+01
1.083507156372070312e+01
1.162121582031250000e+01
1.211371707916259766e+01
1.192031383514404297e+01
1.146963787078857422e+01
1.206979084014892578e+01
1.368077659606933594e+01
1.385614395141601562e+01
1.306719779968261719e+01
1.292259407043457031e+01
1.376823329925537109e+01
1.398567676544189453e+01
1.284378242492675781e+01
1.253771018981933594e+01
1.289646816253662109e+01
1.303749847412109375e+01
1.243325805664062500e+01
1.212670803070068359e+01
1.249234580993652344e+01
1.296892738342285156e+01
1.282846546173095703e+01
1.304088687896728516e+01
1.310666847229003906e+01
1.323397731781005859e+01
1.287556076049804688e+01
1.241257095336914062e+01
1.209863471984863281e+01
1.237858009338378906e+01
1.218760013580322266e+01
1.238213729858398438e+01
1.214475917816162109e+01
1.276567935943603516e+01
1.276987743377685547e+01
1.296704101562500000e+01
1.243028545379638672e+01
1.237650299072265625e+01
1.215751361846923828e+01
1.246945095062255859e+01
1.292030334472656250e+01
1.265781593322753906e+01
1.226564598083496094e+01
1.242027664184570312e+01
1.253213405609130859e+01
1.299123573303222656e+01
1.364465808868408203e+01
1.442856407165527344e+01
1.465488243103027344e+01
1.439746952056884766e+01
1.407874393463134766e+01
1.398045635223388672e+01
1.361281394958496094e+01
1.300316905975341797e+01
1.312862110137939453e+01
1.343291568756103516e+01
1.318659591674804688e+01
1.337727069854736328e+01
1.378844070434570312e+01
1.347418117523193359e+01
1.298269367218017578e+01
1.363102531433105469e+01
1.380564117431640625e+01
1.255930805206298828e+01
1.268284416198730469e+01
1.338391494750976562e+01
1.380027675628662109e+01
1.407280063629150391e+01
1.462607955932617188e+01
1.511655426025390625e+01
1.490212059020996094e+01
1.465506553649902344e+01
1.392527770996093750e+01
1.372299766540527344e+01
1.367166805267333984e+01
1.366490554809570312e+01
1.397640991210937500e+01
1.384271812438964844e+01
1.327067375183105469e+01
1.308487510681152344e+01
1.361172103881835938e+01
1.388855838775634766e+01
1.380462837219238281e+01
1.336233329772949219e+01
1.315897941589355469e+01
1.281074810028076172e+01
1.272654533386230469e+01
1.272821426391601562e+01
1.304567241668701172e+01
1.309534549713134766e+01
1.329384422302246094e+01
1.363434982299804688e+01
1.362219047546386719e+01
1.304040622711181641e+01
1.290094661712646484e+01
1.300539588928222656e+01
1.349626922607421875e+01
1.352837276458740234e+01
1.325121498107910156e+01
1.335115432739257812e+01
1.311966419219970703e+01
1.310460090637207031e+01
1.333224582672119141e+01
1.399050903320312500e+01
1.423039436340332031e+01
1.434315681457519531e+01
1.474600982666015625e+01
1.514717483520507812e+01
1.503365516662597656e+01
1.469104385375976562e+01
1.413956260681152344e+01
1.375544071197509766e+01
1.387816143035888672e+01
1.375957965850830078e+01
1.355117321014404297e+01
1.303751277923583984e+01
1.336040878295898438e+01
1.331566715240478516e+01
1.340703964233398438e+01
1.324323749542236328e+01
1.405905723571777344e+01
1.441248989105224609e+01
1.442599201202392578e+01
1.434164905548095703e+01
1.417645072937011719e+01
1.434932708740234375e+01
1.446361541748046875e+01
1.440451335906982422e+01
1.424911499023437500e+01
1.391790294647216797e+01
1.406550216674804688e+01
1.414363384246826172e+01
1.411170864105224609e+01
1.384636688232421875e+01
1.370535659790039062e+01
1.323319911956787109e+01
1.321683216094970703e+01
1.329686927795410156e+01
1.398778915405273438e+01
1.351387786865234375e+01
1.294036865234375000e+01
1.249440383911132812e+01
1.288281726837158203e+01
1.368950748443603516e+01
1.411028289794921875e+01
1.354708385467529297e+01
1.324897575378417969e+01
1.386455345153808594e+01
1.437605762481689453e+01
1.436583900451660156e+01
1.399964523315429688e+01
1.320860385894775391e+01
1.306637573242187500e+01
1.371923637390136719e+01
1.400236892700195312e+01
1.406970310211181641e+01
1.406245899200439453e+01
1.404797935485839844e+01
1.341611289978027344e+01
1.304464912414550781e+01
1.298884391784667969e+01
1.322203445434570312e+01
1.330626678466796875e+01
1.329521083831787109e+01
1.362486553192138672e+01
1.339278507232666016e+01
1.303948497772216797e+01
1.268019104003906250e+01
1.306621742248535156e+01
1.300826549530029297e+01
1.282671165466308594e+01
1.258511638641357422e+01
1.272066497802734375e+01
1.308350086212158203e+01
1.377334403991699219e+01
1.352013874053955078e+01
1.294856929779052734e+01
1.262421321868896484e+01
1.309146499633789062e+01
1.356555652618408203e+01
1.354463386535644531e+01
1.342738914489746094e+01
1.299266433715820312e+01
1.253373527526855469e+01
1.234142017364501953e+01
1.222622394561767578e+01
1.235021209716796875e+01
1.256644821166992188e+01
1.295203304290771484e+01
1.292580509185791016e+01
1.284020423889160156e+01
1.299770927429199219e+01
1.334612846374511719e+01
1.302002048492431641e+01
1.243509960174560547e+01
1.215341567993164062e+01
1.200571632385253906e+01
1.230209445953369141e+01
1.227048587799072266e+01
1.228137397766113281e+01
1.261503982543945312e+01
1.322428703308105469e+01
1.398632812500000000e+01
1.403831291198730469e+01
1.368103981018066406e+01
1.313074684143066406e+01
1.270505237579345703e+01
1.225492668151855469e+01
1.164232063293457031e+01
1.141992378234863281e+01
1.193093967437744141e+01
1.254290580749511719e+01
1.252959728240966797e+01
1.288874721527099609e+01
1.312273979187011719e+01
1.285317230224609375e+01
1.233929157257080078e+01
1.234194660186767578e+01
1.288085174560546875e+01
1.333366012573242188e+01
1.302487277984619141e+01
1.259569740295410156e+01
1.245365428924560547e+01
1.249138927459716797e+01
1.220619678497314453e+01
1.265844345092773438e+01
1.273391723632812500e+01
1.209242630004882812e+01
1.153415298461914062e+01
1.145555496215820312e+01
1.178892230987548828e+01
1.222379970550537109e+01
1.255931472778320312e+01
1.227789974212646484e+01
1.259488677978515625e+01
1.240294837951660156e+01
1.337454509735107422e+01
1.364208412170410156e+01
1.283618259429931641e+01
1.182346439361572266e+01
1.186376476287841797e+01
1.208169555664062500e+01
1.235402011871337891e+01
1.253852939605712891e+01
1.273114490509033203e+01
1.266731834411621094e+01
1.282327842712402344e+01
1.254060077667236328e+01
1.209660339355468750e+01
1.178453159332275391e+01
1.228567600250244141e+01
1.297912216186523438e+01
1.294307708740234375e+01
1.222183799743652344e+01
1.188194847106933594e+01
1.186565303802490234e+01
1.180907535552978516e+01
1.183972072601318359e+01
1.147075653076171875e+01
1.161203289031982422e+01
1.190580654144287109e+01
1.239157772064208984e+01
1.204550457000732422e+01
1.193816757202148438e+01
1.155473995208740234e+01
1.168346309661865234e+01
1.154508209228515625e+01
1.135574340820312500e+01
1.189402675628662109e+01
1.263592910766601562e+01
1.271735000610351562e+01
1.276365184783935547e+01
1.250383567810058594e+01
1.284454536437988281e+01
1.251099681854248047e+01
1.188014411926269531e+01
1.120235729217529297e+01
1.163949108123779297e+01
1.194783210754394531e+01
1.194939327239990234e+01
1.145581245422363281e+01
1.172098731994628906e+01
1.175969696044921875e+01
1.169324684143066406e+01
1.163902282714843750e+01
1.196697044372558594e+01
1.224622154235839844e+01
1.245278072357177734e+01
1.225885105133056641e+01
1.201272869110107422e+01
1.224326801300048828e+01
1.215783309936523438e+01
1.275764274597167969e+01
1.236729812622070312e+01
1.189979839324951172e+01
1.124012184143066406e+01
1.171534919738769531e+01
1.203207206726074219e+01
1.225128650665283203e+01
1.222736644744873047e+01
1.214188861846923828e+01
1.209693908691406250e+01
1.180511951446533203e+01
1.162733745574951172e+01
1.145813846588134766e+01
1.132985305786132812e+01
1.080369281768798828e+01
1.056446456909179688e+01
1.063336467742919922e+01
1.131344699859619141e+01
1.159504032135009766e+01
1.124028778076171875e+01
1.108088016510009766e+01
1.155281066894531250e+01
1.149648571014404297e+01
1.095846271514892578e+01
1.095214366912841797e+01
1.114981937408447266e+01
1.101090049743652344e+01
1.087309074401855469e+01
1.151493549346923828e+01
1.195137500762939453e+01
1.171135997772216797e+01
1.133365345001220703e+01
1.080669212341308594e+01
1.091426372528076172e+01
1.083896350860595703e+01
1.084259223937988281e+01
1.061156654357910156e+01
1.024504280090332031e+01
1.035467910766601562e+01
1.074485206604003906e+01
1.134286689758300781e+01
1.110235881805419922e+01
1.068914985656738281e+01
9.873620033264160156e+00
9.764496803283691406e+00
1.013433551788330078e+01
1.082868576049804688e+01
1.063131809234619141e+01
1.002555274963378906e+01
9.876303672790527344e+00
1.028082847595214844e+01
1.057697868347167969e+01
1.091514110565185547e+01
1.091551399230957031e+01
1.055878925323486328e+01
1.077017879486083984e+01
1.098437881469726562e+01
1.130450534820556641e+01
1.109203815460205078e+01
1.047782802581787109e+01
1.000243377685546875e+01
1.001567077636718750e+01
1.040773200988769531e+01
1.104455661773681641e+01
1.091987514495849609e+01
1.071796989440917969e+01
1.058595466613769531e+01
1.037728977203369141e+01
1.063933849334716797e+01
1.063995265960693359e+01
1.023996925354003906e+01
1.028150081634521484e+01
1.063887500762939453e+01
1.067005348205566406e+01
9.980043411254882812e+00
9.924829483032226562e+00
1.020238018035888672e+01
1.087564945220947266e+01
1.101473712921142578e+01
1.079196834564208984e+01
9.973817825317382812e+00
9.746845245361328125e+00
9.778264045715332031e+00
9.658149719238281250e+00
9.610187530517578125e+00
9.769659042358398438e+00
1.002120494842529297e+01
1.017798233032226562e+01
1.031884193420410156e+01
1.007032299041748047e+01
9.653412818908691406e+00
9.738289833068847656e+00
9.819246292114257812e+00
9.621330261230468750e+00
9.753376960754394531e+00
9.830951690673828125e+00
9.672672271728515625e+00
9.647105216979980469e+00
9.574496269226074219e+00
9.784641265869140625e+00
1.036398983001708984e+01
1.062999629974365234e+01
1.030336856842041016e+01
9.883269309997558594e+00
9.951095581054687500e+00
9.546685218811035156e+00
9.861051559448242188e+00
1.058004856109619141e+01
1.093331146240234375e+01
1.060266780853271484e+01
1.003419399261474609e+01
1.016868591308593750e+01
1.047616958618164062e+01
1.080146980285644531e+01
1.047285175323486328e+01
9.698134422302246094e+00
9.138498306274414062e+00
9.541013717651367188e+00
9.947700500488281250e+00
1.006560230255126953e+01
1.010565662384033203e+01
9.998238563537597656e+00
9.761558532714843750e+00
9.635931968688964844e+00
9.386382102966308594e+00
9.161990165710449219e+00
9.498958587646484375e+00
9.928653717041015625e+00
9.685580253601074219e+00
9.610518455505371094e+00
9.284809112548828125e+00
9.088181495666503906e+00
9.199031829833984375e+00
9.601109504699707031e+00
9.924102783203125000e+00
1.007976627349853516e+01
1.002552986145019531e+01
9.694557189941406250e+00
9.610896110534667969e+00
1.010680103302001953e+01
1.049512767791748047e+01
1.071872520446777344e+01
1.011201477050781250e+01
9.478843688964843750e+00
9.704113960266113281e+00
1.021778011322021484e+01
1.039118576049804688e+01
1.019356060028076172e+01
1.025595951080322266e+01
1.057456684112548828e+01
1.017438316345214844e+01
9.930051803588867188e+00
9.423392295837402344e+00
9.215806007385253906e+00
9.024981498718261719e+00
9.173548698425292969e+00
9.255728721618652344e+00
9.957970619201660156e+00
1.028377628326416016e+01
9.808099746704101562e+00
9.807668685913085938e+00
9.912406921386718750e+00
9.729587554931640625e+00
9.618502616882324219e+00
9.628553390502929688e+00
9.925926208496093750e+00
1.004470825195312500e+01
1.039793682098388672e+01
1.034725379943847656e+01
1.025202083587646484e+01
1.004371929168701172e+01
9.973321914672851562e+00
9.879960060119628906e+00
9.768144607543945312e+00
9.555913925170898438e+00
9.462303161621093750e+00
9.463926315307617188e+00
9.509180068969726562e+00
9.533749580383300781e+00
9.613134384155273438e+00
9.808409690856933594e+00
9.679752349853515625e+00
9.385566711425781250e+00
9.295851707458496094e+00
9.562474250793457031e+00
1.001424789428710938e+01
1.003332138061523438e+01
1.016156005859375000e+01
9.925564765930175781e+00
9.694365501403808594e+00
9.727122306823730469e+00
1.003267765045166016e+01
1.011896800994873047e+01
1.001283264160156250e+01
9.992849349975585938e+00
9.972190856933593750e+00
9.943648338317871094e+00
9.925743103027343750e+00
9.880119323730468750e+00
9.611303329467773438e+00
9.927672386169433594e+00
9.966951370239257812e+00
9.590762138366699219e+00
9.433355331420898438e+00
9.887544631958007812e+00
9.957295417785644531e+00
1.034269046783447266e+01
1.021372795104980469e+01
9.809165954589843750e+00
9.282151222229003906e+00
9.499432563781738281e+00
9.803839683532714844e+00
1.014751052856445312e+01
1.014247608184814453e+01
9.747377395629882812e+00
9.728894233703613281e+00
9.859781265258789062e+00
9.950493812561035156e+00
1.016615772247314453e+01
1.010807609558105469e+01
1.024550342559814453e+01
1.016264343261718750e+01
1.026054668426513672e+01
9.570285797119140625e+00
9.207986831665039062e+00
9.230520248413085938e+00
9.547236442565917969e+00
9.325214385986328125e+00
8.914552688598632812e+00
8.890642166137695312e+00
9.454110145568847656e+00
9.613247871398925781e+00
9.114457130432128906e+00
9.144852638244628906e+00
9.634027481079101562e+00
9.619631767272949219e+00
9.349559783935546875e+00
9.163338661193847656e+00
8.920982360839843750e+00
8.821232795715332031e+00
9.162384986877441406e+00
9.725440979003906250e+00
9.555294990539550781e+00
9.259215354919433594e+00
9.057255744934082031e+00
9.642811775207519531e+00
9.675616264343261719e+00
9.816237449645996094e+00
1.016524600982666016e+01
1.039273738861083984e+01
9.952969551086425781e+00
9.271162033081054688e+00
9.414609909057617188e+00
9.491253852844238281e+00
9.745708465576171875e+00
9.797974586486816406e+00
9.844868659973144531e+00
1.023704814910888672e+01
1.039793968200683594e+01
9.926658630371093750e+00
9.572191238403320312e+00
9.635794639587402344e+00
9.851898193359375000e+00
9.562290191650390625e+00
9.610450744628906250e+00
9.696648597717285156e+00
1.002407073974609375e+01
1.019471454620361328e+01
1.018881034851074219e+01
9.944249153137207031e+00
1.004338836669921875e+01
1.003242683410644531e+01
1.020818614959716797e+01
1.021134471893310547e+01
9.824176788330078125e+00
9.820652008056640625e+00
1.007796669006347656e+01
1.005405044555664062e+01
9.824658393859863281e+00
9.276208877563476562e+00
9.575287818908691406e+00
9.397779464721679688e+00
8.929902076721191406e+00
8.931430816650390625e+00
9.062372207641601562e+00
9.264698028564453125e+00
9.617079734802246094e+00
9.820072174072265625e+00
9.617939949035644531e+00
9.562266349792480469e+00
9.637376785278320312e+00
9.852669715881347656e+00
9.289500236511230469e+00
8.528501510620117188e+00
8.300984382629394531e+00
9.010719299316406250e+00
9.797286987304687500e+00
1.031139659881591797e+01
9.848399162292480469e+00
9.764404296875000000e+00
1.008068752288818359e+01
1.055592441558837891e+01
1.044572353363037109e+01
9.803978919982910156e+00
9.332244873046875000e+00
9.652667045593261719e+00
9.828045845031738281e+00
9.574773788452148438e+00
9.083971977233886719e+00
8.495377540588378906e+00
9.195284843444824219e+00
9.754463195800781250e+00
9.885474205017089844e+00
9.585140228271484375e+00
9.474288940429687500e+00
9.337455749511718750e+00
9.488740921020507812e+00
9.283679962158203125e+00
9.326497077941894531e+00
9.476133346557617188e+00
9.587063789367675781e+00
9.740540504455566406e+00
9.954179763793945312e+00
9.757998466491699219e+00
9.497760772705078125e+00
9.467095375061035156e+00
9.465375900268554688e+00
9.348597526550292969e+00
9.618550300598144531e+00
1.000957679748535156e+01
9.992599487304687500e+00
1.015899181365966797e+01
1.011650276184082031e+01
1.003834152221679688e+01
9.771062850952148438e+00
9.415123939514160156e+00
9.271771430969238281e+00
9.202997207641601562e+00
9.206584930419921875e+00
9.126750946044921875e+00
9.074974060058593750e+00
9.304941177368164062e+00
9.610764503479003906e+00
9.628482818603515625e+00
9.426703453063964844e+00
9.211467742919921875e+00
9.610601425170898438e+00
9.678527832031250000e+00
9.700766563415527344e+00
9.825838088989257812e+00
9.977400779724121094e+00
9.978083610534667969e+00
1.023615932464599609e+01
1.041228675842285156e+01
1.031394386291503906e+01
1.025177383422851562e+01
1.008002758026123047e+01
9.478487014770507812e+00
9.511097908020019531e+00
9.704542160034179688e+00
9.912480354309082031e+00
9.903446197509765625e+00
9.799071311950683594e+00
9.624278068542480469e+00
9.665911674499511719e+00
9.817301750183105469e+00
1.027166366577148438e+01
1.020795249938964844e+01
1.022773456573486328e+01
9.967479705810546875e+00
9.898783683776855469e+00
9.598966598510742188e+00
9.119219779968261719e+00
9.218027114868164062e+00
9.832071304321289062e+00
1.021366786956787109e+01
9.978442192077636719e+00
9.723536491394042969e+00
9.447393417358398438e+00
9.547600746154785156e+00
9.762395858764648438e+00
1.013335323333740234e+01
1.015430736541748047e+01
1.041211032867431641e+01
1.048069477081298828e+01
1.002572250366210938e+01
1.022523498535156250e+01
1.020549583435058594e+01
1.042198181152343750e+01
1.043198299407958984e+01
1.013486957550048828e+01
9.734436988830566406e+00
9.790056228637695312e+00
9.212015151977539062e+00
9.245152473449707031e+00
9.606790542602539062e+00
9.315711021423339844e+00
9.204515457153320312e+00
9.759329795837402344e+00
1.001541519165039062e+01
1.014359092712402344e+01
1.005681037902832031e+01
9.773026466369628906e+00
9.418868064880371094e+00
9.750078201293945312e+00
9.921489715576171875e+00
1.010581111907958984e+01
1.003145885467529297e+01
9.917373657226562500e+00
9.400932312011718750e+00
9.205972671508789062e+00
9.242373466491699219e+00
9.237869262695312500e+00
9.341536521911621094e+00
9.637220382690429688e+00
9.902848243713378906e+00
9.959224700927734375e+00
1.005154323577880859e+01
1.011930084228515625e+01
9.346000671386718750e+00
8.763731956481933594e+00
8.971653938293457031e+00
9.814465522766113281e+00
9.470820426940917969e+00
8.875061988830566406e+00
9.223196983337402344e+00
9.525285720825195312e+00
9.448146820068359375e+00
9.417802810668945312e+00
9.691306114196777344e+00
9.919887542724609375e+00
1.037120342254638672e+01
1.022635269165039062e+01
9.916499137878417969e+00
9.767389297485351562e+00
9.866103172302246094e+00
1.000898075103759766e+01
9.904130935668945312e+00
9.753525733947753906e+00
9.731139183044433594e+00
1.003067684173583984e+01
1.010043621063232422e+01
9.707998275756835938e+00
9.227039337158203125e+00
9.237165451049804688e+00
9.889692306518554688e+00
9.941666603088378906e+00
9.888938903808593750e+00
9.636196136474609375e+00
9.682518959045410156e+00
1.008820247650146484e+01
1.030224704742431641e+01
9.989667892456054688e+00
9.871840476989746094e+00
1.027019977569580078e+01
1.018402290344238281e+01
1.009202861785888672e+01
9.691129684448242188e+00
9.528543472290039062e+00
9.404452323913574219e+00
9.359532356262207031e+00
9.571935653686523438e+00
9.150105476379394531e+00
9.172413825988769531e+00
9.742084503173828125e+00
1.026208400726318359e+01
1.058263206481933594e+01
1.066028881072998047e+01
1.099719238281250000e+01
1.067629241943359375e+01
1.070403861999511719e+01
1.066826248168945312e+01
1.048133754730224609e+01
1.019173240661621094e+01
1.036177730560302734e+01
1.043692970275878906e+01
1.019056034088134766e+01
1.007745075225830078e+01
1.054431152343750000e+01
1.089513015747070312e+01
1.054414558410644531e+01
1.021220397949218750e+01
9.943630218505859375e+00
9.519064903259277344e+00
9.342414855957031250e+00
9.879042625427246094e+00
1.009558582305908203e+01
9.880370140075683594e+00
9.840769767761230469e+00
1.034513664245605469e+01
1.034714984893798828e+01
1.041880321502685547e+01
1.038282299041748047e+01
1.009572124481201172e+01
9.896699905395507812e+00
9.619031906127929688e+00
9.883376121520996094e+00
1.006248950958251953e+01
9.672232627868652344e+00
9.464651107788085938e+00
9.544526100158691406e+00
1.001578426361083984e+01
9.985755920410156250e+00
9.810335159301757812e+00
9.215531349182128906e+00
9.031312942504882812e+00
8.807362556457519531e+00
8.880607604980468750e+00
9.163220405578613281e+00
9.886627197265625000e+00
1.010988712310791016e+01
9.854559898376464844e+00
9.600874900817871094e+00
9.946988105773925781e+00
1.019146156311035156e+01
1.015694141387939453e+01
1.034040451049804688e+01
1.029544353485107422e+01
1.048036289215087891e+01
1.059848880767822266e+01
1.051897335052490234e+01
1.031626224517822266e+01
1.039661979675292969e+01
1.044087314605712891e+01
1.040017986297607422e+01
1.010599327087402344e+01
1.019202804565429688e+01
1.036293506622314453e+01
1.031235599517822266e+01
9.798938751220703125e+00
9.766038894653320312e+00
9.853256225585937500e+00
1.002750492095947266e+01
1.032008647918701172e+01
1.016670036315917969e+01
1.050733947753906250e+01
1.072886943817138672e+01
1.048814773559570312e+01
1.022453975677490234e+01
1.005840682983398438e+01
9.799787521362304688e+00
9.684723854064941406e+00
9.493318557739257812e+00
9.371446609497070312e+00
8.873532295227050781e+00
9.153989791870117188e+00
9.529560089111328125e+00
9.837630271911621094e+00
1.038798332214355469e+01
1.077657890319824219e+01
1.081559753417968750e+01
1.047189426422119141e+01
1.035190677642822266e+01
1.020843696594238281e+01
1.016976737976074219e+01
1.009275054931640625e+01
1.014090251922607422e+01
9.990043640136718750e+00
9.898941040039062500e+00
9.836897850036621094e+00
9.875059127807617188e+00
1.036411762237548828e+01
1.051914024353027344e+01
1.041108131408691406e+01
1.036115932464599609e+01
1.078896045684814453e+01
1.074321746826171875e+01
1.029832363128662109e+01
1.001691722869873047e+01
1.030992603302001953e+01
1.047531604766845703e+01
1.009579086303710938e+01
9.539288520812988281e+00
9.831483840942382812e+00
9.787885665893554688e+00
9.931818008422851562e+00
9.866914749145507812e+00
9.530568122863769531e+00
9.503759384155273438e+00
9.751809120178222656e+00
1.000406932830810547e+01
9.864439010620117188e+00
9.762918472290039062e+00
9.542262077331542969e+00
9.655976295471191406e+00
9.962308883666992188e+00
1.006791400909423828e+01
1.066944885253906250e+01
1.077294158935546875e+01
1.069592952728271484e+01
1.018111515045166016e+01
9.823912620544433594e+00
9.735268592834472656e+00
9.862340927124023438e+00
9.981066703796386719e+00
9.688438415527343750e+00
9.303251266479492188e+00
9.388515472412109375e+00
1.007266807556152344e+01
1.028163623809814453e+01
1.082317543029785156e+01
1.079146671295166016e+01
1.058863830566406250e+01
1.013500595092773438e+01
9.999124526977539062e+00
9.718468666076660156e+00
9.393329620361328125e+00
9.674769401550292969e+00
9.788839340209960938e+00
9.680701255798339844e+00
9.596179008483886719e+00
9.856573104858398438e+00
1.005265140533447266e+01
1.012086296081542969e+01
1.011169910430908203e+01
1.032058715820312500e+01
1.021991634368896484e+01
9.969109535217285156e+00
9.849906921386718750e+00
9.996055603027343750e+00
1.034982681274414062e+01
1.062350654602050781e+01
1.064082908630371094e+01
1.033093261718750000e+01
9.870171546936035156e+00
9.555607795715332031e+00
1.006298732757568359e+01
1.031171035766601562e+01
1.030710601806640625e+01
1.058104705810546875e+01
1.057342815399169922e+01
1.031363010406494141e+01
9.828042984008789062e+00
9.490846633911132812e+00
9.337607383728027344e+00
9.870616912841796875e+00
1.030571746826171875e+01
1.039749240875244141e+01
9.754183769226074219e+00
8.950478553771972656e+00
8.887085914611816406e+00
9.176384925842285156e+00
9.538121223449707031e+00
9.930487632751464844e+00
1.000810813903808594e+01
9.545960426330566406e+00
9.750088691711425781e+00
9.884485244750976562e+00
1.023777961730957031e+01
1.004456615447998047e+01
1.007669067382812500e+01
9.898861885070800781e+00
9.829702377319335938e+00
9.949190139770507812e+00
9.841193199157714844e+00
9.371594429016113281e+00
9.291682243347167969e+00
1.041944217681884766e+01
1.094457530975341797e+01
1.044423961639404297e+01
9.468364715576171875e+00
9.750518798828125000e+00
9.872041702270507812e+00
9.822159767150878906e+00
9.689410209655761719e+00
9.396235466003417969e+00
9.015040397644042969e+00
8.805208206176757812e+00
9.621924400329589844e+00
1.023276042938232422e+01
1.035924911499023438e+01
1.042586231231689453e+01
1.062689495086669922e+01
1.028772354125976562e+01
9.827301979064941406e+00
9.940929412841796875e+00
9.838672637939453125e+00
9.667990684509277344e+00
9.163934707641601562e+00
9.132455825805664062e+00
9.223105430603027344e+00
9.831979751586914062e+00
1.010399150848388672e+01
9.780359268188476562e+00
9.535670280456542969e+00
9.618126869201660156e+00
9.707881927490234375e+00
9.675664901733398438e+00
9.756088256835937500e+00
9.951761245727539062e+00
9.786543846130371094e+00
9.756107330322265625e+00
9.755377769470214844e+00
1.013359260559082031e+01
9.934060096740722656e+00
9.873165130615234375e+00
9.789226531982421875e+00
9.987890243530273438e+00
9.897598266601562500e+00
9.806443214416503906e+00
9.438810348510742188e+00
9.657601356506347656e+00
9.602793693542480469e+00
9.460605621337890625e+00
9.319507598876953125e+00
9.131115913391113281e+00
9.173573493957519531e+00
9.419831275939941406e+00
9.797733306884765625e+00
9.936064720153808594e+00
9.582874298095703125e+00
9.423170089721679688e+00
9.525817871093750000e+00
9.399008750915527344e+00
9.377223968505859375e+00
9.225073814392089844e+00
9.340289115905761719e+00
9.806386947631835938e+00
1.012661361694335938e+01
1.013966178894042969e+01
9.850215911865234375e+00
9.949172973632812500e+00
9.804093360900878906e+00
9.236782073974609375e+00
8.903419494628906250e+00
9.280770301818847656e+00
9.524933815002441406e+00
9.225672721862792969e+00
9.078040122985839844e+00
9.126149177551269531e+00
9.778457641601562500e+00
1.019735527038574219e+01
1.003138923645019531e+01
1.008887386322021484e+01
1.053478717803955078e+01
9.953626632690429688e+00
9.101106643676757812e+00
9.218962669372558594e+00
1.005446529388427734e+01
1.011197853088378906e+01
9.866076469421386719e+00
9.798086166381835938e+00
9.899924278259277344e+00
9.266241073608398438e+00
9.628414154052734375e+00
1.007536125183105469e+01
9.993149757385253906e+00
9.944580078125000000e+00
1.002707195281982422e+01
1.005924797058105469e+01
1.045893764495849609e+01
1.069527721405029297e+01
9.951469421386718750e+00
9.428701400756835938e+00
9.892492294311523438e+00
9.994729995727539062e+00
9.771400451660156250e+00
9.573519706726074219e+00
9.415161132812500000e+00
9.651665687561035156e+00
9.350528717041015625e+00
9.526855468750000000e+00
9.410047531127929688e+00
9.485232353210449219e+00
9.672952651977539062e+00
9.392567634582519531e+00
9.065453529357910156e+00
9.221328735351562500e+00
9.338695526123046875e+00
9.731554031372070312e+00
9.544750213623046875e+00
9.270947456359863281e+00
9.811073303222656250e+00
1.014495372772216797e+01
9.623821258544921875e+00
9.116343498229980469e+00
9.507389068603515625e+00
1.000995349884033203e+01
9.963079452514648438e+00
9.825020790100097656e+00
9.574661254882812500e+00
9.093639373779296875e+00
9.445863723754882812e+00
9.524735450744628906e+00
9.893211364746093750e+00
9.904764175415039062e+00
9.752935409545898438e+00
9.824420928955078125e+00
9.875097274780273438e+00
9.907121658325195312e+00
9.600172042846679688e+00
1.002890205383300781e+01
1.016141796112060547e+01
9.306578636169433594e+00
9.095355987548828125e+00
9.867241859436035156e+00
1.024766731262207031e+01
1.017906951904296875e+01
9.749956130981445312e+00
9.121062278747558594e+00
8.793164253234863281e+00
8.851582527160644531e+00
8.947063446044921875e+00
8.690359115600585938e+00
8.588368415832519531e+00
8.769535064697265625e+00
9.237682342529296875e+00
9.550118446350097656e+00
9.875583648681640625e+00
1.013246059417724609e+01
9.944987297058105469e+00
9.322465896606445312e+00
8.932778358459472656e+00
8.784478187561035156e+00
8.927927970886230469e+00
8.954813957214355469e+00
8.869057655334472656e+00
8.983156204223632812e+00
9.770679473876953125e+00
9.819384574890136719e+00
9.667762756347656250e+00
9.489349365234375000e+00
9.223631858825683594e+00
9.174210548400878906e+00
9.584714889526367188e+00
1.010678577423095703e+01
9.622255325317382812e+00
9.343553543090820312e+00
9.557610511779785156e+00
9.741634368896484375e+00
9.714272499084472656e+00
9.564443588256835938e+00
9.914327621459960938e+00
9.346076965332031250e+00
8.778661727905273438e+00
8.953668594360351562e+00
9.493223190307617188e+00
9.761404037475585938e+00
9.561534881591796875e+00
9.322366714477539062e+00
9.404614448547363281e+00
9.740294456481933594e+00
1.004053211212158203e+01
1.004186248779296875e+01
9.831250190734863281e+00
9.503537178039550781e+00
9.356293678283691406e+00
9.963987350463867188e+00
1.061778259277343750e+01
1.099319267272949219e+01
1.070504760742187500e+01
9.980013847351074219e+00
8.909196853637695312e+00
8.845580101013183594e+00
1.015855979919433594e+01
1.067788124084472656e+01
1.006265258789062500e+01
9.510399818420410156e+00
8.740900993347167969e+00
8.447924613952636719e+00
8.473008155822753906e+00
9.340361595153808594e+00
9.788425445556640625e+00
9.912700653076171875e+00
9.682020187377929688e+00
8.897135734558105469e+00
8.831160545349121094e+00
9.908355712890625000e+00
1.041847324371337891e+01
1.021355628967285156e+01
9.599801063537597656e+00
9.803066253662109375e+00
9.813605308532714844e+00
9.645576477050781250e+00
8.917302131652832031e+00
8.588961601257324219e+00
8.355748176574707031e+00
8.998390197753906250e+00
9.391065597534179688e+00
9.367224693298339844e+00
9.746321678161621094e+00
1.026704216003417969e+01
9.656295776367187500e+00
9.566260337829589844e+00
9.663950920104980469e+00
9.627760887145996094e+00
9.469052314758300781e+00
9.743454933166503906e+00
9.259114265441894531e+00
9.132683753967285156e+00
8.947931289672851562e+00
8.748798370361328125e+00
8.388113021850585938e+00
8.808045387268066406e+00
8.799137115478515625e+00
9.065788269042968750e+00
9.228290557861328125e+00
9.431442260742187500e+00
9.964910507202148438e+00
9.718040466308593750e+00
9.596522331237792969e+00
9.503145217895507812e+00
9.060457229614257812e+00
8.820970535278320312e+00
8.986867904663085938e+00
8.973635673522949219e+00
8.716542243957519531e+00
9.096347808837890625e+00
9.343709945678710938e+00
9.532386779785156250e+00
9.354130744934082031e+00
8.721315383911132812e+00
8.535593986511230469e+00
9.523657798767089844e+00
1.004346847534179688e+01
9.539608955383300781e+00
8.600770950317382812e+00
9.023484230041503906e+00
9.305581092834472656e+00
9.124388694763183594e+00
8.433283805847167969e+00
8.253221511840820312e+00
8.451700210571289062e+00
8.325693130493164062e+00
8.468161582946777344e+00
8.849665641784667969e+00
9.430522918701171875e+00
9.174095153808593750e+00
8.807492256164550781e+00
9.003747940063476562e+00
8.938575744628906250e+00
9.056475639343261719e+00
9.072768211364746094e+00
9.225261688232421875e+00
9.303634643554687500e+00
8.919252395629882812e+00
8.717216491699218750e+00
8.871684074401855469e+00
8.428690910339355469e+00
7.984319210052490234e+00
8.349690437316894531e+00
8.639752388000488281e+00
8.958788871765136719e+00
8.800833702087402344e+00
8.896842002868652344e+00
8.687376976013183594e+00
8.332880973815917969e+00
7.958144664764404297e+00
7.726402282714843750e+00
7.878129005432128906e+00
8.443095207214355469e+00
8.925579071044921875e+00
9.129274368286132812e+00
9.565286636352539062e+00
9.905618667602539062e+00
1.002428817749023438e+01
9.410069465637207031e+00
9.439427375793457031e+00
9.271250724792480469e+00
9.347790718078613281e+00
9.135232925415039062e+00
9.553302764892578125e+00
1.003728866577148438e+01
1.006311416625976562e+01
9.318028450012207031e+00
8.518948554992675781e+00
8.619878768920898438e+00
8.441029548645019531e+00
8.276546478271484375e+00
8.242774009704589844e+00
9.106813430786132812e+00
9.938078880310058594e+00
9.810262680053710938e+00
9.441790580749511719e+00
8.750441551208496094e+00
8.387502670288085938e+00
8.684295654296875000e+00
9.344122886657714844e+00
8.862874984741210938e+00
8.940217018127441406e+00
8.568833351135253906e+00
8.673359870910644531e+00
8.199602127075195312e+00
8.788778305053710938e+00
8.486392974853515625e+00
8.096241950988769531e+00
7.252430915832519531e+00
8.189322471618652344e+00
8.994217872619628906e+00
9.026176452636718750e+00
8.048545837402343750e+00
8.171277046203613281e+00
8.341185569763183594e+00
9.117513656616210938e+00
8.974600791931152344e+00
7.923069953918457031e+00
7.845209598541259766e+00
7.551548957824707031e+00
7.564114570617675781e+00
7.610611915588378906e+00
8.010604858398437500e+00
8.170466423034667969e+00
9.518350601196289062e+00
9.726189613342285156e+00
9.508833885192871094e+00
9.531776428222656250e+00
9.634323120117187500e+00
9.985768318176269531e+00
9.634513854980468750e+00
8.687558174133300781e+00
8.436134338378906250e+00
8.129355430603027344e+00
8.384996414184570312e+00
7.621606826782226562e+00
7.368927478790283203e+00
7.944602489471435547e+00
9.097220420837402344e+00
9.097576141357421875e+00
9.067656517028808594e+00
8.820868492126464844e+00
8.081696510314941406e+00
6.924074172973632812e+00
7.129085540771484375e+00
7.478590488433837891e+00
8.218083381652832031e+00
8.739718437194824219e+00
9.078013420104980469e+00
1.035797691345214844e+01
1.060265827178955078e+01
9.124011993408203125e+00
7.730129241943359375e+00
7.172280311584472656e+00
8.033634185791015625e+00
7.931743144989013672e+00
8.136294364929199219e+00
8.131782531738281250e+00
8.421762466430664062e+00
8.937033653259277344e+00
9.558874130249023438e+00
9.929871559143066406e+00
1.017265701293945312e+01
1.016058635711669922e+01
1.005538558959960938e+01
9.758050918579101562e+00
8.939359664916992188e+00
8.235943794250488281e+00
8.931672096252441406e+00
8.772183418273925781e+00
7.803917884826660156e+00
6.619877338409423828e+00
6.414248466491699219e+00
6.761655807495117188e+00
7.013812065124511719e+00
7.485817432403564453e+00
8.559358596801757812e+00
9.131084442138671875e+00
7.915807723999023438e+00
6.597387313842773438e+00
6.049523830413818359e+00
7.013525009155273438e+00
7.731407165527343750e+00
8.417109489440917969e+00
7.895740985870361328e+00
8.760497093200683594e+00
9.286977767944335938e+00
9.128363609313964844e+00
8.388221740722656250e+00
8.343872070312500000e+00
8.373062133789062500e+00
8.578309059143066406e+00
8.090063095092773438e+00
7.134258747100830078e+00
7.328715801239013672e+00
7.638743400573730469e+00
8.078178405761718750e+00
8.954357147216796875e+00
9.255964279174804688e+00
8.512905120849609375e+00
6.901402950286865234e+00
6.594155311584472656e+00
7.950690269470214844e+00
9.191555976867675781e+00
8.326835632324218750e+00
7.195343017578125000e+00
8.519014358520507812e+00
8.412372589111328125e+00
7.539237976074218750e+00
7.595355033874511719e+00
6.513326644897460938e+00
7.411983966827392578e+00
7.611037254333496094e+00
8.923330307006835938e+00
7.695558071136474609e+00
8.061118125915527344e+00
8.141530036926269531e+00
7.872490882873535156e+00
6.866303920745849609e+00
6.632976531982421875e+00
6.188626766204833984e+00
5.466292858123779297e+00
5.719799041748046875e+00
7.661999225616455078e+00
8.071479797363281250e+00
7.955130100250244141e+00
8.086682319641113281e+00
9.515892982482910156e+00
1.094624900817871094e+01
1.119254016876220703e+01
8.848023414611816406e+00
7.366507530212402344e+00
7.345417022705078125e+00
5.163909912109375000e+00
5.121258735656738281e+00
7.637863159179687500e+00
7.102458477020263672e+00
5.062160491943359375e+00
3.731467485427856445e+00
2.522181034088134766e+00
2.955625057220458984e+00
4.961656093597412109e+00
8.563442230224609375e+00
1.058583831787109375e+01
9.525713920593261719e+00
-5.144522190093994141e-01
nan
nan
nan
nan
nan
nan
nan
nan
nan
nan
nan
nan
nan
nan
nan
nan
nan
nan
nan
nan
nan
nan
nan
nan
nan
nan
nan
nan
nan
nan
nan
nan
nan
nan
nan
nan
nan
nan
nan
nan
nan
nan
nan
nan
nan
nan
nan
nan
nan
nan
nan
nan
nan
nan
nan
nan
nan
nan
nan
nan
nan
nan
nan
nan
nan
nan
nan
nan
nan
nan
nan
nan
nan
nan
nan
nan
nan
nan
nan
nan
nan
nan
nan
nan
nan
nan
nan
nan
nan
nan
nan
nan
nan
