nan
nan
nan
nan
nan
nan
nan
nan
nan
nan
nan
nan
nan
nan
nan
nan
nan
nan
nan
nan
nan
nan
nan
nan
nan
nan
nan
9.985429382324218750e+01
9.981195068359375000e+01
1.021366271972656250e+02
1.054893875122070312e+02
1.031634063720703125e+02
1.010166397094726562e+02
1.019320144653320312e+02
1.015655136108398438e+02
1.032661132812500000e+02
9.813934326171875000e+01
9.917769622802734375e+01
9.283096313476562500e+01
9.410223388671875000e+01
9.208366394042968750e+01
9.600382995605468750e+01
9.614807128906250000e+01
9.771615600585937500e+01
9.843955230712890625e+01
1.008146591186523438e+02
1.024734115600585938e+02
1.032554321289062500e+02
1.001851043701171875e+02
9.725366210937500000e+01
9.604306793212890625e+01
9.674317932128906250e+01
9.939851379394531250e+01
9.896408081054687500e+01
1.019643554687500000e+02
9.981134033203125000e+01
1.018143081665039062e+02
9.860822296142578125e+01
9.837471008300781250e+01
9.782420349121093750e+01
9.655222320556640625e+01
9.573354339599609375e+01
9.382340240478515625e+01
9.217718505859375000e+01
9.460261535644531250e+01
9.485309600830078125e+01
9.935728454589843750e+01
9.916849517822265625e+01
1.017880249023437500e+02
1.004439544677734375e+02
1.000710372924804688e+02
9.642906188964843750e+01
9.559120941162109375e+01
9.633959197998046875e+01
9.379617309570312500e+01
9.392885589599609375e+01
9.432975769042968750e+01
9.505660247802734375e+01
9.326477050781250000e+01
9.094625854492187500e+01
9.200050354003906250e+01
9.644712829589843750e+01
9.858911132812500000e+01
1.004452743530273438e+02
1.005105819702148438e+02
1.000608673095703125e+02
9.784863281250000000e+01
9.761861419677734375e+01
9.802795410156250000e+01
9.877501678466796875e+01
9.612087249755859375e+01
9.563262939453125000e+01
9.533715057373046875e+01
9.788076782226562500e+01
9.763941192626953125e+01
9.824084472656250000e+01
9.678594970703125000e+01
9.702566528320312500e+01
9.749883270263671875e+01
9.691154479980468750e+01
9.542397308349609375e+01
9.519844055175781250e+01
9.622504425048828125e+01
9.736828613281250000e+01
9.724236297607421875e+01
9.805778503417968750e+01
9.786237335205078125e+01
9.884684753417968750e+01
9.842701721191406250e+01
9.826034545898437500e+01
9.722232818603515625e+01
9.712647247314453125e+01
9.816561126708984375e+01
9.937850952148437500e+01
1.010615844726562500e+02
1.002856140136718750e+02
1.002709045410156250e+02
9.626864624023437500e+01
9.428316497802734375e+01
9.414774322509765625e+01
9.679981994628906250e+01
9.837927246093750000e+01
9.804054260253906250e+01
9.624696350097656250e+01
9.557808685302734375e+01
9.488305664062500000e+01
9.235088348388671875e+01
9.316467285156250000e+01
9.484928131103515625e+01
9.542574310302734375e+01
9.602188873291015625e+01
9.675904083251953125e+01
9.706724548339843750e+01
9.644449615478515625e+01
9.495876312255859375e+01
9.589263153076171875e+01
9.681378936767578125e+01
9.657229614257812500e+01
9.638426971435546875e+01
9.651309204101562500e+01
9.736487579345703125e+01
9.630649566650390625e+01
9.503907775878906250e+01
9.462883758544921875e+01
9.531391906738281250e+01
9.592203521728515625e+01
9.623851013183593750e+01
9.535597229003906250e+01
9.460231781005859375e+01
9.415857696533203125e+01
9.386479949951171875e+01
9.354572296142578125e+01
9.433277893066406250e+01
9.404362487792968750e+01
9.672621154785156250e+01
9.896263122558593750e+01
1.005902328491210938e+02
1.002903900146484375e+02
9.940143585205078125e+01
9.928086090087890625e+01
9.758577728271484375e+01
9.696826171875000000e+01
9.743064117431640625e+01
9.830290985107421875e+01
9.826673126220703125e+01
9.753438568115234375e+01
9.679326629638671875e+01
9.689364624023437500e+01
9.549266815185546875e+01
9.580578613281250000e+01
9.416454315185546875e+01
9.395273590087890625e+01
9.329083251953125000e+01
9.491814422607421875e+01
9.614491271972656250e+01
9.704277801513671875e+01
9.761463165283203125e+01
9.813281250000000000e+01
9.965785217285156250e+01
1.001219940185546875e+02
9.956119537353515625e+01
1.005659790039062500e+02
1.003770370483398438e+02
1.014996871948242188e+02
1.001597137451171875e+02
9.848822784423828125e+01
9.638227844238281250e+01
9.622772216796875000e+01
9.738952636718750000e+01
9.714092254638671875e+01
9.681748199462890625e+01
9.651576995849609375e+01
9.609322357177734375e+01
9.598300170898437500e+01
9.702664184570312500e+01
9.852888488769531250e+01
9.834810638427734375e+01
9.713503265380859375e+01
9.552659606933593750e+01
9.466860198974609375e+01
9.643262481689453125e+01
9.748179626464843750e+01
9.820544433593750000e+01
9.714566802978515625e+01
9.647492218017578125e+01
9.683283996582031250e+01
9.793444061279296875e+01
9.899290466308593750e+01
1.004573898315429688e+02
1.007940750122070312e+02
9.979891967773437500e+01
9.721275329589843750e+01
9.533560943603515625e+01
9.406962585449218750e+01
9.484147644042968750e+01
9.558868408203125000e+01
9.524862670898437500e+01
9.541063690185546875e+01
9.561522674560546875e+01
9.821562957763671875e+01
9.945786285400390625e+01
9.808715057373046875e+01
9.592699432373046875e+01
9.556434631347656250e+01
9.610550689697265625e+01
9.662358093261718750e+01
9.593267059326171875e+01
9.584755706787109375e+01
9.652233886718750000e+01
9.671910858154296875e+01
9.633479309082031250e+01
9.542900848388671875e+01
9.522436523437500000e+01
9.372326660156250000e+01
9.314185333251953125e+01
9.267148590087890625e+01
9.292552185058593750e+01
9.424455261230468750e+01
9.320522308349609375e+01
9.447226715087890625e+01
9.486273956298828125e+01
9.610729217529296875e+01
9.724076843261718750e+01
9.862023162841796875e+01
9.846446990966796875e+01
9.718364715576171875e+01
9.599116516113281250e+01
9.622006225585937500e+01
9.810625457763671875e+01
9.788674163818359375e+01
9.767765045166015625e+01
9.838427734375000000e+01
9.746562957763671875e+01
9.669223785400390625e+01
9.545855712890625000e+01
9.645464324951171875e+01
9.764724731445312500e+01
9.738919830322265625e+01
9.747785186767578125e+01
9.817618560791015625e+01
9.769546508789062500e+01
9.708060455322265625e+01
9.456196594238281250e+01
9.489252471923828125e+01
9.605604553222656250e+01
9.763426208496093750e+01
9.853860473632812500e+01
9.779739379882812500e+01
9.790126037597656250e+01
9.747696685791015625e+01
9.832446289062500000e+01
1.000835571289062500e+02
9.988311767578125000e+01
9.874452972412109375e+01
9.768354034423828125e+01
9.756934356689453125e+01
9.789507293701171875e+01
9.601617431640625000e+01
9.573652648925781250e+01
9.586761474609375000e+01
9.633453369140625000e+01
9.696619415283203125e+01
9.748406219482421875e+01
9.895729827880859375e+01
9.819273376464843750e+01
9.621693420410156250e+01
9.409101104736328125e+01
9.293151092529296875e+01
9.502514648437500000e+01
9.568396759033203125e+01
9.612279510498046875e+01
9.672366333007812500e+01
9.627155303955078125e+01
9.604483795166015625e+01
9.457919311523437500e+01
9.494661712646484375e+01
9.527488708496093750e+01
9.638326263427734375e+01
9.560828399658203125e+01
9.546386718750000000e+01
9.495310974121093750e+01
9.675547790527343750e+01
9.783793640136718750e+01
9.756137084960937500e+01
9.763429260253906250e+01
9.593701171875000000e+01
9.551662445068359375e+01
9.525114440917968750e+01
9.594584655761718750e+01
9.602100372314453125e+01
9.599153900146484375e+01
9.504074859619140625e+01
9.455098724365234375e+01
9.516042327880859375e+01
9.553681945800781250e+01
9.619350433349609375e+01
9.550109100341796875e+01
9.564612579345703125e+01
9.630002593994140625e+01
9.610190582275390625e+01
9.581884765625000000e+01
9.554299926757812500e+01
9.536488342285156250e+01
9.517256164550781250e+01
9.624230957031250000e+01
9.725000762939453125e+01
9.857564544677734375e+01
9.708051300048828125e+01
9.531562042236328125e+01
9.373003387451171875e+01
9.389259338378906250e+01
9.569945526123046875e+01
9.571121978759765625e+01
9.553984069824218750e+01
9.656269073486328125e+01
9.748633575439453125e+01
9.817404174804687500e+01
9.757816314697265625e+01
9.715422058105468750e+01
9.782935333251953125e+01
9.621111297607421875e+01
9.536861419677734375e+01
9.524007415771484375e+01
9.525366210937500000e+01
9.593747711181640625e+01
9.436730194091796875e+01
9.557145690917968750e+01
9.763696289062500000e+01
9.775840759277343750e+01
9.760980224609375000e+01
9.736812591552734375e+01
9.665962219238281250e+01
9.617005920410156250e+01
9.515736389160156250e+01
9.372064971923828125e+01
9.449961853027343750e+01
9.536096191406250000e+01
9.628113555908203125e+01
9.415425872802734375e+01
9.168143463134765625e+01
9.137547302246093750e+01
9.079936218261718750e+01
9.200932312011718750e+01
9.293287658691406250e+01
9.422220611572265625e+01
9.551593780517578125e+01
9.454831695556640625e+01
9.400704956054687500e+01
9.366757202148437500e+01
9.335654449462890625e+01
9.253018188476562500e+01
9.194625091552734375e+01
9.337051391601562500e+01
9.544676208496093750e+01
9.565907287597656250e+01
9.458448791503906250e+01
9.394100189208984375e+01
9.376862335205078125e+01
9.395059204101562500e+01
9.364614105224609375e+01
9.384497070312500000e+01
9.398546600341796875e+01
9.414760589599609375e+01
9.251152801513671875e+01
9.274185943603515625e+01
9.248078918457031250e+01
9.317933654785156250e+01
9.302593994140625000e+01
9.191809844970703125e+01
9.311579132080078125e+01
9.352204895019531250e+01
9.474714660644531250e+01
9.527294158935546875e+01
9.491871643066406250e+01
9.551462554931640625e+01
9.450854492187500000e+01
9.398703002929687500e+01
9.374977111816406250e+01
9.378034973144531250e+01
9.281449127197265625e+01
9.147901153564453125e+01
9.074228668212890625e+01
9.213287353515625000e+01
9.375833129882812500e+01
9.381564331054687500e+01
9.342140960693359375e+01
9.229664611816406250e+01
9.067466735839843750e+01
9.089369201660156250e+01
9.131964111328125000e+01
9.278318786621093750e+01
9.343035888671875000e+01
9.373593139648437500e+01
9.242498779296875000e+01
9.099967956542968750e+01
8.928165435791015625e+01
8.747506713867187500e+01
8.698917388916015625e+01
8.801812744140625000e+01
8.978369140625000000e+01
9.013504028320312500e+01
9.041223907470703125e+01
8.973008728027343750e+01
8.917721557617187500e+01
9.057620239257812500e+01
9.194094085693359375e+01
9.335029602050781250e+01
9.236134338378906250e+01
9.178929138183593750e+01
9.090399169921875000e+01
8.954199218750000000e+01
8.992347717285156250e+01
9.088854217529296875e+01
9.228296661376953125e+01
9.196730804443359375e+01
9.001039886474609375e+01
8.919776916503906250e+01
8.869271087646484375e+01
8.940570831298828125e+01
8.868051910400390625e+01
9.006260681152343750e+01
9.094464874267578125e+01
9.184883117675781250e+01
9.171514129638671875e+01
9.048180389404296875e+01
8.820149230957031250e+01
8.757244873046875000e+01
8.784670257568359375e+01
9.033502960205078125e+01
9.074333190917968750e+01
9.029653167724609375e+01
9.077281188964843750e+01
9.110219573974609375e+01
9.106349182128906250e+01
9.080699157714843750e+01
8.990971374511718750e+01
8.909037017822265625e+01
8.844247436523437500e+01
8.910797119140625000e+01
9.011569976806640625e+01
9.156050109863281250e+01
9.097492980957031250e+01
9.086892700195312500e+01
8.848419952392578125e+01
8.742601013183593750e+01
8.617054748535156250e+01
8.683495330810546875e+01
8.831312561035156250e+01
8.868012237548828125e+01
9.017635345458984375e+01
9.135012054443359375e+01
9.268003845214843750e+01
9.263602447509765625e+01
9.067535400390625000e+01
8.869880676269531250e+01
8.741260528564453125e+01
8.737827301025390625e+01
8.828340148925781250e+01
8.859954833984375000e+01
8.847297668457031250e+01
8.723109436035156250e+01
8.635295867919921875e+01
8.654050445556640625e+01
8.728913116455078125e+01
8.725615692138671875e+01
8.876635742187500000e+01
8.800212097167968750e+01
8.716429138183593750e+01
8.554826354980468750e+01
8.477647399902343750e+01
8.542492675781250000e+01
8.617913818359375000e+01
8.674451446533203125e+01
8.714075469970703125e+01
8.726390075683593750e+01
8.676399230957031250e+01
8.565173339843750000e+01
8.568347930908203125e+01
8.574107360839843750e+01
8.676239776611328125e+01
8.646779632568359375e+01
8.490144348144531250e+01
8.322367095947265625e+01
8.295525360107421875e+01
8.294627380371093750e+01
8.580862426757812500e+01
8.606733703613281250e+01
8.663466644287109375e+01
8.527047729492187500e+01
8.406067657470703125e+01
8.339665222167968750e+01
8.404844665527343750e+01
8.310047149658203125e+01
8.200570678710937500e+01
8.231596374511718750e+01
8.302713775634765625e+01
8.321358489990234375e+01
8.242787170410156250e+01
8.222058868408203125e+01
8.159611511230468750e+01
8.184555816650390625e+01
8.124889373779296875e+01
8.157933044433593750e+01
8.345209503173828125e+01
8.447686767578125000e+01
8.452183532714843750e+01
8.324030303955078125e+01
8.047941589355468750e+01
8.003693389892578125e+01
7.890079498291015625e+01
7.818405914306640625e+01
7.803366088867187500e+01
7.796701049804687500e+01
7.915029144287109375e+01
8.100502014160156250e+01
8.081922149658203125e+01
8.066307067871093750e+01
8.063179016113281250e+01
7.945919799804687500e+01
7.912165832519531250e+01
7.715954589843750000e+01
7.559770965576171875e+01
7.568687438964843750e+01
7.555756378173828125e+01
7.539340209960937500e+01
7.648880004882812500e+01
7.821155548095703125e+01
8.073324584960937500e+01
8.079745483398437500e+01
7.999759674072265625e+01
7.909047698974609375e+01
7.826737976074218750e+01
7.861949157714843750e+01
7.896694183349609375e+01
8.023875427246093750e+01
7.958331298828125000e+01
7.931493377685546875e+01
7.852455902099609375e+01
7.892562103271484375e+01
7.821354675292968750e+01
7.713905334472656250e+01
7.799967956542968750e+01
7.806423950195312500e+01
7.989915466308593750e+01
7.954843139648437500e+01
7.948933410644531250e+01
7.930012512207031250e+01
7.790224456787109375e+01
7.551174163818359375e+01
7.446405792236328125e+01
7.383413696289062500e+01
7.560041809082031250e+01
7.705421447753906250e+01
7.830813598632812500e+01
7.815464782714843750e+01
7.830596923828125000e+01
7.915041351318359375e+01
7.855137634277343750e+01
7.689893341064453125e+01
7.516170501708984375e+01
7.501720428466796875e+01
7.533849334716796875e+01
7.632003021240234375e+01
7.744619750976562500e+01
7.809018707275390625e+01
7.703829956054687500e+01
7.572499847412109375e+01
7.355784606933593750e+01
7.244379425048828125e+01
7.350572204589843750e+01
7.409787750244140625e+01
7.469076538085937500e+01
7.558983612060546875e+01
7.485266876220703125e+01
7.575921630859375000e+01
7.582600402832031250e+01
7.757918548583984375e+01
7.716436767578125000e+01
7.652825927734375000e+01
7.491263580322265625e+01
7.395568084716796875e+01
7.382620239257812500e+01
7.388748168945312500e+01
7.313660430908203125e+01
7.346746063232421875e+01
7.329179382324218750e+01
7.278933715820312500e+01
7.231961059570312500e+01
7.133477020263671875e+01
7.272383117675781250e+01
7.251863861083984375e+01
7.248986053466796875e+01
7.177324676513671875e+01
7.132333374023437500e+01
7.293069458007812500e+01
7.205339813232421875e+01
7.277217864990234375e+01
7.275926208496093750e+01
7.290844726562500000e+01
7.275315856933593750e+01
7.106071472167968750e+01
7.076275634765625000e+01
7.032461547851562500e+01
7.025971221923828125e+01
7.028703308105468750e+01
7.073565673828125000e+01
7.134503936767578125e+01
7.185835266113281250e+01
7.135487365722656250e+01
7.114134216308593750e+01
7.040751647949218750e+01
7.117861938476562500e+01
7.038651275634765625e+01
7.080290222167968750e+01
7.043558502197265625e+01
6.995432281494140625e+01
7.104039001464843750e+01
7.131269836425781250e+01
7.098633575439453125e+01
6.977732849121093750e+01
6.925289916992187500e+01
6.865591430664062500e+01
6.926916503906250000e+01
6.782199859619140625e+01
6.769279479980468750e+01
6.547105407714843750e+01
6.623635864257812500e+01
6.673049926757812500e+01
6.805358123779296875e+01
6.703949737548828125e+01
6.552657318115234375e+01
6.497076416015625000e+01
6.443168640136718750e+01
6.523243713378906250e+01
6.614756011962890625e+01
6.734918975830078125e+01
6.793943023681640625e+01
6.774082946777343750e+01
6.744774627685546875e+01
6.687255096435546875e+01
6.630709075927734375e+01
6.557048797607421875e+01
6.546573638916015625e+01
6.637914276123046875e+01
6.639328002929687500e+01
6.632478332519531250e+01
6.433946228027343750e+01
6.525565338134765625e+01
6.535475921630859375e+01
6.587951660156250000e+01
6.576145172119140625e+01
6.576712799072265625e+01
6.669645690917968750e+01
6.649516296386718750e+01
6.574440002441406250e+01
6.597184753417968750e+01
6.714116668701171875e+01
6.669001007080078125e+01
6.582254791259765625e+01
6.462869262695312500e+01
6.488896179199218750e+01
6.554172515869140625e+01
6.553375244140625000e+01
6.733443450927734375e+01
6.764655303955078125e+01
6.748262023925781250e+01
6.637438964843750000e+01
6.465874481201171875e+01
6.428244018554687500e+01
6.383950805664062500e+01
6.435671997070312500e+01
6.558964538574218750e+01
6.592633056640625000e+01
6.630635070800781250e+01
6.596495056152343750e+01
6.524373626708984375e+01
6.451536560058593750e+01
6.368090438842773438e+01
6.373035049438476562e+01
6.290846252441406250e+01
6.310721206665039062e+01
6.302216339111328125e+01
6.309709167480468750e+01
6.410131835937500000e+01
6.431576538085937500e+01
6.442349243164062500e+01
6.319533538818359375e+01
6.308956527709960938e+01
6.328846740722656250e+01
6.384851074218750000e+01
6.285569381713867188e+01
6.285721588134765625e+01
6.241737365722656250e+01
6.280498123168945312e+01
6.221469116210937500e+01
6.185914230346679688e+01
6.178774642944335938e+01
6.249979019165039062e+01
6.353521347045898438e+01
6.323989105224609375e+01
6.292199325561523438e+01
6.115793991088867188e+01
6.204595565795898438e+01
6.177421951293945312e+01
6.315060424804687500e+01
6.261060333251953125e+01
6.266079330444335938e+01
6.259749221801757812e+01
6.276061630249023438e+01
6.349291610717773438e+01
6.338912582397460938e+01
6.375305938720703125e+01
6.301373672485351562e+01
6.214944458007812500e+01
6.136068344116210938e+01
6.037656784057617188e+01
6.079140472412109375e+01
6.129951095581054688e+01
6.061890029907226562e+01
6.043056106567382812e+01
5.857471084594726562e+01
5.777933502197265625e+01
5.730904006958007812e+01
5.808911895751953125e+01
5.926429748535156250e+01
6.067013931274414062e+01
6.111201858520507812e+01
6.179285430908203125e+01
6.053491592407226562e+01
6.100513839721679688e+01
6.036861038208007812e+01
6.044506072998046875e+01
6.054799270629882812e+01
6.076464462280273438e+01
6.077407836914062500e+01
6.011812591552734375e+01
6.022689056396484375e+01
6.023572921752929688e+01
6.074233627319335938e+01
6.018513107299804688e+01
5.877812576293945312e+01
5.916094207763671875e+01
5.947757720947265625e+01
5.982236099243164062e+01
5.834725189208984375e+01
5.837008666992187500e+01
5.988866424560546875e+01
6.079647445678710938e+01
6.090305709838867188e+01
6.058987426757812500e+01
5.987321472167968750e+01
6.040316009521484375e+01
5.913444900512695312e+01
5.905981445312500000e+01
5.829160308837890625e+01
5.863371276855468750e+01
5.813009262084960938e+01
5.837125778198242188e+01
5.868224334716796875e+01
5.828134155273437500e+01
5.826182174682617188e+01
5.853003692626953125e+01
5.828193664550781250e+01
5.763849639892578125e+01
5.756632614135742188e+01
5.763319778442382812e+01
5.706744384765625000e+01
5.687879562377929688e+01
5.689534378051757812e+01
5.811653137207031250e+01
5.956379699707031250e+01
6.064882278442382812e+01
5.941910171508789062e+01
5.781119918823242188e+01
5.764379501342773438e+01
5.821256637573242188e+01
5.920290374755859375e+01
5.944712066650390625e+01
5.953925323486328125e+01
5.939965438842773438e+01
5.879397201538085938e+01
5.802857589721679688e+01
5.720754623413085938e+01
5.787770080566406250e+01
5.749806213378906250e+01
5.689404296875000000e+01
5.643732452392578125e+01
5.796536636352539062e+01
5.885468292236328125e+01
5.822993087768554688e+01
5.689130401611328125e+01
5.675765228271484375e+01
5.710593414306640625e+01
5.871222305297851562e+01
5.915117645263671875e+01
5.967564392089843750e+01
5.902551651000976562e+01
5.790660476684570312e+01
5.800044250488281250e+01
5.797568893432617188e+01
5.833530044555664062e+01
5.833914566040039062e+01
5.758052825927734375e+01
5.642099761962890625e+01
5.657357025146484375e+01
5.657824707031250000e+01
5.683913803100585938e+01
5.698222351074218750e+01
5.793049240112304688e+01
5.764940261840820312e+01
5.737963104248046875e+01
5.648646163940429688e+01
5.756022644042968750e+01
5.760284042358398438e+01
5.794033050537109375e+01
5.800114440917968750e+01
5.760154342651367188e+01
5.656470108032226562e+01
5.559769058227539062e+01
5.569495391845703125e+01
5.646829986572265625e+01
5.745277786254882812e+01
5.716840744018554688e+01
5.580177688598632812e+01
5.540266418457031250e+01
5.570848464965820312e+01
5.591647720336914062e+01
5.612504196166992188e+01
5.602242279052734375e+01
5.655727005004882812e+01
5.588533782958984375e+01
5.568822479248046875e+01
5.732757186889648438e+01
5.797119522094726562e+01
5.766141128540039062e+01
5.660744094848632812e+01
5.650400543212890625e+01
5.640877151489257812e+01
5.735196304321289062e+01
5.865561294555664062e+01
5.855136871337890625e+01
5.827796173095703125e+01
5.745935821533203125e+01
5.698122787475585938e+01
5.636802291870117188e+01
5.596357345581054688e+01
5.656417846679687500e+01
5.650467300415039062e+01
5.548451614379882812e+01
5.521717834472656250e+01
5.482025146484375000e+01
5.498609161376953125e+01
5.500888824462890625e+01
5.647363281250000000e+01
5.743928146362304688e+01
5.778685379028320312e+01
5.667876815795898438e+01
5.562857437133789062e+01
5.509943389892578125e+01
5.575625991821289062e+01
5.662021255493164062e+01
5.637746810913085938e+01
5.619146347045898438e+01
5.633963012695312500e+01
5.560615921020507812e+01
5.567994308471679688e+01
5.672230911254882812e+01
5.748500061035156250e+01
5.770072937011718750e+01
5.663124465942382812e+01
5.635074234008789062e+01
5.628028106689453125e+01
5.525304794311523438e+01
5.530894851684570312e+01
5.614030456542968750e+01
5.686611557006835938e+01
5.738670730590820312e+01
5.602224731445312500e+01
5.550770568847656250e+01
5.472665405273437500e+01
5.504566192626953125e+01
5.478217697143554688e+01
5.602602386474609375e+01
5.639300918579101562e+01
5.643187332153320312e+01
5.508261871337890625e+01
5.548417282104492188e+01
5.605846405029296875e+01
5.648332977294921875e+01
5.569170379638671875e+01
5.424660873413085938e+01
5.426676559448242188e+01
5.503074645996093750e+01
5.629617691040039062e+01
5.662504196166992188e+01
5.636884307861328125e+01
5.582267379760742188e+01
5.642480087280273438e+01
5.770096206665039062e+01
5.648049545288085938e+01
5.499083328247070312e+01
5.330387115478515625e+01
5.418298339843750000e+01
5.443466186523437500e+01
5.505533218383789062e+01
5.491320800781250000e+01
5.444110488891601562e+01
5.475291061401367188e+01
5.587461471557617188e+01
5.458067703247070312e+01
5.440184783935546875e+01
5.441796112060546875e+01
5.634511184692382812e+01
5.634779739379882812e+01
5.539939117431640625e+01
5.480963897705078125e+01
5.440492248535156250e+01
5.357039642333984375e+01
5.331798553466796875e+01
5.448751831054687500e+01
5.680989456176757812e+01
5.735416793823242188e+01
5.671651077270507812e+01
5.513330078125000000e+01
5.490822601318359375e+01
5.318426895141601562e+01
5.214713668823242188e+01
5.187759017944335938e+01
5.360312271118164062e+01
5.448131561279296875e+01
5.428765487670898438e+01
5.357728195190429688e+01
5.450927352905273438e+01
5.508610534667968750e+01
5.528618240356445312e+01
5.418404769897460938e+01
5.302407073974609375e+01
5.362925338745117188e+01
5.451418304443359375e+01
5.456399536132812500e+01
5.366370773315429688e+01
5.230171966552734375e+01
5.247363281250000000e+01
5.285290145874023438e+01
5.460072708129882812e+01
5.559591293334960938e+01
5.632317733764648438e+01
5.556612396240234375e+01
5.485943222045898438e+01
5.406475448608398438e+01
5.288482666015625000e+01
5.260195159912109375e+01
5.327099227905273438e+01
5.460570144653320312e+01
5.489053726196289062e+01
5.395833587646484375e+01
5.353704071044921875e+01
5.313397598266601562e+01
5.439918899536132812e+01
5.487488555908203125e+01
5.507889938354492188e+01
5.418020248413085938e+01
5.362891769409179688e+01
5.365363311767578125e+01
5.407519912719726562e+01
5.478721618652343750e+01
5.519357299804687500e+01
5.500648498535156250e+01
5.388088226318359375e+01
5.335918807983398438e+01
5.417540359497070312e+01
5.470772552490234375e+01
5.426882553100585938e+01
5.338735961914062500e+01
5.341055679321289062e+01
5.384603500366210938e+01
5.448265838623046875e+01
5.515238189697265625e+01
5.542042541503906250e+01
5.420257568359375000e+01
5.301587295532226562e+01
5.211471176147460938e+01
5.235472488403320312e+01
5.290386199951171875e+01
5.382468795776367188e+01
5.330691146850585938e+01
5.319552993774414062e+01
5.276084899902343750e+01
5.281780242919921875e+01
5.235268020629882812e+01
5.196054840087890625e+01
5.275546646118164062e+01
5.257973480224609375e+01
5.275402069091796875e+01
5.162217330932617188e+01
5.183935165405273438e+01
5.127270889282226562e+01
5.131349945068359375e+01
5.282228469848632812e+01
5.375838470458984375e+01
5.505218505859375000e+01
5.529623413085937500e+01
5.637850570678710938e+01
5.806186676025390625e+01
5.941789245605468750e+01
5.856383895874023438e+01
5.688129425048828125e+01
5.476998138427734375e+01
5.335639953613281250e+01
5.279107666015625000e+01
5.307742691040039062e+01
5.313240051269531250e+01
5.253776550292968750e+01
5.296097183227539062e+01
5.252375030517578125e+01
5.287171554565429688e+01
5.188000488281250000e+01
5.196214294433593750e+01
5.135870361328125000e+01
5.080610656738281250e+01
5.123564147949218750e+01
5.235484695434570312e+01
5.421556472778320312e+01
5.376459884643554688e+01
5.334286880493164062e+01
5.171926498413085938e+01
5.119910812377929688e+01
5.014293289184570312e+01
5.000215530395507812e+01
5.002482223510742188e+01
5.046452331542968750e+01
5.154000091552734375e+01
5.219260406494140625e+01
5.329338836669921875e+01
5.393138504028320312e+01
5.457345962524414062e+01
5.306686782836914062e+01
5.149451065063476562e+01
5.131493377685546875e+01
5.141107559204101562e+01
5.059708023071289062e+01
4.936865997314453125e+01
4.935918426513671875e+01
5.245388412475585938e+01
5.436554718017578125e+01
5.385615921020507812e+01
5.225756072998046875e+01
5.226972198486328125e+01
5.479520034790039062e+01
5.439931869506835938e+01
5.427102279663085938e+01
5.429898834228515625e+01
5.469567871093750000e+01
5.311961364746093750e+01
5.215215301513671875e+01
5.350712203979492188e+01
5.513116836547851562e+01
5.521321105957031250e+01
5.367173767089843750e+01
5.256418609619140625e+01
5.277986907958984375e+01
5.345193862915039062e+01
5.337326049804687500e+01
5.210775756835937500e+01
5.160736465454101562e+01
5.007343673706054688e+01
4.970495986938476562e+01
4.932084655761718750e+01
5.190724945068359375e+01
5.386663818359375000e+01
5.457275772094726562e+01
5.265252685546875000e+01
5.008250427246093750e+01
5.121428298950195312e+01
5.672478485107421875e+01
5.950703811645507812e+01
5.992296981811523438e+01
5.875373077392578125e+01
5.852980041503906250e+01
5.791419601440429688e+01
5.832465362548828125e+01
5.703564071655273438e+01
5.741307449340820312e+01
5.618549346923828125e+01
5.602146148681640625e+01
5.472816848754882812e+01
5.543000793457031250e+01
5.748426055908203125e+01
5.838624191284179688e+01
5.776856613159179688e+01
5.668199157714843750e+01
5.677293395996093750e+01
5.486531829833984375e+01
5.268410873413085938e+01
5.334233856201171875e+01
5.447042083740234375e+01
5.664591598510742188e+01
5.642539596557617188e+01
5.562762069702148438e+01
5.425601959228515625e+01
5.312531280517578125e+01
5.322668075561523438e+01
5.240788269042968750e+01
5.161482238769531250e+01
5.112977600097656250e+01
5.086642074584960938e+01
5.103613281250000000e+01
5.194498062133789062e+01
5.399644851684570312e+01
5.359324264526367188e+01
5.165998077392578125e+01
5.131163406372070312e+01
5.387052917480468750e+01
5.525843429565429688e+01
5.426509475708007812e+01
5.344877243041992188e+01
5.389080047607421875e+01
5.402262496948242188e+01
5.283487319946289062e+01
5.186511230468750000e+01
5.169108200073242188e+01
5.233514022827148438e+01
5.163331604003906250e+01
5.210644531250000000e+01
5.335655593872070312e+01
5.338433456420898438e+01
5.243745803833007812e+01
5.144130325317382812e+01
5.041704559326171875e+01
5.093866348266601562e+01
5.161521148681640625e+01
5.306886672973632812e+01
5.386323928833007812e+01
5.371848297119140625e+01
5.217600250244140625e+01
5.119530868530273438e+01
5.320388793945312500e+01
5.426308822631835938e+01
5.447544860839843750e+01
5.272283172607421875e+01
5.215734100341796875e+01
5.097013473510742188e+01
5.195145034790039062e+01
5.257434463500976562e+01
5.222376632690429688e+01
5.123530197143554688e+01
5.132782363891601562e+01
5.166139602661132812e+01
5.133501815795898438e+01
5.100492858886718750e+01
5.125942611694335938e+01
5.200351333618164062e+01
5.222694015502929688e+01
5.191041946411132812e+01
5.103039932250976562e+01
5.147377014160156250e+01
5.225199127197265625e+01
5.132803344726562500e+01
5.088301086425781250e+01
5.212891387939453125e+01
5.372308349609375000e+01
5.304481506347656250e+01
5.311830520629882812e+01
5.309073257446289062e+01
5.317419815063476562e+01
5.176607131958007812e+01
5.178783416748046875e+01
5.144398498535156250e+01
5.161100769042968750e+01
5.131966781616210938e+01
5.188330078125000000e+01
5.209447097778320312e+01
5.150328063964843750e+01
5.096477127075195312e+01
5.187823867797851562e+01
5.197525405883789062e+01
5.171874237060546875e+01
5.115805053710937500e+01
5.025922012329101562e+01
4.988650131225585938e+01
5.118032836914062500e+01
5.284245300292968750e+01
5.292954254150390625e+01
5.107541656494140625e+01
5.016391372680664062e+01
4.950154495239257812e+01
5.106250381469726562e+01
5.038223648071289062e+01
4.996729660034179688e+01
5.054729080200195312e+01
5.230622100830078125e+01
5.340951538085937500e+01
5.250286865234375000e+01
5.255269622802734375e+01
5.336859512329101562e+01
5.421412277221679688e+01
5.410280990600585938e+01
5.280928039550781250e+01
5.252711486816406250e+01
5.126785659790039062e+01
5.175681686401367188e+01
5.240045166015625000e+01
5.329776763916015625e+01
5.214749526977539062e+01
5.203679656982421875e+01
5.241229629516601562e+01
5.238166809082031250e+01
5.098360061645507812e+01
5.137277603149414062e+01
5.120589065551757812e+01
5.172277069091796875e+01
4.996552658081054688e+01
4.919402694702148438e+01
4.904055023193359375e+01
4.979183197021484375e+01
5.019872665405273438e+01
5.156178665161132812e+01
5.204272842407226562e+01
5.213825988769531250e+01
5.091193389892578125e+01
4.919181060791015625e+01
4.907147598266601562e+01
4.903511047363281250e+01
4.985475158691406250e+01
5.005590057373046875e+01
5.018048858642578125e+01
4.988301086425781250e+01
4.898580551147460938e+01
4.917710113525390625e+01
4.933388137817382812e+01
4.942223739624023438e+01
4.963261795043945312e+01
5.051964950561523438e+01
5.148051834106445312e+01
5.199470138549804688e+01
5.118218612670898438e+01
5.112798309326171875e+01
5.068771362304687500e+01
5.103000259399414062e+01
5.103843688964843750e+01
5.162756729125976562e+01
5.253247451782226562e+01
5.306201171875000000e+01
5.222415542602539062e+01
5.146519851684570312e+01
5.052248764038085938e+01
4.915677261352539062e+01
5.038518905639648438e+01
5.159928512573242188e+01
5.275386428833007812e+01
5.208227539062500000e+01
5.133258056640625000e+01
5.116326522827148438e+01
5.191436767578125000e+01
5.156736373901367188e+01
4.934245681762695312e+01
4.836826705932617188e+01
4.910636138916015625e+01
5.009998703002929688e+01
4.934259033203125000e+01
4.976832199096679688e+01
4.930853271484375000e+01
4.927669906616210938e+01
5.024006271362304688e+01
5.098236846923828125e+01
5.173575592041015625e+01
5.117105865478515625e+01
5.140853118896484375e+01
5.060565948486328125e+01
5.056267166137695312e+01
4.953739547729492188e+01
5.020119094848632812e+01
5.105877685546875000e+01
5.151766967773437500e+01
5.093811035156250000e+01
5.046102905273437500e+01
5.080687332153320312e+01
5.021058654785156250e+01
5.074855804443359375e+01
5.044569778442382812e+01
5.016738510131835938e+01
4.948356246948242188e+01
4.935486984252929688e+01
4.992445373535156250e+01
4.895292663574218750e+01
4.898238754272460938e+01
4.927891921997070312e+01
5.017212677001953125e+01
5.080362701416015625e+01
5.113279342651367188e+01
5.074629974365234375e+01
5.037940597534179688e+01
5.026989364624023438e+01
5.028346252441406250e+01
5.171350097656250000e+01
5.111166763305664062e+01
4.908695602416992188e+01
4.801403808593750000e+01
4.881895828247070312e+01
4.960051345825195312e+01
5.005212020874023438e+01
4.978920745849609375e+01
4.917288208007812500e+01
4.940603637695312500e+01
5.063527679443359375e+01
5.147909545898437500e+01
5.048015975952148438e+01
5.008731842041015625e+01
4.858345794677734375e+01
4.878168869018554688e+01
4.799243927001953125e+01
4.711548614501953125e+01
4.765454483032226562e+01
4.927667236328125000e+01
5.122994995117187500e+01
5.074597549438476562e+01
5.006904983520507812e+01
4.875716781616210938e+01
4.840370941162109375e+01
4.936624908447265625e+01
5.016138839721679688e+01
4.957181167602539062e+01
4.948857498168945312e+01
4.891171264648437500e+01
4.948005676269531250e+01
4.982489013671875000e+01
5.041503906250000000e+01
5.002267837524414062e+01
5.035839462280273438e+01
4.971499252319335938e+01
4.848610687255859375e+01
4.783419418334960938e+01
4.857469940185546875e+01
4.873432540893554688e+01
4.725698852539062500e+01
4.748345565795898438e+01
4.681158065795898438e+01
4.836871337890625000e+01
4.973648452758789062e+01
5.086593246459960938e+01
5.070428466796875000e+01
4.984658050537109375e+01
4.956269073486328125e+01
4.887826156616210938e+01
4.901744461059570312e+01
4.933254241943359375e+01
5.030377960205078125e+01
5.007884979248046875e+01
5.067219924926757812e+01
4.970900726318359375e+01
4.844775390625000000e+01
4.800474166870117188e+01
4.940688323974609375e+01
4.932182693481445312e+01
4.805130767822265625e+01
4.830760192871093750e+01
4.979818344116210938e+01
5.043096923828125000e+01
5.024010086059570312e+01
4.968939971923828125e+01
4.917038345336914062e+01
4.894574737548828125e+01
4.937268447875976562e+01
4.852040481567382812e+01
4.982806015014648438e+01
5.056759262084960938e+01
5.070233917236328125e+01
5.080667114257812500e+01
4.891299438476562500e+01
4.790061569213867188e+01
4.753094482421875000e+01
4.854008865356445312e+01
4.923602676391601562e+01
4.912959671020507812e+01
4.989908981323242188e+01
5.091126251220703125e+01
5.095444869995117188e+01
5.048169708251953125e+01
5.009724426269531250e+01
4.943551254272460938e+01
4.969139862060546875e+01
5.040451812744140625e+01
5.049661254882812500e+01
4.990124893188476562e+01
4.853319549560546875e+01
4.799843597412109375e+01
4.822651290893554688e+01
4.956630325317382812e+01
4.995797729492187500e+01
4.914198303222656250e+01
4.835969924926757812e+01
4.863946533203125000e+01
4.889402008056640625e+01
4.951183319091796875e+01
5.011861801147460938e+01
5.153495407104492188e+01
5.190725326538085938e+01
5.027590560913085938e+01
4.904046249389648438e+01
4.972375106811523438e+01
5.023847579956054688e+01
5.100016403198242188e+01
5.021361160278320312e+01
4.983441543579101562e+01
4.987847900390625000e+01
5.030690002441406250e+01
4.917395401000976562e+01
4.973773956298828125e+01
4.943973541259765625e+01
4.954864883422851562e+01
4.979171371459960938e+01
5.139348220825195312e+01
5.144551467895507812e+01
5.040969467163085938e+01
4.862680816650390625e+01
4.880811691284179688e+01
5.035013198852539062e+01
5.146995925903320312e+01
5.117985153198242188e+01
4.909000015258789062e+01
4.855048751831054688e+01
4.917555236816406250e+01
4.888064956665039062e+01
4.920206069946289062e+01
5.008952331542968750e+01
5.026995849609375000e+01
5.058754730224609375e+01
4.956225967407226562e+01
4.909998321533203125e+01
4.801566314697265625e+01
4.790615844726562500e+01
4.702298355102539062e+01
4.792852783203125000e+01
4.942963027954101562e+01
5.096576309204101562e+01
5.109211349487304688e+01
5.144691848754882812e+01
5.103163146972656250e+01
4.994955444335937500e+01
4.902519607543945312e+01
4.846471786499023438e+01
4.881573104858398438e+01
4.985073471069335938e+01
4.979624557495117188e+01
4.844762802124023438e+01
4.786317825317382812e+01
4.698498916625976562e+01
4.907287979125976562e+01
5.068962097167968750e+01
5.129196929931640625e+01
4.964812088012695312e+01
4.836959457397460938e+01
4.749660873413085938e+01
4.699404144287109375e+01
4.896965026855468750e+01
5.059799957275390625e+01
4.934630966186523438e+01
4.900022506713867188e+01
4.964378356933593750e+01
4.952995300292968750e+01
4.924277114868164062e+01
5.050683212280273438e+01
5.161936569213867188e+01
5.111307144165039062e+01
5.061540985107421875e+01
5.165845108032226562e+01
5.137844085693359375e+01
5.044650650024414062e+01
4.994749832153320312e+01
4.993753051757812500e+01
4.907160186767578125e+01
4.957435989379882812e+01
4.857900619506835938e+01
4.850112533569335938e+01
5.029314422607421875e+01
5.080376434326171875e+01
4.952737045288085938e+01
4.871221160888671875e+01
4.714671707153320312e+01
4.726604461669921875e+01
4.753935241699218750e+01
4.775226593017578125e+01
4.817649841308593750e+01
4.961320877075195312e+01
5.007264709472656250e+01
4.994375228881835938e+01
5.057287216186523438e+01
5.189153671264648438e+01
5.265705490112304688e+01
5.211003494262695312e+01
5.122101974487304688e+01
4.991791915893554688e+01
4.798921585083007812e+01
4.694665145874023438e+01
4.909336471557617188e+01
4.929699325561523438e+01
4.796963119506835938e+01
4.849873733520507812e+01
5.023635482788085938e+01
5.050930023193359375e+01
4.922751998901367188e+01
4.759170913696289062e+01
4.699821472167968750e+01
4.833971786499023438e+01
5.074386215209960938e+01
5.132497787475585938e+01
5.026478958129882812e+01
4.861950302124023438e+01
4.705000305175781250e+01
4.778490829467773438e+01
4.769725036621093750e+01
4.627954101562500000e+01
4.735328674316406250e+01
4.841419219970703125e+01
4.822697448730468750e+01
4.957804489135742188e+01
4.925851821899414062e+01
4.906143569946289062e+01
4.840694808959960938e+01
4.974036788940429688e+01
5.074636840820312500e+01
5.167504119873046875e+01
5.006467056274414062e+01
4.620021820068359375e+01
4.646003723144531250e+01
4.851522064208984375e+01
4.808533096313476562e+01
4.831202316284179688e+01
4.885532760620117188e+01
5.076728820800781250e+01
5.121707153320312500e+01
4.874623870849609375e+01
4.910213851928710938e+01
5.059481430053710938e+01
5.149573516845703125e+01
4.871983337402343750e+01
4.580500030517578125e+01
4.528291702270507812e+01
4.755414581298828125e+01
4.964731597900390625e+01
4.941575241088867188e+01
4.753042602539062500e+01
4.748585891723632812e+01
4.899258422851562500e+01
5.132614135742187500e+01
5.044898986816406250e+01
4.976567077636718750e+01
5.003416442871093750e+01
4.986262893676757812e+01
4.956158065795898438e+01
4.800308990478515625e+01
4.613032150268554688e+01
4.649039077758789062e+01
4.842405700683593750e+01
4.896360397338867188e+01
4.846464538574218750e+01
4.861968612670898438e+01
4.928948974609375000e+01
4.934429168701171875e+01
4.909494781494140625e+01
4.989362335205078125e+01
4.946352386474609375e+01
4.826581573486328125e+01
4.974139785766601562e+01
5.020666503906250000e+01
5.037406158447265625e+01
4.827893829345703125e+01
4.824749755859375000e+01
5.029363250732421875e+01
5.193653488159179688e+01
4.998223114013671875e+01
4.864387130737304688e+01
4.842624664306640625e+01
4.763393783569335938e+01
4.721834564208984375e+01
4.775439071655273438e+01
4.866750335693359375e+01
4.885161209106445312e+01
4.865011596679687500e+01
4.730498504638671875e+01
4.807008743286132812e+01
4.949821090698242188e+01
5.010346984863281250e+01
4.990513229370117188e+01
5.052285385131835938e+01
4.925925064086914062e+01
4.942991638183593750e+01
5.008569335937500000e+01
5.014007186889648438e+01
4.949616241455078125e+01
4.940223312377929688e+01
5.091412734985351562e+01
5.144354248046875000e+01
4.866051864624023438e+01
4.781527328491210938e+01
4.818569183349609375e+01
4.928048706054687500e+01
5.097614669799804688e+01
5.016971206665039062e+01
4.964120483398437500e+01
5.036423873901367188e+01
5.024744415283203125e+01
4.862313079833984375e+01
4.846390914916992188e+01
5.010393142700195312e+01
5.106574630737304688e+01
4.981164550781250000e+01
4.904341888427734375e+01
4.858275985717773438e+01
5.008654022216796875e+01
5.034706497192382812e+01
4.954566192626953125e+01
4.911257171630859375e+01
5.012193298339843750e+01
5.153641128540039062e+01
5.142993545532226562e+01
4.964711380004882812e+01
4.952511596679687500e+01
5.057187271118164062e+01
5.212955474853515625e+01
5.191398620605468750e+01
5.061481094360351562e+01
5.047074127197265625e+01
5.176476287841796875e+01
5.218951034545898438e+01
5.073320770263671875e+01
5.010705566406250000e+01
4.936017990112304688e+01
4.923894500732421875e+01
4.935724639892578125e+01
4.881616210937500000e+01
4.890799713134765625e+01
4.895679855346679688e+01
4.838806152343750000e+01
4.901704025268554688e+01
5.014505004882812500e+01
5.093328475952148438e+01
5.101958847045898438e+01
5.026969146728515625e+01
4.798805999755859375e+01
4.633261871337890625e+01
4.634621429443359375e+01
4.674124908447265625e+01
4.756379699707031250e+01
4.822830200195312500e+01
4.918307876586914062e+01
4.949908447265625000e+01
4.876626205444335938e+01
4.954872894287109375e+01
5.046900177001953125e+01
4.945893478393554688e+01
4.899847030639648438e+01
4.911138153076171875e+01
4.764027786254882812e+01
4.762694549560546875e+01
4.774515533447265625e+01
4.635229110717773438e+01
4.662950134277343750e+01
4.727348327636718750e+01
4.862687301635742188e+01
4.895782470703125000e+01
4.948047256469726562e+01
4.876019287109375000e+01
4.771368408203125000e+01
4.644854354858398438e+01
4.592605590820312500e+01
4.616259384155273438e+01
4.725762176513671875e+01
4.849408721923828125e+01
4.855443572998046875e+01
4.797707748413085938e+01
4.819970703125000000e+01
4.874581909179687500e+01
4.697525405883789062e+01
4.561439132690429688e+01
4.699372100830078125e+01
4.689865493774414062e+01
4.563389968872070312e+01
4.554669570922851562e+01
4.542105865478515625e+01
4.647724151611328125e+01
4.696036529541015625e+01
4.587263107299804688e+01
4.625762176513671875e+01
4.751816940307617188e+01
4.881986999511718750e+01
4.672140502929687500e+01
4.513959503173828125e+01
4.646691513061523438e+01
4.648092269897460938e+01
4.774918746948242188e+01
4.837634277343750000e+01
4.718336105346679688e+01
4.724551010131835938e+01
4.701713180541992188e+01
4.616815567016601562e+01
4.718407058715820312e+01
4.797747802734375000e+01
4.798722076416015625e+01
4.838771820068359375e+01
4.791323471069335938e+01
4.902610397338867188e+01
5.046747589111328125e+01
5.010866928100585938e+01
4.826274871826171875e+01
4.699424743652343750e+01
4.658377838134765625e+01
4.658931350708007812e+01
4.788320922851562500e+01
4.821690368652343750e+01
4.848504638671875000e+01
4.756800460815429688e+01
4.717552185058593750e+01
4.805876922607421875e+01
4.705947875976562500e+01
4.773112106323242188e+01
4.990374755859375000e+01
4.859339904785156250e+01
4.697212219238281250e+01
4.897848510742187500e+01
4.995489501953125000e+01
4.835131072998046875e+01
4.672934722900390625e+01
4.690227508544921875e+01
4.573378372192382812e+01
4.573053741455078125e+01
4.916473388671875000e+01
4.811172866821289062e+01
4.631523132324218750e+01
4.723853683471679688e+01
4.784921646118164062e+01
4.884952163696289062e+01
4.974698257446289062e+01
4.937272262573242188e+01
4.929729461669921875e+01
4.762761688232421875e+01
4.748304748535156250e+01
4.858815383911132812e+01
4.855779266357421875e+01
4.819729232788085938e+01
4.596418762207031250e+01
4.480195999145507812e+01
4.537022399902343750e+01
4.647674179077148438e+01
4.775849914550781250e+01
4.781751632690429688e+01
4.735243606567382812e+01
4.708629608154296875e+01
4.479379653930664062e+01
4.440286636352539062e+01
4.595872879028320312e+01
4.668176269531250000e+01
4.613737487792968750e+01
4.536909484863281250e+01
4.592115020751953125e+01
4.715683364868164062e+01
4.739020156860351562e+01
4.683372497558593750e+01
4.700631713867187500e+01
4.602024459838867188e+01
4.599056625366210938e+01
4.719077301025390625e+01
4.718936157226562500e+01
4.744026184082031250e+01
4.628392410278320312e+01
4.464666748046875000e+01
4.682892227172851562e+01
4.823894500732421875e+01
4.735627746582031250e+01
4.718168258666992188e+01
4.839765548706054688e+01
4.898391723632812500e+01
4.778536987304687500e+01
4.698888397216796875e+01
4.560182189941406250e+01
4.462254333496093750e+01
4.427789688110351562e+01
4.380251693725585938e+01
4.528920745849609375e+01
4.650540542602539062e+01
4.596876907348632812e+01
4.492565155029296875e+01
4.509257888793945312e+01
4.486927032470703125e+01
4.548718643188476562e+01
4.622335815429687500e+01
4.664933013916015625e+01
4.730458450317382812e+01
4.732877731323242188e+01
4.694526290893554688e+01
4.663758468627929688e+01
4.519850540161132812e+01
4.541963958740234375e+01
4.660468292236328125e+01
4.598617172241210938e+01
4.612897109985351562e+01
4.664982986450195312e+01
4.627455139160156250e+01
4.644034576416015625e+01
4.613016510009765625e+01
4.541173934936523438e+01
4.557540512084960938e+01
4.629949188232421875e+01
4.595925140380859375e+01
4.599455642700195312e+01
4.599035263061523438e+01
4.743257904052734375e+01
4.724827194213867188e+01
4.612908554077148438e+01
4.589075088500976562e+01
4.407002639770507812e+01
4.502630996704101562e+01
4.623788833618164062e+01
4.578261566162109375e+01
4.617444229125976562e+01
4.648806381225585938e+01
4.600114440917968750e+01
4.557670211791992188e+01
4.555706405639648438e+01
4.463991546630859375e+01
4.535301208496093750e+01
4.530726623535156250e+01
4.419739532470703125e+01
4.417461395263671875e+01
4.622932815551757812e+01
4.659192657470703125e+01
4.393758010864257812e+01
4.500424575805664062e+01
4.583592224121093750e+01
4.473102188110351562e+01
4.483227539062500000e+01
4.492012405395507812e+01
4.523163986206054688e+01
4.606044769287109375e+01
4.486732101440429688e+01
4.375461959838867188e+01
4.413131713867187500e+01
4.536611175537109375e+01
4.513726043701171875e+01
4.533604812622070312e+01
4.537926483154296875e+01
4.509041595458984375e+01
4.347350692749023438e+01
4.256344223022460938e+01
4.394534683227539062e+01
4.673785400390625000e+01
4.823506927490234375e+01
4.585859680175781250e+01
4.535204315185546875e+01
4.697014236450195312e+01
4.445874404907226562e+01
4.262644195556640625e+01
4.216109848022460938e+01
4.286075210571289062e+01
4.365049743652343750e+01
4.386283874511718750e+01
4.515599441528320312e+01
4.557017135620117188e+01
4.538307952880859375e+01
4.586101150512695312e+01
4.387763214111328125e+01
4.399591827392578125e+01
4.521324157714843750e+01
4.442523956298828125e+01
4.292141342163085938e+01
4.419224166870117188e+01
4.570169067382812500e+01
4.489409255981445312e+01
4.495546340942382812e+01
4.576808929443359375e+01
4.431947708129882812e+01
4.274412918090820312e+01
4.397359848022460938e+01
4.541560745239257812e+01
4.449393463134765625e+01
4.294397354125976562e+01
4.456164932250976562e+01
4.416999053955078125e+01
4.274104309082031250e+01
4.075837707519531250e+01
4.124383926391601562e+01
4.416424560546875000e+01
4.444462203979492188e+01
4.514407348632812500e+01
4.461301040649414062e+01
4.213358688354492188e+01
4.392246246337890625e+01
4.434455871582031250e+01
4.100135803222656250e+01
4.305363082885742188e+01
4.296805191040039062e+01
3.978470230102539062e+01
3.862009048461914062e+01
3.977288818359375000e+01
4.344060134887695312e+01
4.420843505859375000e+01
4.378576278686523438e+01
4.111801910400390625e+01
4.030826568603515625e+01
4.049870681762695312e+01
3.789329147338867188e+01
3.920333099365234375e+01
4.386027908325195312e+01
4.720490646362304688e+01
4.538380432128906250e+01
4.520248794555664062e+01
4.544829559326171875e+01
4.339624023437500000e+01
4.369631576538085938e+01
4.163002014160156250e+01
4.029331588745117188e+01
3.976041030883789062e+01
4.135671234130859375e+01
4.301431274414062500e+01
4.169353485107421875e+01
4.226145172119140625e+01
4.416238403320312500e+01
4.374130630493164062e+01
4.367022705078125000e+01
4.279927444458007812e+01
4.114109420776367188e+01
4.122988510131835938e+01
4.344813537597656250e+01
4.596709442138671875e+01
4.700730514526367188e+01
4.193581771850585938e+01
3.705165100097656250e+01
3.761730575561523438e+01
4.014730834960937500e+01
3.706304550170898438e+01
3.678766250610351562e+01
4.372942352294921875e+01
4.631401824951171875e+01
4.449818420410156250e+01
4.076115417480468750e+01
3.826866531372070312e+01
3.838235855102539062e+01
4.084450912475585938e+01
4.525020980834960938e+01
4.596579742431640625e+01
4.930081176757812500e+01
5.351025390625000000e+01
5.158059692382812500e+01
5.408094406127929688e+01
5.368405151367187500e+01
4.932923126220703125e+01
4.837519836425781250e+01
4.469028472900390625e+01
4.664027023315429688e+01
4.533557510375976562e+01
4.018305969238281250e+01
3.460265731811523438e+01
4.092424011230468750e+01
5.512137985229492188e+01
5.140936660766601562e+01
4.740242004394531250e+01
5.345908737182617188e+01
4.954814910888671875e+01
5.205417251586914062e+01
5.843089294433593750e+01
6.388156509399414062e+01
6.772743988037109375e+01
6.617635345458984375e+01
6.672867584228515625e+01
7.374565124511718750e+01
6.150020980834960938e+01
5.492599487304687500e+01
5.937339401245117188e+01
3.975693893432617188e+01
6.261376571655273438e+01
6.542627716064453125e+01
3.543694305419921875e+01
5.579624938964843750e+01
8.152056884765625000e+01
6.258187103271484375e+01
4.336278152465820312e+01
3.959239578247070312e+01
nan
nan
nan
