nan
nan
nan
nan
nan
nan
nan
nan
nan
nan
nan
nan
nan
nan
nan
nan
nan
nan
nan
nan
nan
nan
nan
nan
nan
nan
nan
3.520851745605468750e+02
3.556018981933593750e+02
3.576381530761718750e+02
3.609522705078125000e+02
3.623357543945312500e+02
3.667368469238281250e+02
3.707603149414062500e+02
3.638758239746093750e+02
3.496903991699218750e+02
3.412483215332031250e+02
3.517539367675781250e+02
3.549177856445312500e+02
3.520015563964843750e+02
3.517228088378906250e+02
3.557535705566406250e+02
3.553934326171875000e+02
3.557582092285156250e+02
3.540738830566406250e+02
3.537420043945312500e+02
3.442267456054687500e+02
3.481373291015625000e+02
3.521692504882812500e+02
3.577981872558593750e+02
3.534366149902343750e+02
3.514875793457031250e+02
3.510355529785156250e+02
3.532046203613281250e+02
3.523650207519531250e+02
3.504159545898437500e+02
3.423114929199218750e+02
3.415687866210937500e+02
3.425004272460937500e+02
3.471496582031250000e+02
3.497854003906250000e+02
3.491838989257812500e+02
3.476535034179687500e+02
3.477068176269531250e+02
3.463774108886718750e+02
3.458017578125000000e+02
3.436303710937500000e+02
3.464810180664062500e+02
3.462266845703125000e+02
3.508347473144531250e+02
3.541561584472656250e+02
3.534387817382812500e+02
3.500344848632812500e+02
3.460859985351562500e+02
3.503016662597656250e+02
3.488768920898437500e+02
3.525754089355468750e+02
3.458876342773437500e+02
3.466466064453125000e+02
3.480167846679687500e+02
3.500658569335937500e+02
3.457135925292968750e+02
3.374195556640625000e+02
3.374913635253906250e+02
3.404110717773437500e+02
3.397261352539062500e+02
3.379577941894531250e+02
3.377698669433593750e+02
3.413560180664062500e+02
3.431621093750000000e+02
3.433232727050781250e+02
3.422368164062500000e+02
3.443883972167968750e+02
3.427654724121093750e+02
3.449831542968750000e+02
3.451510925292968750e+02
3.444151000976562500e+02
3.442046813964843750e+02
3.475319519042968750e+02
3.528784179687500000e+02
3.579248657226562500e+02
3.571680908203125000e+02
3.552991943359375000e+02
3.534103088378906250e+02
3.573352966308593750e+02
3.595015563964843750e+02
3.584391784667968750e+02
3.555755920410156250e+02
3.520421752929687500e+02
3.488327941894531250e+02
3.474887390136718750e+02
3.458148498535156250e+02
3.450246887207031250e+02
3.420919799804687500e+02
3.442233581542968750e+02
3.424375915527343750e+02
3.456094360351562500e+02
3.470597839355468750e+02
3.516114807128906250e+02
3.533896179199218750e+02
3.514239196777343750e+02
3.487947387695312500e+02
3.470635681152343750e+02
3.501195373535156250e+02
3.519415283203125000e+02
3.536594238281250000e+02
3.537664489746093750e+02
3.532348632812500000e+02
3.525816650390625000e+02
3.495529174804687500e+02
3.482973937988281250e+02
3.472340698242187500e+02
3.488152465820312500e+02
3.508013610839843750e+02
3.506490173339843750e+02
3.525164794921875000e+02
3.502821960449218750e+02
3.526611938476562500e+02
3.523985595703125000e+02
3.557364807128906250e+02
3.584134826660156250e+02
3.581615905761718750e+02
3.543847961425781250e+02
3.538218078613281250e+02
3.526216125488281250e+02
3.548402709960937500e+02
3.539866943359375000e+02
3.529924011230468750e+02
3.532946166992187500e+02
3.549651794433593750e+02
3.537181396484375000e+02
3.558923034667968750e+02
3.553512573242187500e+02
3.550059509277343750e+02
3.536372680664062500e+02
3.542960815429687500e+02
3.550037841796875000e+02
3.555948486328125000e+02
3.553610229492187500e+02
3.559499206542968750e+02
3.578777465820312500e+02
3.573552246093750000e+02
3.568953247070312500e+02
3.557610473632812500e+02
3.552277526855468750e+02
3.573133239746093750e+02
3.592321472167968750e+02
3.606019897460937500e+02
3.602049255371093750e+02
3.591726379394531250e+02
3.591332397460937500e+02
3.553143005371093750e+02
3.517571411132812500e+02
3.528457336425781250e+02
3.566807556152343750e+02
3.610579223632812500e+02
3.649961242675781250e+02
3.672103881835937500e+02
3.648190612792968750e+02
3.609812622070312500e+02
3.596719970703125000e+02
3.602811584472656250e+02
3.608048706054687500e+02
3.595872497558593750e+02
3.586030578613281250e+02
3.598435363769531250e+02
3.582966308593750000e+02
3.579898376464843750e+02
3.562043457031250000e+02
3.573509521484375000e+02
3.614266662597656250e+02
3.643323669433593750e+02
3.655653076171875000e+02
3.635466918945312500e+02
3.603248596191406250e+02
3.596118164062500000e+02
3.583754882812500000e+02
3.584582519531250000e+02
3.591137390136718750e+02
3.612770690917968750e+02
3.584533081054687500e+02
3.614412536621093750e+02
3.636593322753906250e+02
3.663469238281250000e+02
3.660030212402343750e+02
3.655053405761718750e+02
3.658495788574218750e+02
3.650969238281250000e+02
3.604976806640625000e+02
3.586808166503906250e+02
3.597317199707031250e+02
3.602290344238281250e+02
3.600939941406250000e+02
3.581702880859375000e+02
3.587273559570312500e+02
3.585341796875000000e+02
3.564729919433593750e+02
3.566603698730468750e+02
3.601851196289062500e+02
3.629730224609375000e+02
3.650191650390625000e+02
3.623241271972656250e+02
3.596995239257812500e+02
3.586113586425781250e+02
3.593181152343750000e+02
3.626099548339843750e+02
3.641732482910156250e+02
3.651476440429687500e+02
3.653081665039062500e+02
3.648735046386718750e+02
3.640487060546875000e+02
3.631210632324218750e+02
3.629888305664062500e+02
3.634465332031250000e+02
3.623497924804687500e+02
3.627852172851562500e+02
3.621920776367187500e+02
3.636771240234375000e+02
3.624395141601562500e+02
3.665346679687500000e+02
3.675405883789062500e+02
3.664247741699218750e+02
3.670176391601562500e+02
3.670320739746093750e+02
3.685245971679687500e+02
3.671718750000000000e+02
3.667730712890625000e+02
3.661758117675781250e+02
3.675852661132812500e+02
3.690870056152343750e+02
3.697301940917968750e+02
3.696173706054687500e+02
3.687766418457031250e+02
3.661266479492187500e+02
3.636997680664062500e+02
3.625559082031250000e+02
3.625890502929687500e+02
3.649771118164062500e+02
3.663416442871093750e+02
3.694561462402343750e+02
3.706348876953125000e+02
3.680735778808593750e+02
3.665105590820312500e+02
3.669241638183593750e+02
3.702002258300781250e+02
3.704034729003906250e+02
3.713751220703125000e+02
3.677751770019531250e+02
3.661715087890625000e+02
3.638583068847656250e+02
3.623568420410156250e+02
3.640261840820312500e+02
3.632761840820312500e+02
3.644133605957031250e+02
3.663930664062500000e+02
3.674019470214843750e+02
3.692977294921875000e+02
3.687733154296875000e+02
3.727117919921875000e+02
3.733551635742187500e+02
3.734780273437500000e+02
3.719227905273437500e+02
3.693291320800781250e+02
3.701067199707031250e+02
3.701956176757812500e+02
3.714545898437500000e+02
3.692058410644531250e+02
3.667124938964843750e+02
3.629018249511718750e+02
3.615678405761718750e+02
3.627401733398437500e+02
3.636107788085937500e+02
3.675655822753906250e+02
3.662851562500000000e+02
3.676782531738281250e+02
3.684502563476562500e+02
3.693728942871093750e+02
3.709889831542968750e+02
3.682876586914062500e+02
3.661768798828125000e+02
3.636556701660156250e+02
3.638004760742187500e+02
3.673138427734375000e+02
3.666563110351562500e+02
3.659915161132812500e+02
3.656511840820312500e+02
3.667775573730468750e+02
3.691741333007812500e+02
3.703638916015625000e+02
3.695675659179687500e+02
3.685867309570312500e+02
3.681022644042968750e+02
3.699795837402343750e+02
3.703980712890625000e+02
3.703945922851562500e+02
3.669229736328125000e+02
3.655553894042968750e+02
3.653496704101562500e+02
3.655013122558593750e+02
3.662537536621093750e+02
3.655006408691406250e+02
3.637040710449218750e+02
3.618967285156250000e+02
3.614594116210937500e+02
3.635672607421875000e+02
3.656881713867187500e+02
3.663812866210937500e+02
3.663136291503906250e+02
3.658486022949218750e+02
3.669620971679687500e+02
3.650444335937500000e+02
3.659048767089843750e+02
3.642871704101562500e+02
3.662376098632812500e+02
3.650177612304687500e+02
3.641832275390625000e+02
3.629273986816406250e+02
3.620359802246093750e+02
3.630465698242187500e+02
3.623342895507812500e+02
3.627702331542968750e+02
3.602976074218750000e+02
3.626762390136718750e+02
3.637118225097656250e+02
3.649963989257812500e+02
3.627386169433593750e+02
3.613362731933593750e+02
3.614351196289062500e+02
3.627112731933593750e+02
3.632830200195312500e+02
3.624007263183593750e+02
3.632160034179687500e+02
3.655909118652343750e+02
3.667447814941406250e+02
3.644192504882812500e+02
3.618389282226562500e+02
3.640500793457031250e+02
3.687418518066406250e+02
3.686826782226562500e+02
3.651408996582031250e+02
3.614605712890625000e+02
3.617590332031250000e+02
3.620735473632812500e+02
3.616628723144531250e+02
3.586314392089843750e+02
3.578985900878906250e+02
3.571666564941406250e+02
3.588097839355468750e+02
3.598765563964843750e+02
3.607996826171875000e+02
3.630115661621093750e+02
3.630064086914062500e+02
3.633925476074218750e+02
3.624056396484375000e+02
3.611596069335937500e+02
3.603580322265625000e+02
3.596971740722656250e+02
3.598059082031250000e+02
3.589453430175781250e+02
3.574095458984375000e+02
3.589857177734375000e+02
3.607420959472656250e+02
3.607355651855468750e+02
3.574514465332031250e+02
3.542865600585937500e+02
3.532781982421875000e+02
3.546598205566406250e+02
3.575762939453125000e+02
3.583839111328125000e+02
3.594337158203125000e+02
3.594800415039062500e+02
3.570108642578125000e+02
3.561379394531250000e+02
3.547001953125000000e+02
3.556414489746093750e+02
3.591569824218750000e+02
3.616381835937500000e+02
3.624590148925781250e+02
3.614502258300781250e+02
3.597373962402343750e+02
3.576838989257812500e+02
3.572998962402343750e+02
3.580276794433593750e+02
3.568756713867187500e+02
3.581570129394531250e+02
3.576037292480468750e+02
3.597254028320312500e+02
3.557591552734375000e+02
3.551129455566406250e+02
3.561856689453125000e+02
3.571828613281250000e+02
3.584762268066406250e+02
3.573741455078125000e+02
3.578409729003906250e+02
3.572223205566406250e+02
3.547729187011718750e+02
3.554085388183593750e+02
3.539835815429687500e+02
3.552738342285156250e+02
3.548179626464843750e+02
3.553417968750000000e+02
3.511329345703125000e+02
3.514324951171875000e+02
3.523530273437500000e+02
3.557338867187500000e+02
3.579550170898437500e+02
3.582746582031250000e+02
3.569945373535156250e+02
3.541833496093750000e+02
3.504161682128906250e+02
3.505098266601562500e+02
3.511049499511718750e+02
3.553268737792968750e+02
3.588710632324218750e+02
3.597899475097656250e+02
3.608359985351562500e+02
3.571670837402343750e+02
3.553136901855468750e+02
3.529950866699218750e+02
3.517752075195312500e+02
3.499741821289062500e+02
3.486314392089843750e+02
3.498875732421875000e+02
3.527028808593750000e+02
3.559453430175781250e+02
3.567883605957031250e+02
3.557077331542968750e+02
3.551077575683593750e+02
3.529117736816406250e+02
3.538653564453125000e+02
3.529696350097656250e+02
3.504597473144531250e+02
3.520932006835937500e+02
3.510764465332031250e+02
3.507252197265625000e+02
3.495006408691406250e+02
3.485732727050781250e+02
3.513787841796875000e+02
3.524607238769531250e+02
3.529663696289062500e+02
3.508413085937500000e+02
3.499911499023437500e+02
3.498004760742187500e+02
3.502712097167968750e+02
3.516976013183593750e+02
3.508110961914062500e+02
3.498819885253906250e+02
3.494512939453125000e+02
3.488060302734375000e+02
3.488733520507812500e+02
3.465695800781250000e+02
3.442128295898437500e+02
3.434447326660156250e+02
3.439963989257812500e+02
3.442438354492187500e+02
3.434772338867187500e+02
3.442458801269531250e+02
3.455659484863281250e+02
3.473404846191406250e+02
3.481199035644531250e+02
3.459347839355468750e+02
3.436666564941406250e+02
3.399475402832031250e+02
3.379777526855468750e+02
3.391735839843750000e+02
3.420676269531250000e+02
3.436321716308593750e+02
3.464110717773437500e+02
3.485256042480468750e+02
3.505708007812500000e+02
3.486188049316406250e+02
3.476893615722656250e+02
3.463563842773437500e+02
3.447674255371093750e+02
3.417996826171875000e+02
3.406346435546875000e+02
3.402722778320312500e+02
3.406092834472656250e+02
3.403911743164062500e+02
3.403569030761718750e+02
3.416412353515625000e+02
3.427402343750000000e+02
3.436777648925781250e+02
3.405728454589843750e+02
3.378068542480468750e+02
3.359118041992187500e+02
3.373391113281250000e+02
3.381866760253906250e+02
3.381814270019531250e+02
3.367910156250000000e+02
3.363782043457031250e+02
3.378179321289062500e+02
3.379558715820312500e+02
3.380719299316406250e+02
3.389125976562500000e+02
3.392983398437500000e+02
3.394519042968750000e+02
3.371199951171875000e+02
3.359654541015625000e+02
3.356440429687500000e+02
3.363681335449218750e+02
3.358206176757812500e+02
3.353644714355468750e+02
3.348712463378906250e+02
3.342112731933593750e+02
3.339795532226562500e+02
3.326892089843750000e+02
3.331806030273437500e+02
3.355817260742187500e+02
3.367006225585937500e+02
3.368906555175781250e+02
3.349434204101562500e+02
3.357451477050781250e+02
3.355281677246093750e+02
3.350937500000000000e+02
3.355147705078125000e+02
3.325769958496093750e+02
3.333424072265625000e+02
3.312050170898437500e+02
3.329521484375000000e+02
3.342715454101562500e+02
3.339165649414062500e+02
3.333400573730468750e+02
3.314469299316406250e+02
3.302387390136718750e+02
3.300876464843750000e+02
3.293147888183593750e+02
3.281261901855468750e+02
3.283573913574218750e+02
3.293442687988281250e+02
3.292916564941406250e+02
3.288352966308593750e+02
3.291433105468750000e+02
3.299952697753906250e+02
3.280361938476562500e+02
3.274993286132812500e+02
3.268146362304687500e+02
3.284202880859375000e+02
3.267890930175781250e+02
3.249754638671875000e+02
3.238191223144531250e+02
3.217380371093750000e+02
3.226388854980468750e+02
3.231770324707031250e+02
3.227329101562500000e+02
3.210664672851562500e+02
3.208687133789062500e+02
3.219674072265625000e+02
3.231608276367187500e+02
3.250794982910156250e+02
3.239915466308593750e+02
3.256589355468750000e+02
3.267756652832031250e+02
3.283132019042968750e+02
3.273489990234375000e+02
3.251817321777343750e+02
3.236106567382812500e+02
3.235149536132812500e+02
3.243565979003906250e+02
3.249435729980468750e+02
3.258487854003906250e+02
3.255975036621093750e+02
3.262229614257812500e+02
3.280570983886718750e+02
3.254129028320312500e+02
3.221206970214843750e+02
3.206161193847656250e+02
3.208718261718750000e+02
3.204808959960937500e+02
3.207977600097656250e+02
3.215047912597656250e+02
3.229229125976562500e+02
3.220020141601562500e+02
3.224018249511718750e+02
3.213941040039062500e+02
3.205448913574218750e+02
3.192460632324218750e+02
3.185511474609375000e+02
3.173199462890625000e+02
3.176450805664062500e+02
3.211325378417968750e+02
3.228489685058593750e+02
3.235371398925781250e+02
3.201058044433593750e+02
3.165972290039062500e+02
3.142323608398437500e+02
3.135643310546875000e+02
3.156624145507812500e+02
3.173283691406250000e+02
3.180026550292968750e+02
3.178453063964843750e+02
3.158702697753906250e+02
3.145017700195312500e+02
3.130003662109375000e+02
3.126919250488281250e+02
3.157451171875000000e+02
3.165152587890625000e+02
3.149227294921875000e+02
3.127803955078125000e+02
3.102252807617187500e+02
3.101664733886718750e+02
3.107247314453125000e+02
3.123484802246093750e+02
3.122058715820312500e+02
3.121215209960937500e+02
3.099118652343750000e+02
3.096864929199218750e+02
3.100688171386718750e+02
3.103062744140625000e+02
3.090753479003906250e+02
3.074704284667968750e+02
3.055805358886718750e+02
3.040905151367187500e+02
3.039898071289062500e+02
3.039208374023437500e+02
3.038248596191406250e+02
3.042131958007812500e+02
3.044206848144531250e+02
3.049414672851562500e+02
3.026678771972656250e+02
3.031300048828125000e+02
3.023174438476562500e+02
3.030630493164062500e+02
3.028317565917968750e+02
3.027566223144531250e+02
3.028758239746093750e+02
3.022646484375000000e+02
3.044244384765625000e+02
3.039091186523437500e+02
3.046007080078125000e+02
3.007864990234375000e+02
2.994431152343750000e+02
2.986470642089843750e+02
3.001934814453125000e+02
3.018359985351562500e+02
3.016348876953125000e+02
2.979389038085937500e+02
2.970936279296875000e+02
2.977974243164062500e+02
3.002198791503906250e+02
2.996644592285156250e+02
2.981228332519531250e+02
2.970132141113281250e+02
2.976584777832031250e+02
2.987664794921875000e+02
2.993453674316406250e+02
2.970039367675781250e+02
2.958755798339843750e+02
2.950121459960937500e+02
2.965071716308593750e+02
2.957416381835937500e+02
2.947377624511718750e+02
2.956052246093750000e+02
2.955738220214843750e+02
2.968021545410156250e+02
2.982125854492187500e+02
2.972846679687500000e+02
2.974250793457031250e+02
2.966326599121093750e+02
2.961867675781250000e+02
2.935219726562500000e+02
2.926264953613281250e+02
2.928116149902343750e+02
2.935645751953125000e+02
2.923080444335937500e+02
2.923999938964843750e+02
2.912283020019531250e+02
2.930031127929687500e+02
2.936041564941406250e+02
2.931551513671875000e+02
2.884785461425781250e+02
2.866532592773437500e+02
2.874128112792968750e+02
2.866876831054687500e+02
2.859155883789062500e+02
2.846420593261718750e+02
2.862928161621093750e+02
2.879583129882812500e+02
2.892380371093750000e+02
2.889997863769531250e+02
2.857256774902343750e+02
2.836915283203125000e+02
2.823512573242187500e+02
2.841790466308593750e+02
2.863564147949218750e+02
2.862011718750000000e+02
2.871974792480468750e+02
2.864286499023437500e+02
2.838807373046875000e+02
2.832411193847656250e+02
2.814997253417968750e+02
2.843706359863281250e+02
2.834917297363281250e+02
2.859610900878906250e+02
2.866252746582031250e+02
2.871006469726562500e+02
2.864375305175781250e+02
2.848670654296875000e+02
2.846480102539062500e+02
2.845187683105468750e+02
2.849459533691406250e+02
2.854822998046875000e+02
2.860466613769531250e+02
2.865352478027343750e+02
2.859057617187500000e+02
2.847496948242187500e+02
2.838161010742187500e+02
2.823136291503906250e+02
2.815335083007812500e+02
2.824169616699218750e+02
2.817176818847656250e+02
2.825846557617187500e+02
2.834694213867187500e+02
2.826401062011718750e+02
2.807038269042968750e+02
2.777209472656250000e+02
2.779414367675781250e+02
2.786056823730468750e+02
2.797406921386718750e+02
2.769839172363281250e+02
2.758864135742187500e+02
2.763677062988281250e+02
2.793554687500000000e+02
2.790993041992187500e+02
2.785686645507812500e+02
2.792896728515625000e+02
2.792542114257812500e+02
2.765060424804687500e+02
2.734775085449218750e+02
2.713770751953125000e+02
2.727202148437500000e+02
2.733742675781250000e+02
2.762096557617187500e+02
2.766270751953125000e+02
2.776860046386718750e+02
2.784406127929687500e+02
2.782886962890625000e+02
2.781698913574218750e+02
2.754783325195312500e+02
2.753405761718750000e+02
2.728979187011718750e+02
2.725385437011718750e+02
2.707849731445312500e+02
2.726406860351562500e+02
2.741870117187500000e+02
2.749674682617187500e+02
2.751130676269531250e+02
2.742847900390625000e+02
2.752943115234375000e+02
2.733427429199218750e+02
2.705185852050781250e+02
2.698189392089843750e+02
2.697707824707031250e+02
2.715551452636718750e+02
2.689495544433593750e+02
2.695140075683593750e+02
2.694724121093750000e+02
2.689660949707031250e+02
2.693388366699218750e+02
2.702520751953125000e+02
2.708418884277343750e+02
2.696403198242187500e+02
2.680851745605468750e+02
2.666028747558593750e+02
2.667871704101562500e+02
2.665271606445312500e+02
2.670437316894531250e+02
2.656878356933593750e+02
2.668683471679687500e+02
2.686882019042968750e+02
2.691118164062500000e+02
2.669654541015625000e+02
2.655370178222656250e+02
2.640928344726562500e+02
2.642570190429687500e+02
2.642079772949218750e+02
2.652619934082031250e+02
2.665647888183593750e+02
2.679997558593750000e+02
2.671771545410156250e+02
2.664463195800781250e+02
2.689783020019531250e+02
2.705483703613281250e+02
2.702135009765625000e+02
2.671212463378906250e+02
2.662807312011718750e+02
2.686744995117187500e+02
2.694538574218750000e+02
2.705227050781250000e+02
2.682214355468750000e+02
2.659439697265625000e+02
2.632098999023437500e+02
2.633453979492187500e+02
2.639512634277343750e+02
2.648374023437500000e+02
2.640652160644531250e+02
2.656338500976562500e+02
2.646791687011718750e+02
2.648566894531250000e+02
2.643420715332031250e+02
2.651405029296875000e+02
2.636574707031250000e+02
2.644522705078125000e+02
2.647171630859375000e+02
2.655008850097656250e+02
2.631856079101562500e+02
2.622282409667968750e+02
2.624584655761718750e+02
2.637531433105468750e+02
2.657948608398437500e+02
2.644672851562500000e+02
2.639393005371093750e+02
2.618243103027343750e+02
2.616400146484375000e+02
2.616929016113281250e+02
2.610916748046875000e+02
2.600145263671875000e+02
2.587542419433593750e+02
2.596053771972656250e+02
2.588663024902343750e+02
2.616492004394531250e+02
2.649145812988281250e+02
2.690329895019531250e+02
2.677092285156250000e+02
2.649505310058593750e+02
2.627097167968750000e+02
2.623599853515625000e+02
2.620105895996093750e+02
2.624259338378906250e+02
2.626628112792968750e+02
2.613807067871093750e+02
2.609707336425781250e+02
2.613701171875000000e+02
2.601777038574218750e+02
2.587592773437500000e+02
2.599111633300781250e+02
2.635778503417968750e+02
2.654911499023437500e+02
2.649592895507812500e+02
2.647712707519531250e+02
2.640010070800781250e+02
2.647440795898437500e+02
2.631428833007812500e+02
2.630940856933593750e+02
2.594843444824218750e+02
2.600787658691406250e+02
2.605981750488281250e+02
2.606494140625000000e+02
2.600309753417968750e+02
2.601807250976562500e+02
2.616596679687500000e+02
2.606933898925781250e+02
2.622138061523437500e+02
2.617154541015625000e+02
2.616851806640625000e+02
2.614193420410156250e+02
2.587051391601562500e+02
2.556993103027343750e+02
2.524241638183593750e+02
2.523288726806640625e+02
2.540973968505859375e+02
2.566100769042968750e+02
2.579734497070312500e+02
2.576849060058593750e+02
2.583605651855468750e+02
2.572997741699218750e+02
2.560118713378906250e+02
2.541732788085937500e+02
2.549549407958984375e+02
2.573117370605468750e+02
2.595053710937500000e+02
2.598180847167968750e+02
2.603734436035156250e+02
2.583309020996093750e+02
2.567717895507812500e+02
2.554013671875000000e+02
2.562394714355468750e+02
2.549535064697265625e+02
2.552801971435546875e+02
2.546565551757812500e+02
2.572719421386718750e+02
2.550951385498046875e+02
2.560703735351562500e+02
2.553484497070312500e+02
2.573390808105468750e+02
2.571244506835937500e+02
2.570620422363281250e+02
2.563987426757812500e+02
2.561174011230468750e+02
2.554829711914062500e+02
2.546442413330078125e+02
2.538569946289062500e+02
2.521463928222656250e+02
2.522731475830078125e+02
2.526075897216796875e+02
2.524620819091796875e+02
2.518589477539062500e+02
2.527400665283203125e+02
2.560361328125000000e+02
2.563078002929687500e+02
2.555548706054687500e+02
2.525965270996093750e+02
2.551144409179687500e+02
2.587877502441406250e+02
2.607192993164062500e+02
2.583886413574218750e+02
2.558722381591796875e+02
2.547578430175781250e+02
2.548901519775390625e+02
2.541601562500000000e+02
2.539166107177734375e+02
2.525624389648437500e+02
2.527384948730468750e+02
2.520393829345703125e+02
2.532933197021484375e+02
2.524443054199218750e+02
2.557515563964843750e+02
2.560570068359375000e+02
2.559925994873046875e+02
2.533593444824218750e+02
2.543423461914062500e+02
2.551306304931640625e+02
2.570801086425781250e+02
2.555400238037109375e+02
2.549212646484375000e+02
2.514473876953125000e+02
2.513589782714843750e+02
2.504980468750000000e+02
2.522349548339843750e+02
2.541289215087890625e+02
2.554898223876953125e+02
2.570483703613281250e+02
2.553794097900390625e+02
2.513777465820312500e+02
2.502182159423828125e+02
2.510984039306640625e+02
2.530962524414062500e+02
2.522751007080078125e+02
2.530709686279296875e+02
2.531906738281250000e+02
2.545325927734375000e+02
2.512377319335937500e+02
2.496219177246093750e+02
2.504841461181640625e+02
2.549836273193359375e+02
2.557368316650390625e+02
2.545563964843750000e+02
2.518728332519531250e+02
2.532479553222656250e+02
2.546433563232421875e+02
2.542725067138671875e+02
2.519594879150390625e+02
2.530484619140625000e+02
2.543332977294921875e+02
2.537875213623046875e+02
2.522415466308593750e+02
2.521788482666015625e+02
2.539704437255859375e+02
2.548325653076171875e+02
2.554966888427734375e+02
2.564043579101562500e+02
2.576422424316406250e+02
2.561859436035156250e+02
2.548437042236328125e+02
2.535253601074218750e+02
2.550561828613281250e+02
2.562838134765625000e+02
2.559963989257812500e+02
2.554282073974609375e+02
2.552554321289062500e+02
2.558211975097656250e+02
2.567573547363281250e+02
2.579311523437500000e+02
2.566981811523437500e+02
2.542665557861328125e+02
2.510604248046875000e+02
2.518198089599609375e+02
2.528434143066406250e+02
2.535246429443359375e+02
2.538025207519531250e+02
2.541985015869140625e+02
2.564193115234375000e+02
2.571430358886718750e+02
2.589409179687500000e+02
2.579819335937500000e+02
2.571811523437500000e+02
2.567173767089843750e+02
2.566507873535156250e+02
2.544787445068359375e+02
2.542633514404296875e+02
2.545918884277343750e+02
2.556273956298828125e+02
2.544508209228515625e+02
2.547343139648437500e+02
2.552204742431640625e+02
2.597237548828125000e+02
2.627766418457031250e+02
2.643263549804687500e+02
2.651387023925781250e+02
2.654439697265625000e+02
2.654637145996093750e+02
2.680504455566406250e+02
2.713486328125000000e+02
2.757018127441406250e+02
2.759494934082031250e+02
2.729255065917968750e+02
2.675198059082031250e+02
2.663640747070312500e+02
2.648151855468750000e+02
2.625891418457031250e+02
2.594527587890625000e+02
2.580499267578125000e+02
2.575679321289062500e+02
2.581133422851562500e+02
2.536493835449218750e+02
2.502991638183593750e+02
2.512761993408203125e+02
2.525392761230468750e+02
2.545731658935546875e+02
2.535025329589843750e+02
2.564909057617187500e+02
2.562482299804687500e+02
2.562800598144531250e+02
2.545818634033203125e+02
2.520260314941406250e+02
2.514019470214843750e+02
2.532519073486328125e+02
2.549542694091796875e+02
2.556148986816406250e+02
2.550736236572265625e+02
2.549701385498046875e+02
2.524144134521484375e+02
2.499225311279296875e+02
2.491730041503906250e+02
2.517174224853515625e+02
2.521730041503906250e+02
2.543052368164062500e+02
2.537716064453125000e+02
2.541408843994140625e+02
2.533856964111328125e+02
2.543035278320312500e+02
2.530283813476562500e+02
2.540192108154296875e+02
2.535226898193359375e+02
2.526240081787109375e+02
2.474992828369140625e+02
2.482908630371093750e+02
2.490940399169921875e+02
2.505154418945312500e+02
2.466101074218750000e+02
2.430655822753906250e+02
2.431505126953125000e+02
2.447130889892578125e+02
2.484950256347656250e+02
2.491334075927734375e+02
2.505535430908203125e+02
2.508301544189453125e+02
2.521555328369140625e+02
2.548258209228515625e+02
2.517851257324218750e+02
2.502609710693359375e+02
2.448844451904296875e+02
2.453903656005859375e+02
2.466640472412109375e+02
2.494544982910156250e+02
2.498249816894531250e+02
2.511329956054687500e+02
2.519267578125000000e+02
2.506161499023437500e+02
2.486138153076171875e+02
2.511039123535156250e+02
2.520783386230468750e+02
2.504822692871093750e+02
2.573145751953125000e+02
2.823189697265625000e+02
2.885786743164062500e+02
2.915596008300781250e+02
2.920420227050781250e+02
2.948031311035156250e+02
2.910752563476562500e+02
2.916950683593750000e+02
2.866422424316406250e+02
2.843579406738281250e+02
2.814481201171875000e+02
2.823904113769531250e+02
2.804997253417968750e+02
2.748331298828125000e+02
2.714161682128906250e+02
2.752961730957031250e+02
2.761544799804687500e+02
2.740966491699218750e+02
2.691295776367187500e+02
2.712437133789062500e+02
2.709853210449218750e+02
2.708766479492187500e+02
2.655662231445312500e+02
2.637865600585937500e+02
2.624913024902343750e+02
2.645587463378906250e+02
2.670057983398437500e+02
2.699507751464843750e+02
2.695383605957031250e+02
2.696052856445312500e+02
2.678735351562500000e+02
2.692241516113281250e+02
2.673996887207031250e+02
2.662249145507812500e+02
2.639759521484375000e+02
2.652843017578125000e+02
2.650308532714843750e+02
2.677983703613281250e+02
2.688248596191406250e+02
2.675906372070312500e+02
2.646293945312500000e+02
2.642973022460937500e+02
2.644834899902343750e+02
2.627375488281250000e+02
2.617578430175781250e+02
2.619533386230468750e+02
2.623219909667968750e+02
2.610397949218750000e+02
2.617573852539062500e+02
2.642182312011718750e+02
2.656965332031250000e+02
2.629290466308593750e+02
2.603447875976562500e+02
2.590846862792968750e+02
2.577831115722656250e+02
2.573548278808593750e+02
2.549467010498046875e+02
2.547132568359375000e+02
2.531055755615234375e+02
2.561203002929687500e+02
2.574636230468750000e+02
2.568285827636718750e+02
2.566681213378906250e+02
2.590676269531250000e+02
2.582550048828125000e+02
2.552420959472656250e+02
2.538110504150390625e+02
2.534833984375000000e+02
2.518141937255859375e+02
2.526170349121093750e+02
2.554810943603515625e+02
2.579321289062500000e+02
2.561573791503906250e+02
2.527870788574218750e+02
2.518165893554687500e+02
2.531150970458984375e+02
2.512877349853515625e+02
2.488775634765625000e+02
2.488905334472656250e+02
2.484509582519531250e+02
2.531946716308593750e+02
2.557138214111328125e+02
2.578954772949218750e+02
2.566502990722656250e+02
2.527349243164062500e+02
2.501173553466796875e+02
2.497424774169921875e+02
2.497099609375000000e+02
2.468619689941406250e+02
2.438975372314453125e+02
2.448065948486328125e+02
2.463047485351562500e+02
2.492917175292968750e+02
2.519685516357421875e+02
2.520962219238281250e+02
2.477423706054687500e+02
2.457727813720703125e+02
2.463730163574218750e+02
2.452706909179687500e+02
2.457162780761718750e+02
2.458127288818359375e+02
2.454992675781250000e+02
2.454708099365234375e+02
2.444021148681640625e+02
2.473053131103515625e+02
2.478104705810546875e+02
2.492825927734375000e+02
2.492156219482421875e+02
2.494425811767578125e+02
2.485865020751953125e+02
2.485924072265625000e+02
2.508617248535156250e+02
2.508022308349609375e+02
2.479113616943359375e+02
2.458118743896484375e+02
2.441139678955078125e+02
2.424473571777343750e+02
2.425610656738281250e+02
2.437716979980468750e+02
2.453300018310546875e+02
2.475370330810546875e+02
2.475081634521484375e+02
2.468738403320312500e+02
2.471125488281250000e+02
2.462539215087890625e+02
2.499179077148437500e+02
2.510347442626953125e+02
2.516286468505859375e+02
2.491946411132812500e+02
2.489976501464843750e+02
2.466596069335937500e+02
2.471850433349609375e+02
2.464779205322265625e+02
2.471693267822265625e+02
2.467963714599609375e+02
2.456097259521484375e+02
2.462918853759765625e+02
2.446313018798828125e+02
2.444124450683593750e+02
2.460650024414062500e+02
2.488401641845703125e+02
2.486086883544921875e+02
2.461065673828125000e+02
2.422565307617187500e+02
2.411650695800781250e+02
2.433919067382812500e+02
2.441520080566406250e+02
2.455984039306640625e+02
2.436821289062500000e+02
2.431282196044921875e+02
2.449387817382812500e+02
2.455335540771484375e+02
2.459225921630859375e+02
2.481723632812500000e+02
2.514871978759765625e+02
2.512117614746093750e+02
2.500350799560546875e+02
2.492667999267578125e+02
2.494719696044921875e+02
2.464500732421875000e+02
2.466544494628906250e+02
2.471302185058593750e+02
2.469396209716796875e+02
2.447652893066406250e+02
2.451007995605468750e+02
2.429468536376953125e+02
2.433080902099609375e+02
2.455114593505859375e+02
2.454565887451171875e+02
2.442191925048828125e+02
2.461341552734375000e+02
2.468839111328125000e+02
2.461241607666015625e+02
2.459458618164062500e+02
2.451401367187500000e+02
2.440984497070312500e+02
2.428695831298828125e+02
2.444214324951171875e+02
2.439950714111328125e+02
2.432354431152343750e+02
2.438274078369140625e+02
2.457324829101562500e+02
2.436235656738281250e+02
2.410303955078125000e+02
2.397337951660156250e+02
2.417619628906250000e+02
2.414961395263671875e+02
2.395103454589843750e+02
2.423937835693359375e+02
2.450463867187500000e+02
2.456687622070312500e+02
2.425667419433593750e+02
2.423331756591796875e+02
2.426611022949218750e+02
2.427005767822265625e+02
2.413628692626953125e+02
2.391083068847656250e+02
2.387240447998046875e+02
2.407802734375000000e+02
2.406074523925781250e+02
2.405740814208984375e+02
2.417659759521484375e+02
2.413672943115234375e+02
2.392893829345703125e+02
2.414180755615234375e+02
2.424329223632812500e+02
2.399254760742187500e+02
2.376194000244140625e+02
2.384975433349609375e+02
2.395637054443359375e+02
2.385977478027343750e+02
2.391320343017578125e+02
2.389240417480468750e+02
2.394854431152343750e+02
2.411259765625000000e+02
2.415934143066406250e+02
2.429396209716796875e+02
2.418271942138671875e+02
2.397081146240234375e+02
2.361446533203125000e+02
2.377411804199218750e+02
2.425552825927734375e+02
2.434576110839843750e+02
2.434398651123046875e+02
2.414861907958984375e+02
2.400462799072265625e+02
2.372233428955078125e+02
2.375833129882812500e+02
2.392931823730468750e+02
2.395582733154296875e+02
2.371711578369140625e+02
2.363226928710937500e+02
2.361295776367187500e+02
2.368885345458984375e+02
2.379051208496093750e+02
2.369754333496093750e+02
2.381223449707031250e+02
2.364828948974609375e+02
2.374133605957031250e+02
2.375990295410156250e+02
2.379535217285156250e+02
2.376501922607421875e+02
2.349728546142578125e+02
2.330219268798828125e+02
2.342214660644531250e+02
2.389055328369140625e+02
2.402132110595703125e+02
2.442435913085937500e+02
2.423011169433593750e+02
2.391195983886718750e+02
2.383112792968750000e+02
2.394645690917968750e+02
2.397889099121093750e+02
2.401746673583984375e+02
2.421437683105468750e+02
2.402679138183593750e+02
2.368182525634765625e+02
2.362250366210937500e+02
2.373223876953125000e+02
2.385841217041015625e+02
2.410984344482421875e+02
2.408692474365234375e+02
2.410746917724609375e+02
2.394301910400390625e+02
2.367890319824218750e+02
2.357187347412109375e+02
2.386171875000000000e+02
2.373758544921875000e+02
2.370697326660156250e+02
2.372351531982421875e+02
2.378505249023437500e+02
2.361116180419921875e+02
2.366641387939453125e+02
2.377253265380859375e+02
2.374579772949218750e+02
2.350902709960937500e+02
2.364572601318359375e+02
2.382994689941406250e+02
2.394175262451171875e+02
2.382100067138671875e+02
2.362645721435546875e+02
2.384916839599609375e+02
2.385548248291015625e+02
2.376157989501953125e+02
2.343095092773437500e+02
2.319660491943359375e+02
2.322213287353515625e+02
2.343635711669921875e+02
2.345220184326171875e+02
2.350438690185546875e+02
2.373302612304687500e+02
2.378585662841796875e+02
2.356921844482421875e+02
2.337396545410156250e+02
2.359496917724609375e+02
2.403340606689453125e+02
2.415639190673828125e+02
2.399654083251953125e+02
2.358483581542968750e+02
2.305858306884765625e+02
2.281624145507812500e+02
2.315672302246093750e+02
2.337978210449218750e+02
2.334763183593750000e+02
2.332061157226562500e+02
2.345074920654296875e+02
2.331286315917968750e+02
2.336890106201171875e+02
2.340952453613281250e+02
2.358347473144531250e+02
2.381975402832031250e+02
2.371779632568359375e+02
2.341456604003906250e+02
2.319818115234375000e+02
2.303803710937500000e+02
2.303946533203125000e+02
2.343506774902343750e+02
2.329609985351562500e+02
2.294714050292968750e+02
2.285289916992187500e+02
2.334588623046875000e+02
2.356906280517578125e+02
2.350650939941406250e+02
2.370594329833984375e+02
2.385982360839843750e+02
2.374997863769531250e+02
2.349067230224609375e+02
2.333776702880859375e+02
2.316290283203125000e+02
2.312207946777343750e+02
2.310194091796875000e+02
2.339088592529296875e+02
2.367888336181640625e+02
2.376247406005859375e+02
2.343730468750000000e+02
2.332507476806640625e+02
2.324126434326171875e+02
2.321548004150390625e+02
2.335331268310546875e+02
2.343076324462890625e+02
2.360859985351562500e+02
2.343106079101562500e+02
2.305092010498046875e+02
2.314043273925781250e+02
2.337212677001953125e+02
2.343832855224609375e+02
2.341595916748046875e+02
2.352762908935546875e+02
2.364755706787109375e+02
2.395863037109375000e+02
2.393710784912109375e+02
2.376478424072265625e+02
2.331573181152343750e+02
2.344660797119140625e+02
2.347122650146484375e+02
2.341040954589843750e+02
2.339641113281250000e+02
2.330448913574218750e+02
2.334130401611328125e+02
2.356076812744140625e+02
2.356184844970703125e+02
2.333899688720703125e+02
2.322372436523437500e+02
2.352111053466796875e+02
2.360337677001953125e+02
2.361009521484375000e+02
2.351572113037109375e+02
2.347372589111328125e+02
2.376171112060546875e+02
2.381991424560546875e+02
2.362599792480468750e+02
2.340343627929687500e+02
2.362441711425781250e+02
2.354276733398437500e+02
2.354337615966796875e+02
2.339720153808593750e+02
2.325454864501953125e+02
2.337306823730468750e+02
2.355057373046875000e+02
2.360690612792968750e+02
2.325273590087890625e+02
2.300301666259765625e+02
2.337650146484375000e+02
2.358692474365234375e+02
2.359120941162109375e+02
2.347537841796875000e+02
2.365346221923828125e+02
2.384611511230468750e+02
2.371279144287109375e+02
2.362527160644531250e+02
2.338011474609375000e+02
2.310924530029296875e+02
2.330146331787109375e+02
2.344382324218750000e+02
2.354065856933593750e+02
2.360023498535156250e+02
2.355093078613281250e+02
2.332937774658203125e+02
2.335544281005859375e+02
2.344502868652343750e+02
2.346556701660156250e+02
2.372677612304687500e+02
2.406850433349609375e+02
2.413611907958984375e+02
2.402669372558593750e+02
2.400017547607421875e+02
2.416408843994140625e+02
2.411869049072265625e+02
2.361904602050781250e+02
2.353989868164062500e+02
2.369932250976562500e+02
2.375464172363281250e+02
2.370402221679687500e+02
2.374339447021484375e+02
2.389617462158203125e+02
2.395253295898437500e+02
2.403721923828125000e+02
2.393224182128906250e+02
2.381532897949218750e+02
2.379242095947265625e+02
2.348591156005859375e+02
2.337507324218750000e+02
2.365814971923828125e+02
2.368997650146484375e+02
2.385942230224609375e+02
2.383284912109375000e+02
2.386673736572265625e+02
2.386650848388671875e+02
2.410170288085937500e+02
2.410342102050781250e+02
2.376470489501953125e+02
2.346311187744140625e+02
2.356752471923828125e+02
2.578505859375000000e+02
2.723614196777343750e+02
2.680510559082031250e+02
2.587993164062500000e+02
2.517194519042968750e+02
2.451274719238281250e+02
2.417813415527343750e+02
2.371283721923828125e+02
2.481712036132812500e+02
2.739033813476562500e+02
2.805043334960937500e+02
2.682377929687500000e+02
2.600666198730468750e+02
2.520871276855468750e+02
2.478095245361328125e+02
2.465704345703125000e+02
2.464227600097656250e+02
2.485097198486328125e+02
2.528011169433593750e+02
2.492849731445312500e+02
2.488274383544921875e+02
2.524269866943359375e+02
2.514918670654296875e+02
2.484645690917968750e+02
2.479178771972656250e+02
2.453804931640625000e+02
2.466202850341796875e+02
2.512081451416015625e+02
2.524897003173828125e+02
2.519044342041015625e+02
2.529717712402343750e+02
2.536253662109375000e+02
2.561639404296875000e+02
2.554211883544921875e+02
2.526678619384765625e+02
2.480905456542968750e+02
2.494699249267578125e+02
2.506178588867187500e+02
2.470834350585937500e+02
2.457142486572265625e+02
2.453447418212890625e+02
2.495335540771484375e+02
2.538958129882812500e+02
2.535258483886718750e+02
2.524282684326171875e+02
2.519312744140625000e+02
2.488959503173828125e+02
2.472498474121093750e+02
2.476490325927734375e+02
2.458350677490234375e+02
2.439739532470703125e+02
2.428298187255859375e+02
2.419335784912109375e+02
2.435461425781250000e+02
2.455235443115234375e+02
2.459624176025390625e+02
2.419616241455078125e+02
2.396639556884765625e+02
2.404166717529296875e+02
2.396059570312500000e+02
2.365200500488281250e+02
2.375161285400390625e+02
2.382951202392578125e+02
2.391234283447265625e+02
2.368584594726562500e+02
2.357805938720703125e+02
2.365318145751953125e+02
2.371832122802734375e+02
2.371275177001953125e+02
2.389815368652343750e+02
2.402958679199218750e+02
2.408113708496093750e+02
2.395655670166015625e+02
2.386709899902343750e+02
2.392719573974609375e+02
2.390188140869140625e+02
2.397193756103515625e+02
2.412637786865234375e+02
2.385433502197265625e+02
2.346707000732421875e+02
2.358935241699218750e+02
2.392885284423828125e+02
2.374225616455078125e+02
2.375837860107421875e+02
2.369764251708984375e+02
2.360699768066406250e+02
2.358464508056640625e+02
2.385435485839843750e+02
2.378207244873046875e+02
2.345113983154296875e+02
2.324733886718750000e+02
2.332580413818359375e+02
2.354511566162109375e+02
2.337734832763671875e+02
2.343412628173828125e+02
2.378259429931640625e+02
2.416709136962890625e+02
2.403621673583984375e+02
2.358576354980468750e+02
2.371098937988281250e+02
2.394420928955078125e+02
2.406596374511718750e+02
2.396658172607421875e+02
2.378992309570312500e+02
2.362136993408203125e+02
2.382225799560546875e+02
2.348437957763671875e+02
2.309609222412109375e+02
2.351125030517578125e+02
2.357692108154296875e+02
2.330975952148437500e+02
2.314484405517578125e+02
2.308917846679687500e+02
2.354803924560546875e+02
2.386302337646484375e+02
2.400950012207031250e+02
2.413369750976562500e+02
2.388119964599609375e+02
2.348610382080078125e+02
2.322317962646484375e+02
2.325154876708984375e+02
2.361353302001953125e+02
2.390400085449218750e+02
2.380666503906250000e+02
2.354867095947265625e+02
2.313099060058593750e+02
2.334673614501953125e+02
2.365145874023437500e+02
2.375628051757812500e+02
2.377344818115234375e+02
2.377903747558593750e+02
2.384477233886718750e+02
2.370273742675781250e+02
2.360824890136718750e+02
2.346557159423828125e+02
2.345454254150390625e+02
2.352723541259765625e+02
2.321954345703125000e+02
2.326200408935546875e+02
2.318790740966796875e+02
2.305868377685546875e+02
2.327231903076171875e+02
2.320056152343750000e+02
2.312803649902343750e+02
2.343256530761718750e+02
2.338511657714843750e+02
2.290677032470703125e+02
2.306128540039062500e+02
2.346162414550781250e+02
2.325007324218750000e+02
2.308368377685546875e+02
2.316737976074218750e+02
2.328254699707031250e+02
2.334201354980468750e+02
2.304868927001953125e+02
2.287831878662109375e+02
2.296287536621093750e+02
2.337424621582031250e+02
2.342492675781250000e+02
2.330274353027343750e+02
2.333453521728515625e+02
2.352770843505859375e+02
2.322547454833984375e+02
2.299240417480468750e+02
2.307030944824218750e+02
2.317725982666015625e+02
2.328575286865234375e+02
2.336009826660156250e+02
2.289903564453125000e+02
2.271954345703125000e+02
2.283104858398437500e+02
2.268256072998046875e+02
2.266956329345703125e+02
2.282281188964843750e+02
2.307968597412109375e+02
2.311810913085937500e+02
2.283629608154296875e+02
2.287430114746093750e+02
2.301022949218750000e+02
2.275246582031250000e+02
2.264595947265625000e+02
2.255004577636718750e+02
2.276651000976562500e+02
2.290084228515625000e+02
2.295812225341796875e+02
2.291963043212890625e+02
2.274942932128906250e+02
2.270405883789062500e+02
2.284608001708984375e+02
2.280595703125000000e+02
2.234165649414062500e+02
2.232837066650390625e+02
2.254015808105468750e+02
2.245321807861328125e+02
2.243515625000000000e+02
2.245583190917968750e+02
2.258214111328125000e+02
2.261261901855468750e+02
2.271808471679687500e+02
2.276129302978515625e+02
2.260620574951171875e+02
2.262433319091796875e+02
2.282143554687500000e+02
2.277807464599609375e+02
2.251362152099609375e+02
2.228336944580078125e+02
2.247092895507812500e+02
2.296680145263671875e+02
2.302810821533203125e+02
2.286857604980468750e+02
2.284418640136718750e+02
2.290043182373046875e+02
2.283513641357421875e+02
2.281966857910156250e+02
2.285455627441406250e+02
2.253785247802734375e+02
2.239045715332031250e+02
2.270552062988281250e+02
2.268904876708984375e+02
2.270409240722656250e+02
2.289737396240234375e+02
2.273104400634765625e+02
2.272288665771484375e+02
2.258339843750000000e+02
2.234303894042968750e+02
2.230673522949218750e+02
2.248223419189453125e+02
2.275679016113281250e+02
2.279601745605468750e+02
2.258766937255859375e+02
2.243527221679687500e+02
2.228422393798828125e+02
2.238593444824218750e+02
2.290290679931640625e+02
2.280993957519531250e+02
2.261855468750000000e+02
2.231274414062500000e+02
2.222370758056640625e+02
2.260843353271484375e+02
2.271121368408203125e+02
2.269967803955078125e+02
2.267980346679687500e+02
2.298687744140625000e+02
2.307583160400390625e+02
2.279253234863281250e+02
2.236135559082031250e+02
2.241155090332031250e+02
2.276990356445312500e+02
2.269624023437500000e+02
2.246047058105468750e+02
2.200361175537109375e+02
2.196582031250000000e+02
2.227487945556640625e+02
2.244591369628906250e+02
2.268677520751953125e+02
2.261707611083984375e+02
2.248120574951171875e+02
2.256077575683593750e+02
2.267307891845703125e+02
2.275977172851562500e+02
2.257548980712890625e+02
2.240676269531250000e+02
2.247310943603515625e+02
2.248264007568359375e+02
2.253139953613281250e+02
2.264058380126953125e+02
2.269514007568359375e+02
2.258632202148437500e+02
2.251260681152343750e+02
2.222214965820312500e+02
2.248157196044921875e+02
2.304184570312500000e+02
2.296372375488281250e+02
2.248444824218750000e+02
2.258151855468750000e+02
2.285465545654296875e+02
2.223983459472656250e+02
2.211902160644531250e+02
2.217954559326171875e+02
2.213869018554687500e+02
2.239392242431640625e+02
2.263518524169921875e+02
2.273661499023437500e+02
2.255648956298828125e+02
2.249120788574218750e+02
2.280708312988281250e+02
2.275964660644531250e+02
2.229659729003906250e+02
2.219981079101562500e+02
2.272467956542968750e+02
2.276771545410156250e+02
2.243322753906250000e+02
2.218297729492187500e+02
2.183098754882812500e+02
2.200619201660156250e+02
2.247460174560546875e+02
2.299296875000000000e+02
2.276559753417968750e+02
2.201056671142578125e+02
2.206268768310546875e+02
2.223385467529296875e+02
2.218568878173828125e+02
2.206597290039062500e+02
2.210251007080078125e+02
2.216965789794921875e+02
2.206587371826171875e+02
2.189991302490234375e+02
2.187896118164062500e+02
2.186463623046875000e+02
2.181203765869140625e+02
2.197739715576171875e+02
2.174644012451171875e+02
2.149504547119140625e+02
2.161711273193359375e+02
2.172880859375000000e+02
2.181000518798828125e+02
2.172673797607421875e+02
2.182306518554687500e+02
2.168108673095703125e+02
2.182346038818359375e+02
2.212631988525390625e+02
2.204509887695312500e+02
2.218877105712890625e+02
2.218657073974609375e+02
2.191980133056640625e+02
2.202361755371093750e+02
2.220267944335937500e+02
2.201243896484375000e+02
2.181364593505859375e+02
2.173866271972656250e+02
2.175609130859375000e+02
2.160069427490234375e+02
2.140300292968750000e+02
2.164519958496093750e+02
2.163668365478515625e+02
2.183876037597656250e+02
2.194738159179687500e+02
2.202784118652343750e+02
2.195811462402343750e+02
2.177704620361328125e+02
2.200001983642578125e+02
2.203749542236328125e+02
2.190989379882812500e+02
2.188938446044921875e+02
2.168156433105468750e+02
2.168064727783203125e+02
2.159505310058593750e+02
2.161195220947265625e+02
2.203120117187500000e+02
2.190827789306640625e+02
2.179981689453125000e+02
2.206502075195312500e+02
2.190627441406250000e+02
2.182740173339843750e+02
2.147745819091796875e+02
2.101339111328125000e+02
2.121223754882812500e+02
2.152061309814453125e+02
2.155479125976562500e+02
2.149099731445312500e+02
2.158802642822265625e+02
2.167426757812500000e+02
2.170968933105468750e+02
2.171695098876953125e+02
2.175256958007812500e+02
2.135259399414062500e+02
2.087027740478515625e+02
2.128977050781250000e+02
2.160455780029296875e+02
2.122030029296875000e+02
2.056911163330078125e+02
2.063052978515625000e+02
2.097773132324218750e+02
2.114485931396484375e+02
2.129349822998046875e+02
2.107643432617187500e+02
2.096081542968750000e+02
2.143724517822265625e+02
2.164833984375000000e+02
2.140561218261718750e+02
2.139654846191406250e+02
2.114648132324218750e+02
2.084066162109375000e+02
2.083512573242187500e+02
2.058476409912109375e+02
2.099315032958984375e+02
2.152434539794921875e+02
2.112406768798828125e+02
2.141844940185546875e+02
2.169027252197265625e+02
2.119315795898437500e+02
2.130142211914062500e+02
2.126416625976562500e+02
2.086078338623046875e+02
2.071982269287109375e+02
2.071352844238281250e+02
2.029866790771484375e+02
2.017290191650390625e+02
2.054425811767578125e+02
2.014689025878906250e+02
1.993975982666015625e+02
2.047391510009765625e+02
2.125061340332031250e+02
2.190406036376953125e+02
2.119649047851562500e+02
2.058164978027343750e+02
2.081471252441406250e+02
2.063644256591796875e+02
2.087165679931640625e+02
2.085912322998046875e+02
2.039944000244140625e+02
2.074913482666015625e+02
2.085339355468750000e+02
2.074657745361328125e+02
2.110905456542968750e+02
2.124854431152343750e+02
2.150810699462890625e+02
2.056327972412109375e+02
2.049761047363281250e+02
2.197879028320312500e+02
2.083548278808593750e+02
1.931505279541015625e+02
2.008869171142578125e+02
2.046803741455078125e+02
2.042721099853515625e+02
2.071737670898437500e+02
2.066035919189453125e+02
2.033019256591796875e+02
2.016021118164062500e+02
2.051238250732421875e+02
2.092972106933593750e+02
2.079650268554687500e+02
2.095300750732421875e+02
2.179191894531250000e+02
2.267095184326171875e+02
2.228978118896484375e+02
2.171063842773437500e+02
2.131477203369140625e+02
2.092094421386718750e+02
2.146071929931640625e+02
2.184374389648437500e+02
2.114680938720703125e+02
1.952130737304687500e+02
1.950287475585937500e+02
2.125741882324218750e+02
2.205738372802734375e+02
2.207080993652343750e+02
2.266670227050781250e+02
2.265021667480468750e+02
2.332141723632812500e+02
2.333796691894531250e+02
2.265873107910156250e+02
2.464205322265625000e+02
2.464544525146484375e+02
2.575600280761718750e+02
3.025302429199218750e+02
2.812816162109375000e+02
2.389129180908203125e+02
2.429289855957031250e+02
2.632969970703125000e+02
2.655259399414062500e+02
2.440498352050781250e+02
1.831234588623046875e+02
1.800696258544921875e+02
2.794541931152343750e+02
3.003535766601562500e+02
2.645909118652343750e+02
2.621170043945312500e+02
2.622000122070312500e+02
2.673501281738281250e+02
2.595234680175781250e+02
nan
nan
nan
