nan
nan
nan
nan
nan
nan
nan
nan
nan
nan
nan
nan
nan
nan
nan
nan
nan
nan
nan
nan
nan
nan
nan
nan
nan
nan
nan
nan
nan
1.122677764892578125e+02
1.059908447265625000e+02
1.042781906127929688e+02
1.012454833984375000e+02
1.025449447631835938e+02
1.025395202636718750e+02
1.035463790893554688e+02
1.034967422485351562e+02
1.026226272583007812e+02
1.038051757812500000e+02
1.025332794189453125e+02
1.016544189453125000e+02
9.936352539062500000e+01
9.879335784912109375e+01
1.003787994384765625e+02
9.937907409667968750e+01
9.917253875732421875e+01
9.918242645263671875e+01
9.953419494628906250e+01
9.842298889160156250e+01
9.676986694335937500e+01
9.568696594238281250e+01
9.666773223876953125e+01
9.809790039062500000e+01
9.980963134765625000e+01
9.866409301757812500e+01
9.903440856933593750e+01
9.856176757812500000e+01
9.875930786132812500e+01
9.656960296630859375e+01
9.358649444580078125e+01
9.332068634033203125e+01
9.547174835205078125e+01
9.641136169433593750e+01
9.787431335449218750e+01
9.756025695800781250e+01
9.873477935791015625e+01
9.913610839843750000e+01
1.000792694091796875e+02
1.006875762939453125e+02
1.003723754882812500e+02
9.892256164550781250e+01
9.722863006591796875e+01
9.674666595458984375e+01
9.725881195068359375e+01
9.775815582275390625e+01
9.862213897705078125e+01
9.945585632324218750e+01
9.921650695800781250e+01
9.805372619628906250e+01
9.666460418701171875e+01
9.667294311523437500e+01
9.734443664550781250e+01
9.634577941894531250e+01
9.588984680175781250e+01
9.448581695556640625e+01
9.494055938720703125e+01
9.500797271728515625e+01
9.641088867187500000e+01
9.808114624023437500e+01
1.001592636108398438e+02
1.004425506591796875e+02
9.753300476074218750e+01
9.592913055419921875e+01
9.533377838134765625e+01
9.677850341796875000e+01
9.541085815429687500e+01
9.613578796386718750e+01
9.764582061767578125e+01
9.892628479003906250e+01
1.001871566772460938e+02
9.691634368896484375e+01
9.602575683593750000e+01
9.592491149902343750e+01
9.614882659912109375e+01
9.778963470458984375e+01
9.603467559814453125e+01
9.650831604003906250e+01
9.469700622558593750e+01
9.492742919921875000e+01
9.530756378173828125e+01
9.725946044921875000e+01
9.838234710693359375e+01
9.763797760009765625e+01
9.802068328857421875e+01
9.828338623046875000e+01
9.912496948242187500e+01
9.647557067871093750e+01
9.490975952148437500e+01
9.255135345458984375e+01
9.507173919677734375e+01
9.548696136474609375e+01
9.637255859375000000e+01
9.620688629150390625e+01
9.500997161865234375e+01
9.612606811523437500e+01
9.791204833984375000e+01
9.935411834716796875e+01
9.918885040283203125e+01
9.757535552978515625e+01
9.534056091308593750e+01
9.528388214111328125e+01
9.401498413085937500e+01
9.388567352294921875e+01
9.544621276855468750e+01
9.673215484619140625e+01
9.819437408447265625e+01
9.751023864746093750e+01
9.623888397216796875e+01
9.592561340332031250e+01
9.543341064453125000e+01
9.712960052490234375e+01
9.802600860595703125e+01
9.956826782226562500e+01
9.927270507812500000e+01
9.860520935058593750e+01
9.678302764892578125e+01
9.633054351806640625e+01
9.723332214355468750e+01
9.771514892578125000e+01
9.789559173583984375e+01
9.789676666259765625e+01
9.657527923583984375e+01
9.640038299560546875e+01
9.586465454101562500e+01
9.509749603271484375e+01
9.445427703857421875e+01
9.368652343750000000e+01
9.272332763671875000e+01
9.374832153320312500e+01
9.400939941406250000e+01
9.385623931884765625e+01
9.221127319335937500e+01
9.392623138427734375e+01
9.436364746093750000e+01
9.433082580566406250e+01
9.366086578369140625e+01
9.344497680664062500e+01
9.499134826660156250e+01
9.448066711425781250e+01
9.585546112060546875e+01
9.650001525878906250e+01
9.800629425048828125e+01
9.615347290039062500e+01
9.466627502441406250e+01
9.336550140380859375e+01
9.320764160156250000e+01
9.256366729736328125e+01
9.291230773925781250e+01
9.302859497070312500e+01
9.357034301757812500e+01
9.439385986328125000e+01
9.394403839111328125e+01
9.404503631591796875e+01
9.343695831298828125e+01
9.224583435058593750e+01
9.188145446777343750e+01
9.334963989257812500e+01
9.335247039794921875e+01
9.240672302246093750e+01
9.116526031494140625e+01
9.199366760253906250e+01
9.031910705566406250e+01
9.112863922119140625e+01
9.089060211181640625e+01
9.371060943603515625e+01
9.499708557128906250e+01
9.619392395019531250e+01
9.601933288574218750e+01
9.450769805908203125e+01
9.489896392822265625e+01
9.526588439941406250e+01
9.616460418701171875e+01
9.452042388916015625e+01
9.347525787353515625e+01
9.296350097656250000e+01
9.180261993408203125e+01
9.220708465576171875e+01
9.237505340576171875e+01
9.375049591064453125e+01
9.516439819335937500e+01
9.480274200439453125e+01
9.269254302978515625e+01
9.188839721679687500e+01
9.122322082519531250e+01
9.170481872558593750e+01
9.282194519042968750e+01
9.324784088134765625e+01
9.382929992675781250e+01
9.472805786132812500e+01
9.499157714843750000e+01
9.554067230224609375e+01
9.411480712890625000e+01
9.378774261474609375e+01
9.407750701904296875e+01
9.328678894042968750e+01
9.350014495849609375e+01
9.346863555908203125e+01
9.306385040283203125e+01
9.300140380859375000e+01
9.352413177490234375e+01
9.412567138671875000e+01
9.516242980957031250e+01
9.481337738037109375e+01
9.609747314453125000e+01
9.582720184326171875e+01
9.595683288574218750e+01
9.550021362304687500e+01
9.518943786621093750e+01
9.462822723388671875e+01
9.438136291503906250e+01
9.425473022460937500e+01
9.370372772216796875e+01
9.200320434570312500e+01
9.143776702880859375e+01
9.171150970458984375e+01
9.178334808349609375e+01
9.215090942382812500e+01
9.081457519531250000e+01
9.022240447998046875e+01
9.062902069091796875e+01
9.086286926269531250e+01
9.065801239013671875e+01
8.978218841552734375e+01
8.932819366455078125e+01
8.969542694091796875e+01
9.003957366943359375e+01
9.167337036132812500e+01
9.320008087158203125e+01
9.492248535156250000e+01
9.432953643798828125e+01
9.341873931884765625e+01
9.213040161132812500e+01
9.229342651367187500e+01
9.259341430664062500e+01
9.202086639404296875e+01
9.053172302246093750e+01
8.953973388671875000e+01
9.026403808593750000e+01
8.994820404052734375e+01
9.030878448486328125e+01
9.039865112304687500e+01
9.261580657958984375e+01
9.258251190185546875e+01
9.164820861816406250e+01
9.075229644775390625e+01
9.152638244628906250e+01
9.237607574462890625e+01
9.324438476562500000e+01
9.310381317138671875e+01
9.417801666259765625e+01
9.487271881103515625e+01
9.403330230712890625e+01
9.315451049804687500e+01
9.245366668701171875e+01
9.237825775146484375e+01
9.206436920166015625e+01
9.153324890136718750e+01
9.119311523437500000e+01
9.198061370849609375e+01
9.076480865478515625e+01
9.100193023681640625e+01
9.211422729492187500e+01
9.240330505371093750e+01
9.231228637695312500e+01
9.143482208251953125e+01
8.910894012451171875e+01
8.835291290283203125e+01
8.844320678710937500e+01
9.076533508300781250e+01
9.163294982910156250e+01
9.158963012695312500e+01
9.050019836425781250e+01
9.079225158691406250e+01
9.082997131347656250e+01
8.968751525878906250e+01
8.827732086181640625e+01
8.776806640625000000e+01
8.986845397949218750e+01
9.012142181396484375e+01
9.065234375000000000e+01
8.929410552978515625e+01
8.875161743164062500e+01
8.870424652099609375e+01
9.003522491455078125e+01
9.194447326660156250e+01
9.190937042236328125e+01
9.202932739257812500e+01
9.079076385498046875e+01
8.972767639160156250e+01
8.896693420410156250e+01
8.991181182861328125e+01
9.098357391357421875e+01
9.139280700683593750e+01
8.997158813476562500e+01
8.776039123535156250e+01
8.690534210205078125e+01
8.767835235595703125e+01
8.958676147460937500e+01
8.961593627929687500e+01
8.888137054443359375e+01
8.770124053955078125e+01
8.744223022460937500e+01
8.855971527099609375e+01
8.933835601806640625e+01
8.896331024169921875e+01
8.823135375976562500e+01
8.757665252685546875e+01
8.825463104248046875e+01
8.813809204101562500e+01
8.987655639648437500e+01
9.043177795410156250e+01
9.157202148437500000e+01
9.076535034179687500e+01
8.946081542968750000e+01
8.813134002685546875e+01
8.854456329345703125e+01
8.905059051513671875e+01
8.854935455322265625e+01
8.685068511962890625e+01
8.628601074218750000e+01
8.666772460937500000e+01
8.793634796142578125e+01
8.854803466796875000e+01
8.797297668457031250e+01
8.750810241699218750e+01
8.743925476074218750e+01
8.912815093994140625e+01
8.999132537841796875e+01
9.046949768066406250e+01
8.966726684570312500e+01
8.906652832031250000e+01
8.826745605468750000e+01
8.787506103515625000e+01
8.762905120849609375e+01
8.977716827392578125e+01
8.982121276855468750e+01
8.825890350341796875e+01
8.604635620117187500e+01
8.618766784667968750e+01
8.577849578857421875e+01
8.759793853759765625e+01
8.766117095947265625e+01
8.870031738281250000e+01
8.796652221679687500e+01
8.749253845214843750e+01
8.916082763671875000e+01
8.892895507812500000e+01
8.882739257812500000e+01
8.738809967041015625e+01
8.797633361816406250e+01
8.885949707031250000e+01
8.997610473632812500e+01
8.955245208740234375e+01
8.773654937744140625e+01
8.753832244873046875e+01
8.794568634033203125e+01
8.742015838623046875e+01
8.708735656738281250e+01
8.593714904785156250e+01
8.705125427246093750e+01
8.840425872802734375e+01
8.946737670898437500e+01
8.874283599853515625e+01
8.816355895996093750e+01
8.875848388671875000e+01
8.856097412109375000e+01
8.839787292480468750e+01
8.726602172851562500e+01
8.752400970458984375e+01
8.599784851074218750e+01
8.449753570556640625e+01
8.450132751464843750e+01
8.578051757812500000e+01
8.762813568115234375e+01
8.741796875000000000e+01
8.697808837890625000e+01
8.728201293945312500e+01
8.879364776611328125e+01
9.013568878173828125e+01
8.805912017822265625e+01
8.653212738037109375e+01
8.617011260986328125e+01
8.811344909667968750e+01
8.905647277832031250e+01
8.725708007812500000e+01
8.678970336914062500e+01
8.681898498535156250e+01
8.794789886474609375e+01
8.796436309814453125e+01
8.791358184814453125e+01
8.795520019531250000e+01
8.830084991455078125e+01
8.740494537353515625e+01
8.652969360351562500e+01
8.594539642333984375e+01
8.592353820800781250e+01
8.685241699218750000e+01
8.737984466552734375e+01
8.717536926269531250e+01
8.763380432128906250e+01
8.674640655517578125e+01
8.752230072021484375e+01
8.732294464111328125e+01
8.765939331054687500e+01
8.663585662841796875e+01
8.586756134033203125e+01
8.613835144042968750e+01
8.603598022460937500e+01
8.521614837646484375e+01
8.503778076171875000e+01
8.622798919677734375e+01
8.630158996582031250e+01
8.618125915527343750e+01
8.720002746582031250e+01
8.897886657714843750e+01
8.861856842041015625e+01
8.699651336669921875e+01
8.690965270996093750e+01
8.718763732910156250e+01
8.731813049316406250e+01
8.717649078369140625e+01
8.764157104492187500e+01
8.829187011718750000e+01
8.681858062744140625e+01
8.565718841552734375e+01
8.559570312500000000e+01
8.616526794433593750e+01
8.671989440917968750e+01
8.756575012207031250e+01
8.705548095703125000e+01
8.696991729736328125e+01
8.600410461425781250e+01
8.634788513183593750e+01
8.662793731689453125e+01
8.658779144287109375e+01
8.611118316650390625e+01
8.701939392089843750e+01
8.649989318847656250e+01
8.649835968017578125e+01
8.493293762207031250e+01
8.461642456054687500e+01
8.497110748291015625e+01
8.733731079101562500e+01
8.846965026855468750e+01
8.915733337402343750e+01
8.783534240722656250e+01
8.927812194824218750e+01
9.102207183837890625e+01
9.099167633056640625e+01
8.996648406982421875e+01
8.791985321044921875e+01
8.801435852050781250e+01
8.727208709716796875e+01
8.776237487792968750e+01
8.730114746093750000e+01
8.683427429199218750e+01
8.630815124511718750e+01
8.525601959228515625e+01
8.553388214111328125e+01
8.511171722412109375e+01
8.509187316894531250e+01
8.494268798828125000e+01
8.432812500000000000e+01
8.555873107910156250e+01
8.567338562011718750e+01
8.618508911132812500e+01
8.543138885498046875e+01
8.408723449707031250e+01
8.404467773437500000e+01
8.743523406982421875e+01
9.480086517333984375e+01
9.943492889404296875e+01
9.868304443359375000e+01
9.603978729248046875e+01
9.565508270263671875e+01
9.355983734130859375e+01
9.304893493652343750e+01
9.430228424072265625e+01
1.024771347045898438e+02
1.068557281494140625e+02
1.054047088623046875e+02
1.009484100341796875e+02
9.940089416503906250e+01
9.672243499755859375e+01
9.491754913330078125e+01
9.297387695312500000e+01
9.258412170410156250e+01
9.214590454101562500e+01
9.256426239013671875e+01
9.211713409423828125e+01
9.210481262207031250e+01
9.199365234375000000e+01
9.278779602050781250e+01
9.165074920654296875e+01
9.219738769531250000e+01
9.109605407714843750e+01
9.198001861572265625e+01
9.054035186767578125e+01
8.969815063476562500e+01
8.927606964111328125e+01
8.843584442138671875e+01
8.918266296386718750e+01
8.867091369628906250e+01
8.889659881591796875e+01
8.892542266845703125e+01
8.857228088378906250e+01
8.696360778808593750e+01
8.662403869628906250e+01
8.563518524169921875e+01
8.565524291992187500e+01
8.688410949707031250e+01
8.809998321533203125e+01
8.791436767578125000e+01
8.605917358398437500e+01
8.615689849853515625e+01
8.591589355468750000e+01
8.553459167480468750e+01
8.639491271972656250e+01
8.757947540283203125e+01
8.784630584716796875e+01
8.687684631347656250e+01
8.521649932861328125e+01
8.416291809082031250e+01
8.478981018066406250e+01
8.520842742919921875e+01
8.559716796875000000e+01
8.563937377929687500e+01
8.610336303710937500e+01
8.595343780517578125e+01
8.584812164306640625e+01
8.679223632812500000e+01
8.706118011474609375e+01
8.590457153320312500e+01
8.709877014160156250e+01
8.698816680908203125e+01
8.774676513671875000e+01
8.653086853027343750e+01
8.618164062500000000e+01
8.628845977783203125e+01
8.683026885986328125e+01
8.624388122558593750e+01
8.591515350341796875e+01
8.663497924804687500e+01
8.901167297363281250e+01
8.874397277832031250e+01
8.668840026855468750e+01
8.606912231445312500e+01
8.589961242675781250e+01
8.595355224609375000e+01
8.532157135009765625e+01
8.646944427490234375e+01
8.788506317138671875e+01
8.859838104248046875e+01
8.572090911865234375e+01
8.393418121337890625e+01
8.437019348144531250e+01
8.643000793457031250e+01
8.646807098388671875e+01
8.698663330078125000e+01
8.524407196044921875e+01
8.580326080322265625e+01
8.456217193603515625e+01
8.480111694335937500e+01
8.432779693603515625e+01
8.405942535400390625e+01
8.534627532958984375e+01
8.657294464111328125e+01
8.851782226562500000e+01
8.838048553466796875e+01
8.866798400878906250e+01
8.679312133789062500e+01
8.598585510253906250e+01
8.441633605957031250e+01
8.484725189208984375e+01
8.516597747802734375e+01
8.520442962646484375e+01
8.479894256591796875e+01
8.432960510253906250e+01
8.514400482177734375e+01
8.675775909423828125e+01
8.745963287353515625e+01
8.801834106445312500e+01
8.611272430419921875e+01
8.587708282470703125e+01
8.471482849121093750e+01
8.520554351806640625e+01
8.492214202880859375e+01
8.596417999267578125e+01
8.574179840087890625e+01
8.642997741699218750e+01
8.577980804443359375e+01
8.675691986083984375e+01
8.639068603515625000e+01
8.626107025146484375e+01
8.543356323242187500e+01
8.546143341064453125e+01
8.520212554931640625e+01
8.599526977539062500e+01
8.666696929931640625e+01
8.623876190185546875e+01
8.504479980468750000e+01
8.415769195556640625e+01
8.495745086669921875e+01
8.546800994873046875e+01
8.492823791503906250e+01
8.465381622314453125e+01
8.335013580322265625e+01
8.333361053466796875e+01
8.356100463867187500e+01
8.596373748779296875e+01
8.632280731201171875e+01
8.558081817626953125e+01
8.382821655273437500e+01
8.435207366943359375e+01
8.451962280273437500e+01
8.524401855468750000e+01
8.594862365722656250e+01
8.647631072998046875e+01
8.528720855712890625e+01
8.450675201416015625e+01
8.364196777343750000e+01
8.338385772705078125e+01
8.400067901611328125e+01
8.515808868408203125e+01
8.538871765136718750e+01
8.391505432128906250e+01
8.266526794433593750e+01
8.297724914550781250e+01
8.391625976562500000e+01
8.414757537841796875e+01
8.286566925048828125e+01
8.258760070800781250e+01
8.249791717529296875e+01
8.212966918945312500e+01
8.354717254638671875e+01
8.366333007812500000e+01
8.414128875732421875e+01
8.435373687744140625e+01
8.654486083984375000e+01
8.769664764404296875e+01
8.683814239501953125e+01
8.583718872070312500e+01
8.528429412841796875e+01
8.410510253906250000e+01
8.285401153564453125e+01
8.358015441894531250e+01
8.505446624755859375e+01
8.627117919921875000e+01
8.732209777832031250e+01
8.616533660888671875e+01
8.586443328857421875e+01
8.520324707031250000e+01
8.630455017089843750e+01
8.632177734375000000e+01
8.554671478271484375e+01
8.403486633300781250e+01
8.312888336181640625e+01
8.326739501953125000e+01
8.448857116699218750e+01
8.612226867675781250e+01
8.585303497314453125e+01
8.565982055664062500e+01
8.406125640869140625e+01
8.359687042236328125e+01
8.302484893798828125e+01
8.156908416748046875e+01
8.183419799804687500e+01
8.424144744873046875e+01
8.530878448486328125e+01
8.459913635253906250e+01
8.331759643554687500e+01
8.372096252441406250e+01
8.454625701904296875e+01
8.512270355224609375e+01
8.520090484619140625e+01
8.582040405273437500e+01
8.484004974365234375e+01
8.364130401611328125e+01
8.187211608886718750e+01
8.199668884277343750e+01
8.339044189453125000e+01
8.435731506347656250e+01
8.526286315917968750e+01
8.596305847167968750e+01
8.760792541503906250e+01
8.790160369873046875e+01
8.660359191894531250e+01
8.592382049560546875e+01
8.463764190673828125e+01
8.439806365966796875e+01
8.357178497314453125e+01
8.458104705810546875e+01
8.597563171386718750e+01
8.680309295654296875e+01
8.698973846435546875e+01
8.652046966552734375e+01
8.542033386230468750e+01
8.402017211914062500e+01
8.257235717773437500e+01
8.348856353759765625e+01
8.430238342285156250e+01
8.554315948486328125e+01
8.573662567138671875e+01
8.413574981689453125e+01
8.383782958984375000e+01
8.495367431640625000e+01
8.554549407958984375e+01
8.470108795166015625e+01
8.262088012695312500e+01
8.307402038574218750e+01
8.307485961914062500e+01
8.286895751953125000e+01
8.305210876464843750e+01
8.338280487060546875e+01
8.485289764404296875e+01
8.418195343017578125e+01
8.356226348876953125e+01
8.375491333007812500e+01
8.375356292724609375e+01
8.288955688476562500e+01
8.251723480224609375e+01
8.357765960693359375e+01
8.450794982910156250e+01
8.402995300292968750e+01
8.343636322021484375e+01
8.192318725585937500e+01
8.205365753173828125e+01
8.339994049072265625e+01
8.443532562255859375e+01
8.384005737304687500e+01
8.333625030517578125e+01
8.193129730224609375e+01
8.156979370117187500e+01
8.100028991699218750e+01
8.202101898193359375e+01
8.311217498779296875e+01
8.405648803710937500e+01
8.298942565917968750e+01
8.185563659667968750e+01
8.303787231445312500e+01
8.403764343261718750e+01
8.413428497314453125e+01
8.368290710449218750e+01
8.620372772216796875e+01
8.600179290771484375e+01
8.403976440429687500e+01
8.142399597167968750e+01
8.106551361083984375e+01
8.158248901367187500e+01
8.187498474121093750e+01
8.118785858154296875e+01
8.291128540039062500e+01
8.515686798095703125e+01
8.531855010986328125e+01
8.445822906494140625e+01
8.334394073486328125e+01
8.436982727050781250e+01
8.349758911132812500e+01
8.431597900390625000e+01
8.445519256591796875e+01
8.426364135742187500e+01
8.407159423828125000e+01
8.338066101074218750e+01
8.304028320312500000e+01
8.246466064453125000e+01
8.216999816894531250e+01
8.182241058349609375e+01
8.100962066650390625e+01
8.164176177978515625e+01
8.142493438720703125e+01
8.152207183837890625e+01
8.313383483886718750e+01
8.466096496582031250e+01
8.303120422363281250e+01
8.345681762695312500e+01
8.568630981445312500e+01
8.747066497802734375e+01
8.583193206787109375e+01
8.373674774169921875e+01
8.296095275878906250e+01
8.287659454345703125e+01
8.269814300537109375e+01
8.321490478515625000e+01
8.342729949951171875e+01
8.247957611083984375e+01
8.121247863769531250e+01
8.089554595947265625e+01
8.105828094482421875e+01
8.098435974121093750e+01
8.052639007568359375e+01
8.169163513183593750e+01
8.173178100585937500e+01
8.108319854736328125e+01
7.946219635009765625e+01
8.021572113037109375e+01
8.147712707519531250e+01
8.167476654052734375e+01
8.188115692138671875e+01
8.279952239990234375e+01
8.408370971679687500e+01
8.389988708496093750e+01
8.381530761718750000e+01
8.321471405029296875e+01
8.328873443603515625e+01
8.248704528808593750e+01
8.142095947265625000e+01
8.095636749267578125e+01
8.096115875244140625e+01
8.382334899902343750e+01
8.442830657958984375e+01
8.481230163574218750e+01
8.329092407226562500e+01
8.385327911376953125e+01
8.396817779541015625e+01
8.351295471191406250e+01
8.210718536376953125e+01
8.074382019042968750e+01
7.843724060058593750e+01
7.981823730468750000e+01
8.172358703613281250e+01
8.323143005371093750e+01
8.290428161621093750e+01
8.334884643554687500e+01
8.392878723144531250e+01
8.345940399169921875e+01
8.227893066406250000e+01
8.323543548583984375e+01
8.273223876953125000e+01
8.230503845214843750e+01
8.163323974609375000e+01
8.247286224365234375e+01
8.347772979736328125e+01
8.381934356689453125e+01
8.380201721191406250e+01
8.360234832763671875e+01
8.222542572021484375e+01
8.239627075195312500e+01
8.219276428222656250e+01
8.216508483886718750e+01
8.114993286132812500e+01
8.136388397216796875e+01
8.197649383544921875e+01
8.238031768798828125e+01
8.164646911621093750e+01
8.132946014404296875e+01
8.210375976562500000e+01
8.352235412597656250e+01
8.327336120605468750e+01
8.179232788085937500e+01
8.030268859863281250e+01
8.228214263916015625e+01
8.287693786621093750e+01
8.133805084228515625e+01
7.957276916503906250e+01
8.095425415039062500e+01
8.219734191894531250e+01
8.324993133544921875e+01
8.423720550537109375e+01
8.385092926025390625e+01
8.191694641113281250e+01
8.056439971923828125e+01
7.967061614990234375e+01
7.949166107177734375e+01
7.949705505371093750e+01
8.056628417968750000e+01
8.175414276123046875e+01
8.244298553466796875e+01
8.327410125732421875e+01
8.256882476806640625e+01
8.362516784667968750e+01
8.323114013671875000e+01
8.248156738281250000e+01
8.156736755371093750e+01
8.216026306152343750e+01
8.374269104003906250e+01
8.362986755371093750e+01
8.274752044677734375e+01
8.179377746582031250e+01
8.074194335937500000e+01
8.205598449707031250e+01
8.339659881591796875e+01
8.514112854003906250e+01
8.434846496582031250e+01
8.344461822509765625e+01
8.349243164062500000e+01
8.419602203369140625e+01
8.334630584716796875e+01
8.280760955810546875e+01
8.354429626464843750e+01
8.381582641601562500e+01
8.271496582031250000e+01
8.267268371582031250e+01
8.217033386230468750e+01
8.263652038574218750e+01
8.402854919433593750e+01
8.581339263916015625e+01
8.512287139892578125e+01
8.298273468017578125e+01
8.073513031005859375e+01
7.929080963134765625e+01
7.939620208740234375e+01
8.073836517333984375e+01
8.146157073974609375e+01
8.219056701660156250e+01
8.185427093505859375e+01
8.214238739013671875e+01
8.221444702148437500e+01
8.197248840332031250e+01
8.176773071289062500e+01
7.983910369873046875e+01
7.961582946777343750e+01
8.122787475585937500e+01
8.322088623046875000e+01
8.332318115234375000e+01
8.222531127929687500e+01
8.257952117919921875e+01
8.264009857177734375e+01
8.151635742187500000e+01
7.979431915283203125e+01
8.076495361328125000e+01
8.216747283935546875e+01
8.218208312988281250e+01
8.227093505859375000e+01
8.328393554687500000e+01
8.502947998046875000e+01
8.370829010009765625e+01
8.225943756103515625e+01
8.259291839599609375e+01
8.556160736083984375e+01
8.579293823242187500e+01
8.442842864990234375e+01
8.345747375488281250e+01
8.349034118652343750e+01
8.438478851318359375e+01
8.467784118652343750e+01
8.342398071289062500e+01
8.362157440185546875e+01
8.520553588867187500e+01
8.694460296630859375e+01
8.805007934570312500e+01
8.774907684326171875e+01
8.615277099609375000e+01
8.504871368408203125e+01
8.412794494628906250e+01
8.471170806884765625e+01
8.528927612304687500e+01
8.503519439697265625e+01
8.446877288818359375e+01
8.314892578125000000e+01
8.236280822753906250e+01
8.163774871826171875e+01
8.214608001708984375e+01
8.090943145751953125e+01
8.073321533203125000e+01
7.978552246093750000e+01
8.085463714599609375e+01
7.907325744628906250e+01
7.932366180419921875e+01
7.825038909912109375e+01
7.684701538085937500e+01
7.636265563964843750e+01
7.936315917968750000e+01
7.963102722167968750e+01
8.011786651611328125e+01
7.717930603027343750e+01
7.642957305908203125e+01
7.533973693847656250e+01
7.694231414794921875e+01
7.990730285644531250e+01
8.055471801757812500e+01
8.164533233642578125e+01
8.175731658935546875e+01
8.060402679443359375e+01
7.860999298095703125e+01
7.585108184814453125e+01
7.776659393310546875e+01
7.867315673828125000e+01
7.816709136962890625e+01
7.639127349853515625e+01
7.678673553466796875e+01
7.844361114501953125e+01
7.923674011230468750e+01
8.025879669189453125e+01
8.145284271240234375e+01
8.179379272460937500e+01
8.137190246582031250e+01
8.120572662353515625e+01
8.139636230468750000e+01
8.233239746093750000e+01
8.205723571777343750e+01
8.122798156738281250e+01
8.054878997802734375e+01
7.955163574218750000e+01
7.755391693115234375e+01
7.880678558349609375e+01
7.937543487548828125e+01
8.074424743652343750e+01
7.763025665283203125e+01
7.562364959716796875e+01
7.583267211914062500e+01
7.708388519287109375e+01
8.014550018310546875e+01
8.043140411376953125e+01
7.897132110595703125e+01
7.614484405517578125e+01
7.573291015625000000e+01
7.520030975341796875e+01
7.413461303710937500e+01
7.353031921386718750e+01
7.528173065185546875e+01
7.739453125000000000e+01
7.872933959960937500e+01
7.968381500244140625e+01
7.812581634521484375e+01
7.596781921386718750e+01
7.382939147949218750e+01
7.386866760253906250e+01
7.432980346679687500e+01
7.583641052246093750e+01
7.686643218994140625e+01
7.533197784423828125e+01
7.576988983154296875e+01
7.744977569580078125e+01
7.895030212402343750e+01
7.983407592773437500e+01
8.110021209716796875e+01
8.068931579589843750e+01
7.828034973144531250e+01
7.579696655273437500e+01
7.643752288818359375e+01
7.581189727783203125e+01
7.477619934082031250e+01
7.284371185302734375e+01
7.194252014160156250e+01
7.452461242675781250e+01
7.456171417236328125e+01
7.533920288085937500e+01
7.653054809570312500e+01
8.195003509521484375e+01
8.206302642822265625e+01
7.787159729003906250e+01
7.197987365722656250e+01
7.169783782958984375e+01
7.639849853515625000e+01
7.965483856201171875e+01
7.941930389404296875e+01
7.409340667724609375e+01
7.089974212646484375e+01
7.009089660644531250e+01
7.199047088623046875e+01
7.678134155273437500e+01
7.846130371093750000e+01
7.882137298583984375e+01
7.531856536865234375e+01
7.315546417236328125e+01
7.195644378662109375e+01
7.233959960937500000e+01
7.393312835693359375e+01
7.335428619384765625e+01
7.707343292236328125e+01
7.953508758544921875e+01
7.829045104980468750e+01
7.232040405273437500e+01
7.483555603027343750e+01
7.872976684570312500e+01
7.918489074707031250e+01
7.449297332763671875e+01
7.522631072998046875e+01
7.726435089111328125e+01
7.519593811035156250e+01
7.157035064697265625e+01
6.961964416503906250e+01
6.965887451171875000e+01
7.187571716308593750e+01
7.032519531250000000e+01
7.002699279785156250e+01
7.178397369384765625e+01
7.504827880859375000e+01
7.333774566650390625e+01
7.164990234375000000e+01
7.374699401855468750e+01
7.753797912597656250e+01
7.770279693603515625e+01
7.679029083251953125e+01
7.319635009765625000e+01
7.385715484619140625e+01
7.472975921630859375e+01
7.525802612304687500e+01
7.314773559570312500e+01
7.233763885498046875e+01
7.404299163818359375e+01
7.360064697265625000e+01
7.212145233154296875e+01
7.075112152099609375e+01
7.304517364501953125e+01
7.331317138671875000e+01
7.567900085449218750e+01
8.006076049804687500e+01
8.492263031005859375e+01
8.653539276123046875e+01
9.056881713867187500e+01
9.253135681152343750e+01
8.978931427001953125e+01
8.790918731689453125e+01
8.611882781982421875e+01
8.579860687255859375e+01
8.660822296142578125e+01
8.607736206054687500e+01
8.667981719970703125e+01
8.587815856933593750e+01
8.535533905029296875e+01
8.344448089599609375e+01
8.441549682617187500e+01
8.495825958251953125e+01
8.410953521728515625e+01
8.241278839111328125e+01
8.166757202148437500e+01
8.077667236328125000e+01
8.085311889648437500e+01
8.139633941650390625e+01
8.230923461914062500e+01
8.338978576660156250e+01
8.266790008544921875e+01
8.127487182617187500e+01
8.012770080566406250e+01
8.041720581054687500e+01
8.195523834228515625e+01
8.286943054199218750e+01
8.265529632568359375e+01
8.321685028076171875e+01
8.352054595947265625e+01
7.973734283447265625e+01
7.868075561523437500e+01
7.992918395996093750e+01
8.324235534667968750e+01
8.511486816406250000e+01
8.826741027832031250e+01
8.686722564697265625e+01
8.386022186279296875e+01
8.032521820068359375e+01
7.878249359130859375e+01
7.812327575683593750e+01
8.118766021728515625e+01
8.253350830078125000e+01
8.232006072998046875e+01
8.185169219970703125e+01
8.141929626464843750e+01
8.012287902832031250e+01
7.944690704345703125e+01
7.837968444824218750e+01
7.798970031738281250e+01
8.107216644287109375e+01
8.144433593750000000e+01
8.056712341308593750e+01
7.991088104248046875e+01
8.055554962158203125e+01
8.162676239013671875e+01
8.146382904052734375e+01
8.285319519042968750e+01
8.420431518554687500e+01
8.357402801513671875e+01
8.385358428955078125e+01
8.418131256103515625e+01
8.257590484619140625e+01
8.126342010498046875e+01
8.102922821044921875e+01
7.826772308349609375e+01
7.766353607177734375e+01
7.915850830078125000e+01
8.126361083984375000e+01
8.087571716308593750e+01
7.981121063232421875e+01
7.871135711669921875e+01
7.892083740234375000e+01
8.006690216064453125e+01
8.001396942138671875e+01
7.968714904785156250e+01
8.105961608886718750e+01
8.168431854248046875e+01
8.245255279541015625e+01
8.117585754394531250e+01
8.041439819335937500e+01
8.132234191894531250e+01
8.011343383789062500e+01
7.843130493164062500e+01
7.962423706054687500e+01
7.891472625732421875e+01
8.001041412353515625e+01
7.967179870605468750e+01
8.103082275390625000e+01
7.998801422119140625e+01
8.016197204589843750e+01
7.880857086181640625e+01
8.096563720703125000e+01
8.093887329101562500e+01
8.013812255859375000e+01
7.963430023193359375e+01
7.943209838867187500e+01
7.841686248779296875e+01
7.828262329101562500e+01
7.956257629394531250e+01
8.116830444335937500e+01
8.214885711669921875e+01
8.255306243896484375e+01
8.111875152587890625e+01
7.873249053955078125e+01
7.734110260009765625e+01
7.727864074707031250e+01
7.755126190185546875e+01
7.849597167968750000e+01
7.810786437988281250e+01
7.719423675537109375e+01
7.982965850830078125e+01
8.100695037841796875e+01
8.113822174072265625e+01
8.080958557128906250e+01
8.052769470214843750e+01
8.091275024414062500e+01
8.085102081298828125e+01
8.072150421142578125e+01
7.978978729248046875e+01
8.127664184570312500e+01
7.901512145996093750e+01
7.809585571289062500e+01
7.949900054931640625e+01
8.053299713134765625e+01
7.775836181640625000e+01
7.770977020263671875e+01
7.894648742675781250e+01
7.703372955322265625e+01
7.581233978271484375e+01
7.623984527587890625e+01
7.936563110351562500e+01
7.873529052734375000e+01
7.759364318847656250e+01
7.682682037353515625e+01
7.847853851318359375e+01
8.002153778076171875e+01
8.169821166992187500e+01
8.037226104736328125e+01
7.953561401367187500e+01
7.972206878662109375e+01
7.963449859619140625e+01
7.947974395751953125e+01
7.859027862548828125e+01
7.898413848876953125e+01
7.838440704345703125e+01
7.921585083007812500e+01
7.666892242431640625e+01
7.526805114746093750e+01
7.412300109863281250e+01
7.390737152099609375e+01
7.458085632324218750e+01
7.646382904052734375e+01
7.840278625488281250e+01
7.737145233154296875e+01
7.574771118164062500e+01
7.532149505615234375e+01
7.795333862304687500e+01
7.902424621582031250e+01
7.907536315917968750e+01
7.826772308349609375e+01
7.848715972900390625e+01
7.846926879882812500e+01
7.850779724121093750e+01
7.935852050781250000e+01
7.882431030273437500e+01
7.858228302001953125e+01
7.822558593750000000e+01
7.783070373535156250e+01
7.652343750000000000e+01
7.683079528808593750e+01
7.670117187500000000e+01
7.882872009277343750e+01
7.846485900878906250e+01
7.720681762695312500e+01
7.692242431640625000e+01
7.799397277832031250e+01
7.890332794189453125e+01
7.991343688964843750e+01
7.963161468505859375e+01
7.868901824951171875e+01
7.789826965332031250e+01
7.634140014648437500e+01
7.567722320556640625e+01
7.553826141357421875e+01
7.676556396484375000e+01
7.729026031494140625e+01
7.795450592041015625e+01
7.809474945068359375e+01
7.711955261230468750e+01
7.590859985351562500e+01
7.485478210449218750e+01
7.632718658447265625e+01
7.713093566894531250e+01
7.734898376464843750e+01
7.627963256835937500e+01
7.696127319335937500e+01
7.728532409667968750e+01
7.582124328613281250e+01
7.542612457275390625e+01
7.473979187011718750e+01
7.487475585937500000e+01
7.492317199707031250e+01
7.493352508544921875e+01
7.281224060058593750e+01
7.228903961181640625e+01
7.415627288818359375e+01
7.478411865234375000e+01
7.626193237304687500e+01
7.725089263916015625e+01
7.788860321044921875e+01
7.670306396484375000e+01
7.604175567626953125e+01
7.658760833740234375e+01
7.785913085937500000e+01
7.841751861572265625e+01
7.784395599365234375e+01
7.698576354980468750e+01
7.683957672119140625e+01
7.645389556884765625e+01
7.617100524902343750e+01
7.621967315673828125e+01
7.653402709960937500e+01
7.642695617675781250e+01
7.481446838378906250e+01
7.408313751220703125e+01
7.264810943603515625e+01
7.256919860839843750e+01
7.494393920898437500e+01
7.733725738525390625e+01
7.757799530029296875e+01
7.494290924072265625e+01
7.382977294921875000e+01
7.365557861328125000e+01
7.377688598632812500e+01
7.317747497558593750e+01
7.243268585205078125e+01
7.373279571533203125e+01
7.425718688964843750e+01
7.492222595214843750e+01
7.531480407714843750e+01
7.577772521972656250e+01
7.534601593017578125e+01
7.529253387451171875e+01
7.654418945312500000e+01
7.659745025634765625e+01
7.480722045898437500e+01
7.419774627685546875e+01
7.406735229492187500e+01
7.297783660888671875e+01
7.153186035156250000e+01
7.208689117431640625e+01
7.275694274902343750e+01
7.352217102050781250e+01
7.285157012939453125e+01
7.215702819824218750e+01
7.337221527099609375e+01
7.535160064697265625e+01
7.664225769042968750e+01
7.579523468017578125e+01
7.460472869873046875e+01
7.507464599609375000e+01
7.451909637451171875e+01
7.450123596191406250e+01
7.458933258056640625e+01
7.584615325927734375e+01
7.545725250244140625e+01
7.496473693847656250e+01
7.393766784667968750e+01
7.313053131103515625e+01
7.290551757812500000e+01
7.348011016845703125e+01
7.319039154052734375e+01
7.276759338378906250e+01
7.218389892578125000e+01
7.320631408691406250e+01
7.566567993164062500e+01
7.565822601318359375e+01
7.439125823974609375e+01
7.345316314697265625e+01
7.199230194091796875e+01
7.222093963623046875e+01
7.358641052246093750e+01
7.403436279296875000e+01
7.349210357666015625e+01
7.265946960449218750e+01
7.331022644042968750e+01
7.447830963134765625e+01
7.448831176757812500e+01
7.459118652343750000e+01
7.462908935546875000e+01
7.391953277587890625e+01
7.192710113525390625e+01
7.196105957031250000e+01
7.297017669677734375e+01
7.337522888183593750e+01
7.233943939208984375e+01
7.123426055908203125e+01
7.119799041748046875e+01
7.228579711914062500e+01
7.523831939697265625e+01
7.561068725585937500e+01
7.374385070800781250e+01
7.228694152832031250e+01
7.093197631835937500e+01
7.213128662109375000e+01
7.387873077392578125e+01
7.511327362060546875e+01
7.487989807128906250e+01
7.478306579589843750e+01
7.416330718994140625e+01
7.313549804687500000e+01
7.387020874023437500e+01
7.517391967773437500e+01
7.386334991455078125e+01
7.323667144775390625e+01
7.504689025878906250e+01
7.527301788330078125e+01
7.387487792968750000e+01
7.330389404296875000e+01
7.441741943359375000e+01
7.388208007812500000e+01
7.202425384521484375e+01
7.117490386962890625e+01
7.109619903564453125e+01
7.000047302246093750e+01
7.106114196777343750e+01
7.356420135498046875e+01
7.301710510253906250e+01
7.246657562255859375e+01
7.361122131347656250e+01
7.627406311035156250e+01
7.550247192382812500e+01
7.307142639160156250e+01
7.263761138916015625e+01
7.172528076171875000e+01
7.059437561035156250e+01
7.021582794189453125e+01
6.986848449707031250e+01
7.126611328125000000e+01
7.200762176513671875e+01
7.174976348876953125e+01
7.186531829833984375e+01
7.146249389648437500e+01
7.247965240478515625e+01
7.269232940673828125e+01
7.213688659667968750e+01
7.154465484619140625e+01
7.114421844482421875e+01
7.354604339599609375e+01
7.473216247558593750e+01
7.532276153564453125e+01
7.480301666259765625e+01
7.264972686767578125e+01
7.120236206054687500e+01
7.144256591796875000e+01
7.125006103515625000e+01
7.146182250976562500e+01
7.233688354492187500e+01
7.324176788330078125e+01
7.408118438720703125e+01
7.403621673583984375e+01
7.260865020751953125e+01
7.240269470214843750e+01
7.093087005615234375e+01
7.160768127441406250e+01
7.244254302978515625e+01
7.270696258544921875e+01
7.309825897216796875e+01
7.243562316894531250e+01
7.070282745361328125e+01
7.112559509277343750e+01
7.244289398193359375e+01
7.176725006103515625e+01
7.243954467773437500e+01
7.284682464599609375e+01
7.311896514892578125e+01
7.094596862792968750e+01
7.114844512939453125e+01
7.290894317626953125e+01
7.268820953369140625e+01
7.122078704833984375e+01
7.249774932861328125e+01
7.265174102783203125e+01
7.274792480468750000e+01
7.224925231933593750e+01
7.297653198242187500e+01
7.453091430664062500e+01
7.392049407958984375e+01
7.291149902343750000e+01
7.315129852294921875e+01
7.336454010009765625e+01
7.220394134521484375e+01
7.213876342773437500e+01
7.332338714599609375e+01
7.496689605712890625e+01
8.614553833007812500e+01
9.096318817138671875e+01
8.404463958740234375e+01
7.748303985595703125e+01
7.586297607421875000e+01
7.425624847412109375e+01
7.998572540283203125e+01
8.712399291992187500e+01
8.857369995117187500e+01
8.825948333740234375e+01
9.073739624023437500e+01
8.771848297119140625e+01
8.293598937988281250e+01
8.105719757080078125e+01
8.073464965820312500e+01
7.799863433837890625e+01
7.482318878173828125e+01
7.273047637939453125e+01
7.340606689453125000e+01
7.345204925537109375e+01
7.209349060058593750e+01
7.111091613769531250e+01
7.228599548339843750e+01
7.171466064453125000e+01
7.079363250732421875e+01
7.200319671630859375e+01
7.393508911132812500e+01
7.434190368652343750e+01
7.347878265380859375e+01
7.180737304687500000e+01
7.292516326904296875e+01
7.366433715820312500e+01
7.524396514892578125e+01
7.414681243896484375e+01
7.266426086425781250e+01
7.229982757568359375e+01
7.214203643798828125e+01
7.302284240722656250e+01
7.311041259765625000e+01
7.322703552246093750e+01
7.135134887695312500e+01
7.222848510742187500e+01
7.395223999023437500e+01
7.269924163818359375e+01
7.149621582031250000e+01
7.044019317626953125e+01
7.068894958496093750e+01
7.258544158935546875e+01
7.223370361328125000e+01
7.342034912109375000e+01
7.535949707031250000e+01
7.589298248291015625e+01
7.375854492187500000e+01
7.154256439208984375e+01
7.242834472656250000e+01
7.399148559570312500e+01
7.304578399658203125e+01
7.294681549072265625e+01
7.185799407958984375e+01
7.215258789062500000e+01
7.298612976074218750e+01
7.289179229736328125e+01
7.278108215332031250e+01
7.422514343261718750e+01
7.294460296630859375e+01
7.023487091064453125e+01
7.181781005859375000e+01
7.291784667968750000e+01
7.220566558837890625e+01
7.043904876708984375e+01
6.972900390625000000e+01
7.169049072265625000e+01
7.251345062255859375e+01
7.376337432861328125e+01
7.293548583984375000e+01
7.195624542236328125e+01
7.362635040283203125e+01
7.340045166015625000e+01
7.098950958251953125e+01
7.046754455566406250e+01
6.919483947753906250e+01
6.999558258056640625e+01
7.050447845458984375e+01
7.017830657958984375e+01
6.993542480468750000e+01
7.046684265136718750e+01
7.039950561523437500e+01
7.000093841552734375e+01
7.004542541503906250e+01
7.002455139160156250e+01
6.980816650390625000e+01
7.093215942382812500e+01
6.988616943359375000e+01
6.803262329101562500e+01
6.821446990966796875e+01
7.100599670410156250e+01
7.319689941406250000e+01
7.402838134765625000e+01
7.228057098388671875e+01
7.008704376220703125e+01
7.010082244873046875e+01
6.910781860351562500e+01
6.729651641845703125e+01
6.805936431884765625e+01
7.035315704345703125e+01
7.172534942626953125e+01
7.137405395507812500e+01
6.961294555664062500e+01
6.863673400878906250e+01
7.049095916748046875e+01
7.179037475585937500e+01
7.087555694580078125e+01
6.893246459960937500e+01
6.969741058349609375e+01
6.907122039794921875e+01
6.867069244384765625e+01
7.004505157470703125e+01
7.014682006835937500e+01
6.909811401367187500e+01
7.071475982666015625e+01
7.058013153076171875e+01
7.014690399169921875e+01
6.957164764404296875e+01
6.911309814453125000e+01
6.915901947021484375e+01
6.999459838867187500e+01
6.944000244140625000e+01
6.764746856689453125e+01
6.718395233154296875e+01
6.818582916259765625e+01
6.932975769042968750e+01
6.880706787109375000e+01
6.724887847900390625e+01
6.792646789550781250e+01
6.935908508300781250e+01
7.034710693359375000e+01
7.006371307373046875e+01
6.793875885009765625e+01
6.623599243164062500e+01
6.652603149414062500e+01
6.843958282470703125e+01
6.951764678955078125e+01
7.166267395019531250e+01
7.074208831787109375e+01
6.787450408935546875e+01
6.632941436767578125e+01
6.538748931884765625e+01
6.623488616943359375e+01
6.843048095703125000e+01
6.978322601318359375e+01
6.876438140869140625e+01
6.915962219238281250e+01
6.990402221679687500e+01
6.816365051269531250e+01
6.825834655761718750e+01
6.782677459716796875e+01
6.662596130371093750e+01
6.678392028808593750e+01
6.626351928710937500e+01
6.488269042968750000e+01
6.448168182373046875e+01
6.526908874511718750e+01
6.612352752685546875e+01
6.720917510986328125e+01
6.636892700195312500e+01
6.601683044433593750e+01
6.665033721923828125e+01
6.690236663818359375e+01
6.864379119873046875e+01
6.743910217285156250e+01
6.611188507080078125e+01
6.735283660888671875e+01
6.831748199462890625e+01
6.785158538818359375e+01
6.738120269775390625e+01
6.568832397460937500e+01
6.289868545532226562e+01
6.295022583007812500e+01
6.551195526123046875e+01
6.612121582031250000e+01
6.660080718994140625e+01
6.657359313964843750e+01
6.781919097900390625e+01
6.843620300292968750e+01
6.698095703125000000e+01
6.699498748779296875e+01
6.724642181396484375e+01
6.851288604736328125e+01
6.774507904052734375e+01
6.475083923339843750e+01
6.415209960937500000e+01
6.629562377929687500e+01
6.605361175537109375e+01
6.490080261230468750e+01
6.363730239868164062e+01
6.483219909667968750e+01
6.515365600585937500e+01
6.395337295532226562e+01
6.538398742675781250e+01
6.650043487548828125e+01
6.815379333496093750e+01
6.936583709716796875e+01
6.827148437500000000e+01
6.643019104003906250e+01
6.616101074218750000e+01
6.817905426025390625e+01
6.845962524414062500e+01
6.659903717041015625e+01
6.552383422851562500e+01
6.492548370361328125e+01
6.364735794067382812e+01
6.210571670532226562e+01
6.357290649414062500e+01
6.581392669677734375e+01
6.686708068847656250e+01
6.684360504150390625e+01
6.625585174560546875e+01
6.685223388671875000e+01
6.684149169921875000e+01
6.609378051757812500e+01
6.426248931884765625e+01
6.563446044921875000e+01
6.658255767822265625e+01
6.477320098876953125e+01
6.556403350830078125e+01
6.702317047119140625e+01
6.664904022216796875e+01
6.877243041992187500e+01
6.923298645019531250e+01
6.680155944824218750e+01
6.570944976806640625e+01
6.662154388427734375e+01
6.737561035156250000e+01
6.628356170654296875e+01
6.622173309326171875e+01
6.705866241455078125e+01
6.525144195556640625e+01
6.525209808349609375e+01
6.509195709228515625e+01
6.464218902587890625e+01
6.674477386474609375e+01
6.679699707031250000e+01
6.718263244628906250e+01
6.779615783691406250e+01
6.561477661132812500e+01
6.350432968139648438e+01
6.421857452392578125e+01
6.481678771972656250e+01
6.553507232666015625e+01
6.491851806640625000e+01
6.543755340576171875e+01
6.389701461791992188e+01
6.358658218383789062e+01
6.494215393066406250e+01
6.402714538574218750e+01
6.452672576904296875e+01
6.631045532226562500e+01
6.710461425781250000e+01
6.705268859863281250e+01
6.639881134033203125e+01
6.554491424560546875e+01
6.555061340332031250e+01
6.780642700195312500e+01
6.909727478027343750e+01
6.800668334960937500e+01
6.519353485107421875e+01
6.475922393798828125e+01
6.711403656005859375e+01
6.684245300292968750e+01
6.501722717285156250e+01
6.359970092773437500e+01
6.255788421630859375e+01
6.405723571777343750e+01
6.590511322021484375e+01
6.405988311767578125e+01
6.450086975097656250e+01
6.606078338623046875e+01
6.633868408203125000e+01
6.513982391357421875e+01
6.349100112915039062e+01
6.369079971313476562e+01
6.601500701904296875e+01
6.643628692626953125e+01
6.619239807128906250e+01
6.453943634033203125e+01
6.418163299560546875e+01
6.571836853027343750e+01
6.506873321533203125e+01
6.266808700561523438e+01
6.160171508789062500e+01
6.449772644042968750e+01
6.635053253173828125e+01
6.613717651367187500e+01
6.613076019287109375e+01
6.795220947265625000e+01
6.856907653808593750e+01
6.648516845703125000e+01
6.531376647949218750e+01
6.649362945556640625e+01
6.683202362060546875e+01
6.572351074218750000e+01
6.500378417968750000e+01
6.415216064453125000e+01
6.469793701171875000e+01
6.533205413818359375e+01
6.510227966308593750e+01
6.229019165039062500e+01
6.007938766479492188e+01
6.219908905029296875e+01
6.420420074462890625e+01
6.401394653320312500e+01
6.428718566894531250e+01
6.341167831420898438e+01
6.167012786865234375e+01
6.096684265136718750e+01
6.237859725952148438e+01
6.380110549926757812e+01
6.333791732788085938e+01
6.194528579711914062e+01
6.265384292602539062e+01
6.262674713134765625e+01
6.134825897216796875e+01
6.220957946777343750e+01
6.259912490844726562e+01
6.296047210693359375e+01
6.630810546875000000e+01
6.862677001953125000e+01
6.493309020996093750e+01
6.255384445190429688e+01
6.474952697753906250e+01
6.570351409912109375e+01
6.366069030761718750e+01
6.367053985595703125e+01
6.496409606933593750e+01
6.504424285888671875e+01
6.477128601074218750e+01
6.300046539306640625e+01
6.214138031005859375e+01
6.410658264160156250e+01
6.601172637939453125e+01
6.646944427490234375e+01
6.605374908447265625e+01
6.540400695800781250e+01
6.418039703369140625e+01
6.379575729370117188e+01
6.429647827148437500e+01
6.631757354736328125e+01
6.794980621337890625e+01
6.458211517333984375e+01
6.299430465698242188e+01
6.466345977783203125e+01
6.719766998291015625e+01
6.791890716552734375e+01
6.507887268066406250e+01
6.319640731811523438e+01
6.393107223510742188e+01
6.561814880371093750e+01
6.527117156982421875e+01
6.367206954956054688e+01
6.372309875488281250e+01
6.203207397460937500e+01
5.888562774658203125e+01
6.101491928100585938e+01
6.415926361083984375e+01
6.354475402832031250e+01
6.189896392822265625e+01
6.075946807861328125e+01
5.837277603149414062e+01
5.884820175170898438e+01
5.822105789184570312e+01
5.910200119018554688e+01
6.184880828857421875e+01
6.092934799194335938e+01
6.003098678588867188e+01
5.887321472167968750e+01
5.800416183471679688e+01
5.936347198486328125e+01
6.125208663940429688e+01
6.068448257446289062e+01
6.078816223144531250e+01
6.127911376953125000e+01
6.231472778320312500e+01
6.273630142211914062e+01
6.296018600463867188e+01
6.196339797973632812e+01
5.926029586791992188e+01
5.875998687744140625e+01
6.030691528320312500e+01
6.255810928344726562e+01
5.958971786499023438e+01
5.893498992919921875e+01
6.228511047363281250e+01
6.067980957031250000e+01
5.919563674926757812e+01
5.970713424682617188e+01
6.100781631469726562e+01
6.114774703979492188e+01
5.773569488525390625e+01
5.945441436767578125e+01
6.379227066040039062e+01
6.203824996948242188e+01
6.051620483398437500e+01
6.289444351196289062e+01
6.287118148803710938e+01
6.094882965087890625e+01
5.861521148681640625e+01
5.953084564208984375e+01
6.312881851196289062e+01
6.246452713012695312e+01
6.437456512451171875e+01
6.508789062500000000e+01
6.283243560791015625e+01
6.369921493530273438e+01
6.424465942382812500e+01
6.778226470947265625e+01
6.828850555419921875e+01
6.014829254150390625e+01
5.864111709594726562e+01
6.095652770996093750e+01
6.258240890502929688e+01
5.863168334960937500e+01
5.595198059082031250e+01
6.365551757812500000e+01
6.062042617797851562e+01
5.381917572021484375e+01
5.348446273803710938e+01
5.335209655761718750e+01
5.497931671142578125e+01
5.600524520874023438e+01
5.845026779174804688e+01
5.742640304565429688e+01
5.496953201293945312e+01
5.581959533691406250e+01
5.609611511230468750e+01
5.900487899780273438e+01
6.388541030883789062e+01
6.648399353027343750e+01
6.573219299316406250e+01
6.145376586914062500e+01
5.818944549560546875e+01
5.637042617797851562e+01
5.697709655761718750e+01
5.977861785888671875e+01
6.387550735473632812e+01
6.522970581054687500e+01
6.777674102783203125e+01
6.665969085693359375e+01
6.092921829223632812e+01
6.768679809570312500e+01
6.920816802978515625e+01
6.773603820800781250e+01
5.465065002441406250e+01
5.246152114868164062e+01
7.540258789062500000e+01
8.773583984375000000e+01
7.885234832763671875e+01
8.707099914550781250e+01
1.123181991577148438e+02
1.118581542968750000e+02
1.099674530029296875e+02
1.057774429321289062e+02
8.554401397705078125e+01
5.980478668212890625e+01
4.260018539428710938e+01
4.424701690673828125e+01
5.621781539916992188e+01
6.754833221435546875e+01
6.166686248779296875e+01
4.742203140258789062e+01
3.877308654785156250e+01
2.457417678833007812e+01
nan
nan
