nan
nan
nan
nan
nan
nan
nan
nan
nan
nan
nan
nan
nan
nan
nan
nan
nan
nan
nan
nan
nan
nan
nan
nan
nan
nan
nan
nan
nan
2.015491676330566406e+01
2.309898185729980469e+01
2.552622604370117188e+01
2.720988845825195312e+01
2.654487800598144531e+01
2.665628623962402344e+01
2.832658958435058594e+01
2.798993492126464844e+01
2.588096237182617188e+01
2.457068634033203125e+01
2.572882461547851562e+01
2.627141761779785156e+01
2.650254249572753906e+01
2.449011802673339844e+01
2.467991447448730469e+01
2.421275901794433594e+01
2.442719459533691406e+01
2.533511734008789062e+01
2.572921943664550781e+01
2.578794479370117188e+01
2.586270904541015625e+01
2.547759437561035156e+01
2.605038452148437500e+01
2.486901664733886719e+01
2.412151908874511719e+01
2.424740600585937500e+01
2.543748664855957031e+01
2.495700454711914062e+01
2.523074722290039062e+01
2.504633522033691406e+01
2.643346214294433594e+01
2.658053207397460938e+01
2.640358352661132812e+01
2.608591651916503906e+01
2.558198547363281250e+01
2.601992034912109375e+01
2.661800765991210938e+01
2.687366676330566406e+01
2.643537139892578125e+01
2.521788215637207031e+01
2.496212005615234375e+01
2.478248214721679688e+01
2.515900611877441406e+01
2.570604896545410156e+01
2.613041687011718750e+01
2.609468841552734375e+01
2.548355293273925781e+01
2.548311996459960938e+01
2.541959762573242188e+01
2.620098686218261719e+01
2.651604270935058594e+01
2.706307029724121094e+01
2.628724479675292969e+01
2.583813858032226562e+01
2.613001632690429688e+01
2.564327621459960938e+01
2.563788414001464844e+01
2.546488952636718750e+01
2.526436805725097656e+01
2.553452301025390625e+01
2.532742881774902344e+01
2.549292373657226562e+01
2.540647125244140625e+01
2.489390754699707031e+01
2.485271072387695312e+01
2.492222023010253906e+01
2.364985656738281250e+01
2.315096282958984375e+01
2.299326324462890625e+01
2.340611648559570312e+01
2.326634788513183594e+01
2.293400192260742188e+01
2.388819313049316406e+01
2.565719032287597656e+01
2.595271682739257812e+01
2.539101409912109375e+01
2.388346290588378906e+01
2.396291732788085938e+01
2.433119583129882812e+01
2.507018852233886719e+01
2.504922866821289062e+01
2.413494873046875000e+01
2.407481002807617188e+01
2.468130874633789062e+01
2.511952400207519531e+01
2.610334014892578125e+01
2.559225654602050781e+01
2.608174705505371094e+01
2.589429855346679688e+01
2.492675399780273438e+01
2.452133369445800781e+01
2.416131973266601562e+01
2.439460563659667969e+01
2.399759674072265625e+01
2.457981109619140625e+01
2.531473159790039062e+01
2.618600082397460938e+01
2.596898841857910156e+01
2.415513610839843750e+01
2.282431221008300781e+01
2.273555374145507812e+01
2.401225280761718750e+01
2.504347419738769531e+01
2.496616363525390625e+01
2.513891601562500000e+01
2.591793632507324219e+01
2.645845031738281250e+01
2.609667968750000000e+01
2.450674629211425781e+01
2.458456420898437500e+01
2.516173553466796875e+01
2.629181098937988281e+01
2.539521026611328125e+01
2.468626785278320312e+01
2.348865127563476562e+01
2.339349365234375000e+01
2.297437095642089844e+01
2.331760597229003906e+01
2.451053047180175781e+01
2.629371452331542969e+01
2.679033660888671875e+01
2.698125457763671875e+01
2.608909606933593750e+01
2.558577537536621094e+01
2.528683280944824219e+01
2.610206985473632812e+01
2.550780868530273438e+01
2.445863342285156250e+01
2.372468376159667969e+01
2.495560264587402344e+01
2.583303070068359375e+01
2.579115676879882812e+01
2.434759712219238281e+01
2.331011009216308594e+01
2.397500991821289062e+01
2.432530212402343750e+01
2.490862464904785156e+01
2.402586174011230469e+01
2.413352584838867188e+01
2.386716079711914062e+01
2.359021759033203125e+01
2.312698745727539062e+01
2.315778350830078125e+01
2.352357673645019531e+01
2.415126800537109375e+01
2.436389160156250000e+01
2.444207763671875000e+01
2.377619171142578125e+01
2.314664649963378906e+01
2.251561164855957031e+01
2.209079551696777344e+01
2.276900863647460938e+01
2.289272880554199219e+01
2.299986267089843750e+01
2.287867736816406250e+01
2.362397575378417969e+01
2.595657730102539062e+01
2.648834609985351562e+01
2.597631645202636719e+01
2.474737548828125000e+01
2.439211654663085938e+01
2.407775497436523438e+01
2.306751632690429688e+01
2.341930580139160156e+01
2.409310340881347656e+01
2.516572570800781250e+01
2.522606468200683594e+01
2.468672180175781250e+01
2.452968406677246094e+01
2.420371055603027344e+01
2.384600830078125000e+01
2.310025787353515625e+01
2.293915557861328125e+01
2.261645317077636719e+01
2.286656951904296875e+01
2.290978431701660156e+01
2.393903732299804688e+01
2.442094230651855469e+01
2.472354698181152344e+01
2.429070663452148438e+01
2.374298286437988281e+01
2.285208129882812500e+01
2.268346977233886719e+01
2.306742095947265625e+01
2.393658065795898438e+01
2.519168281555175781e+01
2.467779922485351562e+01
2.423324584960937500e+01
2.334103202819824219e+01
2.296836662292480469e+01
2.380555915832519531e+01
2.340058326721191406e+01
2.304224777221679688e+01
2.272097778320312500e+01
2.322696876525878906e+01
2.413751029968261719e+01
2.472152709960937500e+01
2.452225875854492188e+01
2.412426376342773438e+01
2.374473190307617188e+01
2.454472351074218750e+01
2.490319442749023438e+01
2.466226005554199219e+01
2.372423934936523438e+01
2.358543205261230469e+01
2.323988914489746094e+01
2.298976135253906250e+01
2.255209350585937500e+01
2.270726966857910156e+01
2.290199661254882812e+01
2.399395370483398438e+01
2.423501205444335938e+01
2.455379104614257812e+01
2.357207870483398438e+01
2.322041702270507812e+01
2.333888816833496094e+01
2.430958747863769531e+01
2.423206901550292969e+01
2.388891983032226562e+01
2.359630966186523438e+01
2.389475822448730469e+01
2.437834358215332031e+01
2.449121665954589844e+01
2.461778259277343750e+01
2.436239051818847656e+01
2.394526481628417969e+01
2.400500297546386719e+01
2.412614822387695312e+01
2.360237312316894531e+01
2.299813270568847656e+01
2.261677742004394531e+01
2.302049636840820312e+01
2.327602386474609375e+01
2.333345031738281250e+01
2.383443641662597656e+01
2.398935508728027344e+01
2.454715728759765625e+01
2.382951354980468750e+01
2.385211563110351562e+01
2.342325782775878906e+01
2.360677909851074219e+01
2.366468429565429688e+01
2.363067436218261719e+01
2.352556419372558594e+01
2.400793647766113281e+01
2.403048706054687500e+01
2.425279045104980469e+01
2.367196464538574219e+01
2.295409393310546875e+01
2.277922058105468750e+01
2.331668281555175781e+01
2.331371116638183594e+01
2.295865058898925781e+01
2.305059051513671875e+01
2.369795036315917969e+01
2.421187973022460938e+01
2.432159423828125000e+01
2.360842895507812500e+01
2.352758407592773438e+01
2.327155113220214844e+01
2.313564491271972656e+01
2.355751800537109375e+01
2.356139373779296875e+01
2.415740966796875000e+01
2.347639465332031250e+01
2.334690856933593750e+01
2.253993415832519531e+01
2.241420173645019531e+01
2.254891395568847656e+01
2.258863639831542969e+01
2.366351699829101562e+01
2.380722808837890625e+01
2.409715843200683594e+01
2.343179702758789062e+01
2.312471771240234375e+01
2.315614318847656250e+01
2.319893455505371094e+01
2.254873847961425781e+01
2.201089477539062500e+01
2.244438362121582031e+01
2.330201721191406250e+01
2.351747703552246094e+01
2.283662605285644531e+01
2.235347557067871094e+01
2.279019927978515625e+01
2.377758026123046875e+01
2.401902198791503906e+01
2.422777366638183594e+01
2.392052841186523438e+01
2.375319290161132812e+01
2.376667594909667969e+01
2.323069190979003906e+01
2.340766525268554688e+01
2.394918823242187500e+01
2.374007034301757812e+01
2.364777755737304688e+01
2.334197616577148438e+01
2.290770149230957031e+01
2.240608787536621094e+01
2.194434738159179688e+01
2.217493629455566406e+01
2.246949386596679688e+01
2.252891921997070312e+01
2.276655197143554688e+01
2.320388793945312500e+01
2.346966552734375000e+01
2.272945976257324219e+01
2.253351974487304688e+01
2.204506492614746094e+01
2.163831901550292969e+01
2.143994712829589844e+01
2.166163444519042969e+01
2.246521186828613281e+01
2.230352210998535156e+01
2.275120544433593750e+01
2.335784530639648438e+01
2.383757400512695312e+01
2.318585205078125000e+01
2.220696449279785156e+01
2.151178550720214844e+01
2.208441352844238281e+01
2.306631660461425781e+01
2.364741325378417969e+01
2.386874198913574219e+01
2.365633392333984375e+01
2.340461540222167969e+01
2.315741157531738281e+01
2.295196342468261719e+01
2.304165649414062500e+01
2.307520484924316406e+01
2.298931121826171875e+01
2.270262718200683594e+01
2.252579689025878906e+01
2.227585983276367188e+01
2.292754364013671875e+01
2.323706626892089844e+01
2.306385040283203125e+01
2.187351989746093750e+01
2.119832611083984375e+01
2.137750816345214844e+01
2.180204200744628906e+01
2.243593597412109375e+01
2.225797653198242188e+01
2.212449455261230469e+01
2.180819320678710938e+01
2.178388786315917969e+01
2.183465766906738281e+01
2.165447235107421875e+01
2.261002540588378906e+01
2.259718704223632812e+01
2.269896697998046875e+01
2.236302947998046875e+01
2.320685577392578125e+01
2.259835052490234375e+01
2.226857376098632812e+01
2.145965766906738281e+01
2.188261413574218750e+01
2.195359230041503906e+01
2.200063705444335938e+01
2.177140235900878906e+01
2.163892745971679688e+01
2.185971641540527344e+01
2.207203674316406250e+01
2.204744148254394531e+01
2.171895408630371094e+01
2.125592422485351562e+01
2.208469581604003906e+01
2.179252624511718750e+01
2.229502868652343750e+01
2.234508132934570312e+01
2.335985755920410156e+01
2.357876586914062500e+01
2.316432380676269531e+01
2.282798957824707031e+01
2.271344947814941406e+01
2.214185142517089844e+01
2.159438705444335938e+01
2.105811500549316406e+01
2.198860740661621094e+01
2.240311622619628906e+01
2.306595039367675781e+01
2.265278053283691406e+01
2.248239898681640625e+01
2.209611511230468750e+01
2.223779106140136719e+01
2.206078147888183594e+01
2.296886634826660156e+01
2.315817260742187500e+01
2.278048515319824219e+01
2.200688171386718750e+01
2.127273178100585938e+01
2.230546569824218750e+01
2.309185600280761719e+01
2.396988296508789062e+01
2.305985450744628906e+01
2.198238754272460938e+01
2.061640930175781250e+01
2.055286216735839844e+01
2.099234199523925781e+01
2.119098091125488281e+01
2.160266876220703125e+01
2.186466789245605469e+01
2.189299392700195312e+01
2.164414787292480469e+01
2.157206153869628906e+01
2.174987411499023438e+01
2.258743095397949219e+01
2.296566200256347656e+01
2.374119377136230469e+01
2.297627067565917969e+01
2.267407417297363281e+01
2.203626632690429688e+01
2.218013191223144531e+01
2.178456115722656250e+01
2.189733314514160156e+01
2.232855606079101562e+01
2.225783348083496094e+01
2.214438629150390625e+01
2.220474052429199219e+01
2.159362602233886719e+01
2.180226707458496094e+01
2.191028213500976562e+01
2.241610908508300781e+01
2.180686378479003906e+01
2.223338699340820312e+01
2.218541336059570312e+01
2.243705368041992188e+01
2.225332450866699219e+01
2.254160308837890625e+01
2.330664634704589844e+01
2.329286766052246094e+01
2.308148956298828125e+01
2.233664512634277344e+01
2.230604171752929688e+01
2.317403793334960938e+01
2.312692260742187500e+01
2.308737945556640625e+01
2.226204681396484375e+01
2.173933982849121094e+01
2.229037284851074219e+01
2.294761657714843750e+01
2.393724250793457031e+01
2.366591262817382812e+01
2.387500381469726562e+01
2.347493362426757812e+01
2.311246681213378906e+01
2.311498069763183594e+01
2.326029205322265625e+01
2.285389709472656250e+01
2.260603523254394531e+01
2.233489418029785156e+01
2.292933464050292969e+01
2.299491882324218750e+01
2.298014068603515625e+01
2.267663764953613281e+01
2.278399658203125000e+01
2.275163459777832031e+01
2.248585700988769531e+01
2.246314430236816406e+01
2.271269035339355469e+01
2.320102691650390625e+01
2.306957435607910156e+01
2.238368225097656250e+01
2.165784072875976562e+01
2.103663253784179688e+01
2.084324455261230469e+01
2.112548255920410156e+01
2.137472724914550781e+01
2.144453620910644531e+01
2.121491241455078125e+01
2.136017990112304688e+01
2.087897491455078125e+01
2.052712249755859375e+01
2.020281028747558594e+01
2.082241630554199219e+01
2.119043540954589844e+01
2.190725135803222656e+01
2.095820617675781250e+01
2.011571884155273438e+01
2.068371200561523438e+01
2.121653747558593750e+01
2.161259651184082031e+01
2.095562362670898438e+01
2.076313209533691406e+01
2.117680168151855469e+01
2.099609565734863281e+01
2.107472419738769531e+01
2.144260215759277344e+01
2.140919685363769531e+01
2.175966262817382812e+01
2.231860160827636719e+01
2.209026527404785156e+01
2.178220558166503906e+01
2.060111236572265625e+01
2.039793777465820312e+01
2.070534324645996094e+01
2.089143371582031250e+01
2.079815864562988281e+01
2.050907897949218750e+01
2.032644653320312500e+01
2.062376022338867188e+01
2.095956039428710938e+01
2.148689842224121094e+01
2.219099807739257812e+01
2.198717689514160156e+01
2.169337844848632812e+01
2.102952384948730469e+01
2.065329170227050781e+01
2.123018264770507812e+01
2.094231986999511719e+01
2.162618827819824219e+01
2.071749496459960938e+01
2.054989814758300781e+01
2.096335029602050781e+01
2.190760993957519531e+01
2.259344673156738281e+01
2.257555961608886719e+01
2.260416030883789062e+01
2.238414955139160156e+01
2.195609092712402344e+01
2.085514640808105469e+01
2.172721862792968750e+01
2.204927825927734375e+01
2.262017250061035156e+01
2.209644699096679688e+01
2.209348106384277344e+01
2.181432533264160156e+01
2.120410537719726562e+01
2.085621261596679688e+01
2.062925910949707031e+01
2.118271636962890625e+01
2.191018295288085938e+01
2.276010513305664062e+01
2.268069839477539062e+01
2.254066467285156250e+01
2.259851264953613281e+01
2.162321853637695312e+01
2.125041389465332031e+01
2.049861526489257812e+01
2.082002067565917969e+01
2.109684562683105469e+01
2.129182434082031250e+01
2.183025169372558594e+01
2.175728988647460938e+01
2.171647834777832031e+01
2.118958663940429688e+01
2.098668479919433594e+01
2.045108985900878906e+01
2.023590278625488281e+01
2.055560111999511719e+01
2.071011734008789062e+01
2.135838127136230469e+01
2.132710456848144531e+01
2.144109153747558594e+01
2.107650947570800781e+01
2.130379486083984375e+01
2.213639831542968750e+01
2.212992286682128906e+01
2.187863349914550781e+01
2.199251556396484375e+01
2.175411605834960938e+01
2.188520431518554688e+01
2.217541122436523438e+01
2.218761444091796875e+01
2.171494483947753906e+01
2.166547012329101562e+01
2.179439735412597656e+01
2.218879890441894531e+01
2.200574874877929688e+01
2.147344207763671875e+01
2.142157745361328125e+01
2.098739242553710938e+01
2.149903106689453125e+01
2.171570014953613281e+01
2.163315200805664062e+01
2.126318168640136719e+01
2.148902130126953125e+01
2.190709304809570312e+01
2.181353759765625000e+01
2.218619918823242188e+01
2.223450088500976562e+01
2.177073097229003906e+01
2.151220130920410156e+01
2.161352348327636719e+01
2.177956008911132812e+01
2.152096939086914062e+01
2.106895256042480469e+01
2.128848648071289062e+01
2.129730415344238281e+01
2.086251068115234375e+01
2.070527839660644531e+01
2.073392105102539062e+01
2.167051124572753906e+01
2.234322929382324219e+01
2.156099510192871094e+01
2.063712310791015625e+01
2.007856941223144531e+01
2.085531425476074219e+01
2.192115402221679688e+01
2.296747589111328125e+01
2.357051658630371094e+01
2.286070823669433594e+01
2.219914627075195312e+01
2.162579345703125000e+01
2.200179100036621094e+01
2.236914443969726562e+01
2.219801521301269531e+01
2.207340431213378906e+01
2.149247169494628906e+01
2.152664184570312500e+01
2.086896896362304688e+01
2.090614700317382812e+01
2.100332260131835938e+01
2.127456474304199219e+01
2.127346420288085938e+01
2.239570617675781250e+01
2.242881584167480469e+01
2.239751243591308594e+01
2.173067474365234375e+01
2.187077522277832031e+01
2.143651199340820312e+01
2.114207458496093750e+01
2.152823638916015625e+01
2.244434165954589844e+01
2.227079200744628906e+01
2.210607910156250000e+01
2.217660522460937500e+01
2.269563674926757812e+01
2.226033592224121094e+01
2.176294326782226562e+01
2.101767730712890625e+01
2.054982757568359375e+01
2.114461708068847656e+01
2.188682365417480469e+01
2.194060516357421875e+01
2.125401306152343750e+01
2.023027992248535156e+01
2.055346870422363281e+01
2.073678207397460938e+01
2.102309417724609375e+01
2.081227874755859375e+01
2.067037391662597656e+01
2.121938896179199219e+01
2.145407867431640625e+01
2.138535118103027344e+01
2.063661766052246094e+01
2.019051170349121094e+01
2.020677757263183594e+01
2.052971649169921875e+01
2.074609565734863281e+01
2.101814460754394531e+01
2.126997184753417969e+01
2.112661933898925781e+01
2.078888320922851562e+01
2.118140983581542969e+01
2.180601692199707031e+01
2.213597106933593750e+01
2.128721046447753906e+01
2.093470191955566406e+01
2.104156684875488281e+01
2.218124580383300781e+01
2.308468246459960938e+01
2.311939430236816406e+01
2.298259735107421875e+01
2.307832908630371094e+01
2.250948524475097656e+01
2.200704956054687500e+01
2.090681266784667969e+01
2.047314071655273438e+01
2.059733009338378906e+01
2.194004058837890625e+01
2.251206970214843750e+01
2.271185111999511719e+01
2.296830749511718750e+01
2.308457183837890625e+01
2.313484191894531250e+01
2.311062622070312500e+01
2.291853713989257812e+01
2.323809051513671875e+01
2.259834671020507812e+01
2.256086158752441406e+01
2.215976905822753906e+01
2.253259849548339844e+01
2.169374275207519531e+01
2.108555984497070312e+01
2.123763847351074219e+01
2.187258911132812500e+01
2.247855567932128906e+01
2.214186286926269531e+01
2.208144760131835938e+01
2.174608993530273438e+01
2.182712745666503906e+01
2.155696868896484375e+01
2.077212524414062500e+01
2.075912094116210938e+01
2.127771186828613281e+01
2.249452781677246094e+01
2.180869483947753906e+01
2.162018203735351562e+01
2.105935859680175781e+01
2.138529396057128906e+01
2.132132339477539062e+01
2.091567611694335938e+01
2.118506431579589844e+01
2.091461563110351562e+01
2.115817451477050781e+01
2.126423072814941406e+01
2.142603683471679688e+01
2.171877098083496094e+01
2.137591552734375000e+01
2.228741455078125000e+01
2.277482223510742188e+01
2.266478347778320312e+01
2.289983940124511719e+01
2.283764839172363281e+01
2.216819572448730469e+01
2.091246032714843750e+01
2.074357604980468750e+01
2.103337097167968750e+01
2.102720069885253906e+01
2.067429542541503906e+01
2.057488441467285156e+01
2.033077812194824219e+01
2.009877014160156250e+01
2.011294746398925781e+01
2.007000160217285156e+01
2.037502288818359375e+01
2.052033996582031250e+01
2.112414741516113281e+01
2.182681274414062500e+01
2.188114166259765625e+01
2.152832794189453125e+01
2.096330451965332031e+01
2.119495964050292969e+01
2.133580970764160156e+01
2.123967361450195312e+01
2.072976303100585938e+01
2.034177398681640625e+01
2.062659645080566406e+01
2.083323478698730469e+01
2.185703468322753906e+01
2.254657745361328125e+01
2.322970008850097656e+01
2.325205993652343750e+01
2.262713623046875000e+01
2.181869697570800781e+01
2.155934906005859375e+01
2.125559806823730469e+01
2.121499443054199219e+01
2.125914573669433594e+01
2.219807434082031250e+01
2.205995368957519531e+01
2.111464118957519531e+01
2.109853363037109375e+01
2.186944580078125000e+01
2.258567619323730469e+01
2.213986396789550781e+01
2.173055839538574219e+01
2.127692031860351562e+01
2.156481361389160156e+01
2.203051376342773438e+01
2.243055725097656250e+01
2.300449371337890625e+01
2.302481842041015625e+01
2.198716354370117188e+01
2.108297729492187500e+01
2.119468498229980469e+01
2.139346504211425781e+01
2.052885437011718750e+01
2.054936790466308594e+01
2.111257934570312500e+01
2.169464302062988281e+01
2.195805549621582031e+01
2.206604194641113281e+01
2.205700683593750000e+01
2.181450653076171875e+01
2.183246421813964844e+01
2.121335220336914062e+01
2.094307708740234375e+01
2.101249885559082031e+01
2.136800575256347656e+01
2.133577919006347656e+01
2.147575378417968750e+01
2.172560119628906250e+01
2.165994834899902344e+01
2.199795341491699219e+01
2.210426330566406250e+01
2.191285705566406250e+01
2.033435440063476562e+01
1.930103492736816406e+01
1.980395698547363281e+01
2.167736816406250000e+01
2.258939170837402344e+01
2.268347930908203125e+01
2.266133308410644531e+01
2.217812919616699219e+01
2.205328559875488281e+01
2.155951690673828125e+01
2.176632499694824219e+01
2.212137413024902344e+01
2.272487449645996094e+01
2.325808143615722656e+01
2.296755981445312500e+01
2.239951324462890625e+01
2.257969284057617188e+01
2.279640007019042969e+01
2.284299087524414062e+01
2.260909271240234375e+01
2.253104591369628906e+01
2.294586563110351562e+01
2.263930130004882812e+01
2.163662719726562500e+01
2.105502128601074219e+01
2.070994186401367188e+01
2.105840492248535156e+01
2.087039947509765625e+01
2.074564933776855469e+01
2.060243797302246094e+01
2.068022918701171875e+01
2.096694564819335938e+01
2.097800064086914062e+01
2.152397346496582031e+01
2.209363555908203125e+01
2.210802650451660156e+01
2.160848808288574219e+01
2.122704505920410156e+01
2.106369972229003906e+01
2.086439323425292969e+01
2.132357788085937500e+01
2.145858764648437500e+01
2.175960159301757812e+01
2.147173500061035156e+01
2.191231727600097656e+01
2.143464469909667969e+01
2.172720909118652344e+01
2.205077171325683594e+01
2.172187995910644531e+01
2.146497535705566406e+01
2.155280113220214844e+01
2.242001914978027344e+01
2.198790359497070312e+01
2.223400306701660156e+01
2.167975425720214844e+01
2.128624534606933594e+01
2.018441390991210938e+01
1.988441085815429688e+01
2.035141944885253906e+01
2.186096763610839844e+01
2.239461326599121094e+01
2.264133071899414062e+01
2.174159622192382812e+01
2.158581733703613281e+01
2.193907165527343750e+01
2.120152664184570312e+01
2.147601890563964844e+01
2.097941017150878906e+01
2.177095222473144531e+01
2.229328727722167969e+01
2.181752586364746094e+01
2.136740303039550781e+01
2.111931800842285156e+01
2.142211151123046875e+01
2.167746162414550781e+01
2.214447402954101562e+01
2.215603637695312500e+01
2.178067207336425781e+01
2.129379844665527344e+01
2.126398849487304688e+01
2.129264068603515625e+01
2.174779891967773438e+01
2.169980049133300781e+01
2.158518028259277344e+01
2.161818695068359375e+01
2.164398002624511719e+01
2.075753593444824219e+01
2.064657402038574219e+01
2.128665161132812500e+01
2.145119476318359375e+01
2.190508270263671875e+01
2.139307594299316406e+01
2.157361602783203125e+01
2.164851570129394531e+01
2.232431221008300781e+01
2.158265876770019531e+01
2.101969146728515625e+01
2.102915000915527344e+01
2.197997665405273438e+01
2.229413986206054688e+01
2.209006881713867188e+01
2.161372375488281250e+01
2.105402946472167969e+01
2.117831611633300781e+01
2.121932983398437500e+01
2.131241798400878906e+01
2.104409027099609375e+01
2.104522514343261719e+01
2.041143035888671875e+01
2.048581504821777344e+01
2.101339912414550781e+01
2.230315971374511719e+01
2.181616401672363281e+01
2.104428100585937500e+01
2.105881500244140625e+01
2.130791664123535156e+01
2.164511680603027344e+01
2.206481552124023438e+01
2.254943466186523438e+01
2.284487342834472656e+01
2.261756706237792969e+01
2.294328117370605469e+01
2.255817031860351562e+01
2.173493194580078125e+01
2.094270133972167969e+01
2.124502563476562500e+01
2.209159660339355469e+01
2.189752197265625000e+01
2.172449684143066406e+01
2.132594680786132812e+01
2.138916778564453125e+01
2.085793685913085938e+01
2.162731361389160156e+01
2.175043296813964844e+01
2.205050849914550781e+01
2.175197601318359375e+01
2.194612121582031250e+01
2.230922317504882812e+01
2.315252494812011719e+01
2.298525428771972656e+01
2.244553947448730469e+01
2.084164047241210938e+01
2.067770004272460938e+01
2.068517494201660156e+01
2.223871803283691406e+01
2.215867996215820312e+01
2.217315292358398438e+01
2.180521011352539062e+01
2.171436119079589844e+01
2.144923591613769531e+01
2.105857658386230469e+01
2.171886634826660156e+01
2.197249221801757812e+01
2.223983001708984375e+01
2.156789779663085938e+01
2.131964683532714844e+01
2.079806709289550781e+01
2.116319274902343750e+01
2.166390991210937500e+01
2.190050125122070312e+01
2.198618698120117188e+01
2.153773307800292969e+01
2.185416603088378906e+01
2.174624633789062500e+01
2.270691299438476562e+01
2.284309959411621094e+01
2.196810722351074219e+01
2.191138648986816406e+01
2.146370315551757812e+01
2.172202873229980469e+01
2.126363563537597656e+01
2.150945854187011719e+01
2.109260940551757812e+01
2.082091903686523438e+01
2.087256431579589844e+01
2.201844024658203125e+01
2.300928115844726562e+01
2.347120475769042969e+01
2.231323051452636719e+01
2.091556739807128906e+01
2.001079750061035156e+01
1.984952545166015625e+01
1.940471267700195312e+01
1.874546813964843750e+01
1.845267677307128906e+01
1.880640220642089844e+01
1.931825256347656250e+01
1.997154808044433594e+01
1.992212867736816406e+01
1.972048950195312500e+01
1.899119377136230469e+01
1.899996376037597656e+01
1.953196334838867188e+01
1.975488853454589844e+01
2.011010551452636719e+01
1.997475624084472656e+01
2.040462875366210938e+01
2.118639373779296875e+01
2.280048370361328125e+01
2.425266265869140625e+01
2.352684783935546875e+01
2.253165245056152344e+01
2.132366180419921875e+01
2.132653427124023438e+01
2.032188606262207031e+01
1.978471755981445312e+01
1.934734344482421875e+01
2.014142799377441406e+01
2.088935852050781250e+01
2.135975646972656250e+01
2.105813217163085938e+01
2.102884101867675781e+01
2.182912635803222656e+01
2.277260780334472656e+01
2.213956260681152344e+01
2.212831687927246094e+01
2.305031394958496094e+01
2.350230979919433594e+01
2.164394187927246094e+01
2.037569427490234375e+01
1.959859848022460938e+01
1.989511299133300781e+01
1.979203414916992188e+01
2.059244728088378906e+01
2.100449943542480469e+01
2.103767395019531250e+01
1.961594963073730469e+01
1.870050048828125000e+01
1.938570976257324219e+01
1.998834419250488281e+01
1.944582557678222656e+01
1.883604431152343750e+01
1.978267478942871094e+01
2.065383338928222656e+01
2.089527893066406250e+01
2.062255668640136719e+01
2.103408432006835938e+01
2.069094276428222656e+01
2.042869949340820312e+01
2.036236381530761719e+01
1.969346046447753906e+01
1.845653152465820312e+01
1.740035247802734375e+01
1.831185913085937500e+01
1.986506080627441406e+01
2.141694450378417969e+01
2.096458625793457031e+01
2.029123878479003906e+01
2.062570762634277344e+01
2.176994895935058594e+01
2.224538230895996094e+01
2.131086158752441406e+01
2.172142410278320312e+01
2.137876701354980469e+01
2.224230384826660156e+01
2.333366203308105469e+01
2.433458328247070312e+01
2.336391258239746094e+01
2.069358253479003906e+01
1.867038345336914062e+01
1.881502723693847656e+01
2.065949821472167969e+01
2.187151527404785156e+01
2.053618240356445312e+01
1.989050292968750000e+01
2.046158409118652344e+01
2.191095161437988281e+01
2.174878692626953125e+01
2.212736320495605469e+01
2.145008468627929688e+01
2.102120971679687500e+01
2.024933815002441406e+01
1.970529747009277344e+01
1.907045745849609375e+01
1.904157257080078125e+01
1.868968009948730469e+01
2.058005714416503906e+01
2.211227416992187500e+01
2.294352722167968750e+01
2.203902626037597656e+01
2.323027992248535156e+01
2.328323936462402344e+01
2.134257888793945312e+01
1.837644958496093750e+01
1.696798324584960938e+01
1.755527496337890625e+01
1.810754585266113281e+01
1.899555969238281250e+01
1.950575256347656250e+01
2.016227340698242188e+01
1.961992073059082031e+01
1.827855300903320312e+01
1.797014999389648438e+01
1.916412734985351562e+01
2.082097816467285156e+01
2.048272132873535156e+01
1.868742942810058594e+01
1.755585861206054688e+01
1.785404396057128906e+01
1.742159652709960938e+01
1.677850532531738281e+01
1.619441986083984375e+01
1.833714866638183594e+01
1.978154373168945312e+01
2.203539848327636719e+01
2.158807945251464844e+01
2.138218307495117188e+01
2.036868095397949219e+01
2.265086364746093750e+01
2.247303581237792969e+01
2.244226074218750000e+01
2.110927009582519531e+01
2.349462318420410156e+01
2.309879684448242188e+01
2.293258476257324219e+01
2.154293060302734375e+01
2.123540306091308594e+01
2.038404464721679688e+01
2.050184822082519531e+01
2.152865982055664062e+01
2.254805946350097656e+01
2.208366775512695312e+01
2.315436172485351562e+01
2.445040893554687500e+01
2.449682807922363281e+01
2.214093399047851562e+01
2.055939865112304688e+01
2.086907386779785156e+01
2.211489295959472656e+01
2.184238624572753906e+01
2.205940437316894531e+01
2.124974060058593750e+01
2.222926139831542969e+01
2.233206367492675781e+01
2.260373497009277344e+01
2.160340118408203125e+01
2.212298583984375000e+01
2.216224098205566406e+01
2.228639030456542969e+01
2.213356018066406250e+01
2.234472084045410156e+01
2.239716529846191406e+01
2.285393524169921875e+01
2.313826942443847656e+01
2.366592216491699219e+01
2.273935890197753906e+01
2.249722480773925781e+01
2.185226440429687500e+01
2.136086082458496094e+01
2.179990768432617188e+01
2.300803375244140625e+01
2.336640739440917969e+01
2.311064910888671875e+01
2.268933105468750000e+01
2.192214965820312500e+01
2.129564857482910156e+01
2.091523170471191406e+01
2.090253829956054688e+01
2.047764778137207031e+01
2.105662155151367188e+01
2.032608604431152344e+01
2.162338256835937500e+01
2.339901542663574219e+01
2.285407829284667969e+01
2.190838813781738281e+01
2.141810226440429688e+01
2.097231101989746094e+01
2.051824760437011719e+01
2.095434761047363281e+01
2.054331970214843750e+01
2.023172569274902344e+01
2.059628105163574219e+01
2.032949829101562500e+01
2.040982055664062500e+01
2.007626342773437500e+01
2.021056747436523438e+01
2.007787895202636719e+01
2.021192932128906250e+01
1.997762298583984375e+01
2.077799797058105469e+01
2.060253334045410156e+01
2.042277908325195312e+01
2.049155998229980469e+01
2.186513900756835938e+01
2.265186500549316406e+01
2.276266479492187500e+01
2.227758789062500000e+01
2.148442840576171875e+01
2.154977989196777344e+01
2.121714019775390625e+01
2.100630760192871094e+01
2.060697746276855469e+01
2.076489067077636719e+01
2.136783218383789062e+01
2.223287963867187500e+01
2.161862945556640625e+01
2.050536918640136719e+01
1.976767349243164062e+01
2.092985534667968750e+01
2.218967056274414062e+01
2.258658409118652344e+01
2.254578399658203125e+01
2.268902969360351562e+01
2.191615104675292969e+01
2.109703636169433594e+01
2.067800903320312500e+01
2.101469612121582031e+01
2.020935058593750000e+01
2.020075607299804688e+01
2.081743812561035156e+01
2.103205299377441406e+01
2.061085700988769531e+01
2.005629539489746094e+01
2.109247207641601562e+01
2.200786972045898438e+01
2.148936843872070312e+01
2.065170669555664062e+01
2.048197174072265625e+01
1.980804634094238281e+01
1.873090362548828125e+01
1.969429206848144531e+01
2.142114257812500000e+01
2.134098815917968750e+01
2.091839027404785156e+01
2.084610748291015625e+01
2.170559120178222656e+01
2.193433761596679688e+01
2.048531913757324219e+01
2.003413391113281250e+01
1.984065246582031250e+01
2.041898727416992188e+01
2.001902008056640625e+01
1.921336555480957031e+01
1.937497520446777344e+01
2.046164512634277344e+01
2.125855064392089844e+01
2.128690147399902344e+01
2.003055763244628906e+01
1.982652854919433594e+01
1.977840232849121094e+01
2.016638755798339844e+01
2.006828308105468750e+01
1.990506744384765625e+01
2.028396034240722656e+01
2.024643135070800781e+01
2.057653045654296875e+01
2.092509078979492188e+01
2.072600936889648438e+01
2.108856201171875000e+01
2.116289710998535156e+01
2.105375099182128906e+01
2.122042274475097656e+01
2.124716377258300781e+01
2.117758750915527344e+01
2.113051795959472656e+01
2.050735473632812500e+01
2.060913848876953125e+01
2.074807929992675781e+01
2.011879348754882812e+01
1.992262458801269531e+01
2.008354759216308594e+01
2.023828315734863281e+01
2.002537536621093750e+01
1.975465583801269531e+01
1.916007804870605469e+01
1.918367004394531250e+01
1.980561256408691406e+01
1.955240249633789062e+01
1.989792251586914062e+01
1.973593139648437500e+01
1.965371894836425781e+01
1.939149093627929688e+01
1.978261947631835938e+01
1.951000595092773438e+01
1.933462142944335938e+01
1.998408317565917969e+01
2.049316406250000000e+01
1.991049194335937500e+01
1.910420417785644531e+01
1.907130432128906250e+01
2.030300521850585938e+01
2.116915702819824219e+01
2.035529136657714844e+01
2.020651817321777344e+01
1.978485679626464844e+01
1.950356483459472656e+01
1.970257759094238281e+01
2.044086074829101562e+01
2.126674461364746094e+01
2.043805313110351562e+01
1.944878768920898438e+01
2.062905311584472656e+01
2.218336486816406250e+01
2.164060020446777344e+01
1.994476127624511719e+01
1.910349845886230469e+01
1.977076721191406250e+01
2.040642738342285156e+01
2.137530517578125000e+01
2.186181068420410156e+01
2.093790245056152344e+01
2.007845115661621094e+01
1.952677154541015625e+01
1.989540672302246094e+01
2.053806686401367188e+01
2.074612617492675781e+01
2.100444602966308594e+01
2.055391120910644531e+01
2.069814109802246094e+01
2.095701789855957031e+01
2.020811653137207031e+01
1.966585350036621094e+01
2.015472221374511719e+01
2.043791389465332031e+01
2.038842582702636719e+01
2.039515113830566406e+01
2.123903656005859375e+01
2.120502471923828125e+01
2.098583030700683594e+01
2.114700126647949219e+01
2.079528045654296875e+01
1.992345237731933594e+01
1.911015129089355469e+01
2.022550010681152344e+01
2.010013198852539062e+01
1.902866363525390625e+01
1.905960464477539062e+01
1.966949272155761719e+01
1.941862869262695312e+01
1.840900611877441406e+01
1.813901329040527344e+01
1.862581634521484375e+01
1.887451171875000000e+01
1.904853439331054688e+01
1.932497406005859375e+01
1.961777687072753906e+01
1.969355201721191406e+01
1.934770393371582031e+01
1.927630805969238281e+01
1.980715560913085938e+01
2.058362770080566406e+01
2.124616622924804688e+01
2.173805999755859375e+01
2.171920013427734375e+01
2.114052772521972656e+01
2.068325233459472656e+01
2.072404670715332031e+01
2.090062713623046875e+01
2.116146469116210938e+01
2.043581390380859375e+01
2.028125762939453125e+01
2.137006378173828125e+01
2.156249618530273438e+01
2.046415519714355469e+01
2.025099754333496094e+01
2.085614395141601562e+01
2.036507415771484375e+01
2.069725990295410156e+01
2.008768653869628906e+01
1.984773445129394531e+01
1.972664451599121094e+01
2.020962715148925781e+01
1.988300895690917969e+01
1.842771530151367188e+01
1.762687683105468750e+01
1.861840629577636719e+01
1.918075942993164062e+01
1.973692512512207031e+01
1.989943313598632812e+01
1.882198333740234375e+01
1.899856376647949219e+01
1.937945175170898438e+01
1.934647178649902344e+01
1.922964668273925781e+01
1.960146522521972656e+01
1.927677345275878906e+01
1.824890899658203125e+01
1.867410469055175781e+01
1.916111183166503906e+01
1.916693878173828125e+01
1.863062095642089844e+01
1.931047630310058594e+01
1.983709907531738281e+01
2.019178962707519531e+01
2.004965972900390625e+01
1.990682411193847656e+01
1.888473701477050781e+01
1.888220405578613281e+01
1.906052017211914062e+01
1.963096809387207031e+01
1.942985916137695312e+01
2.004983901977539062e+01
2.052647018432617188e+01
2.077642250061035156e+01
2.047295570373535156e+01
1.984145545959472656e+01
1.957218170166015625e+01
1.941571807861328125e+01
2.019697380065917969e+01
2.024399185180664062e+01
1.961348152160644531e+01
1.908640480041503906e+01
2.025179672241210938e+01
2.039416503906250000e+01
1.962442207336425781e+01
1.903466987609863281e+01
1.911180877685546875e+01
1.991575050354003906e+01
2.036059761047363281e+01
2.006187057495117188e+01
2.040222740173339844e+01
2.126083183288574219e+01
2.132023048400878906e+01
2.053978347778320312e+01
1.958807182312011719e+01
1.943158531188964844e+01
1.934857940673828125e+01
1.957059669494628906e+01
1.984584045410156250e+01
1.933712387084960938e+01
1.854248428344726562e+01
1.903143882751464844e+01
1.975546646118164062e+01
2.016707611083984375e+01
1.982941818237304688e+01
2.016838264465332031e+01
2.010975265502929688e+01
2.001609230041503906e+01
1.907991600036621094e+01
1.898891830444335938e+01
1.974040222167968750e+01
1.989335441589355469e+01
1.980404090881347656e+01
2.019081497192382812e+01
2.005982017517089844e+01
1.920866584777832031e+01
1.881545639038085938e+01
1.919641113281250000e+01
1.912743377685546875e+01
1.910436439514160156e+01
1.951970291137695312e+01
1.953755760192871094e+01
1.975988769531250000e+01
1.905504417419433594e+01
1.931621742248535156e+01
1.970166206359863281e+01
1.881108474731445312e+01
1.939261627197265625e+01
1.952665710449218750e+01
1.969120597839355469e+01
1.961455154418945312e+01
1.942234611511230469e+01
1.901958847045898438e+01
1.874181938171386719e+01
2.000650787353515625e+01
2.122385787963867188e+01
2.095603942871093750e+01
1.928322410583496094e+01
1.796678924560546875e+01
1.848406600952148438e+01
1.799691581726074219e+01
1.877036285400390625e+01
1.966118240356445312e+01
1.977574729919433594e+01
1.884811019897460938e+01
1.818992424011230469e+01
1.854739189147949219e+01
1.971019744873046875e+01
1.963455200195312500e+01
1.914600944519042969e+01
1.957427215576171875e+01
2.023114585876464844e+01
1.962426948547363281e+01
1.874242973327636719e+01
1.866163635253906250e+01
1.954987525939941406e+01
1.960885047912597656e+01
1.952889060974121094e+01
1.854715156555175781e+01
1.893247795104980469e+01
1.919413757324218750e+01
1.941453742980957031e+01
2.023130989074707031e+01
2.061341285705566406e+01
2.027569961547851562e+01
2.017255783081054688e+01
2.017918205261230469e+01
1.991798782348632812e+01
1.933523559570312500e+01
1.939844322204589844e+01
1.996285247802734375e+01
2.027410125732421875e+01
2.017737007141113281e+01
1.996534538269042969e+01
2.000938034057617188e+01
2.033684921264648438e+01
1.963178253173828125e+01
1.964649200439453125e+01
2.041284561157226562e+01
2.020992469787597656e+01
2.035636329650878906e+01
2.062911415100097656e+01
1.910571098327636719e+01
1.895354843139648438e+01
1.952798271179199219e+01
1.937768745422363281e+01
2.069141197204589844e+01
2.196336936950683594e+01
1.990734672546386719e+01
1.898750114440917969e+01
1.928590965270996094e+01
1.933750152587890625e+01
2.113149642944335938e+01
2.095941734313964844e+01
1.858158493041992188e+01
1.729550552368164062e+01
1.858069038391113281e+01
1.960096168518066406e+01
1.946620368957519531e+01
1.904836654663085938e+01
1.926298332214355469e+01
1.960853958129882812e+01
1.940284919738769531e+01
1.915596008300781250e+01
1.916673278808593750e+01
1.926044273376464844e+01
1.828341484069824219e+01
1.836099052429199219e+01
1.819200325012207031e+01
1.952736663818359375e+01
2.011608505249023438e+01
1.969677352905273438e+01
1.934959411621093750e+01
1.922401046752929688e+01
1.928389930725097656e+01
1.983483505249023438e+01
1.962515449523925781e+01
1.824407768249511719e+01
1.689919853210449219e+01
1.742172622680664062e+01
1.793674087524414062e+01
1.836606025695800781e+01
1.790297698974609375e+01
1.692077064514160156e+01
1.667689514160156250e+01
1.783757972717285156e+01
1.949915313720703125e+01
1.968786811828613281e+01
1.938360786437988281e+01
1.934511947631835938e+01
1.908851242065429688e+01
1.901660537719726562e+01
1.843266677856445312e+01
1.845061111450195312e+01
1.795852851867675781e+01
1.784923171997070312e+01
1.779705429077148438e+01
1.824936294555664062e+01
1.823006820678710938e+01
1.834190177917480469e+01
1.796916198730468750e+01
1.778866767883300781e+01
1.889843177795410156e+01
2.091404342651367188e+01
2.122394371032714844e+01
2.016185379028320312e+01
1.925458335876464844e+01
1.917313385009765625e+01
1.843157958984375000e+01
1.850525093078613281e+01
1.914297294616699219e+01
2.053172874450683594e+01
2.115396881103515625e+01
2.010806465148925781e+01
1.910312843322753906e+01
1.897752952575683594e+01
1.896585464477539062e+01
1.850626754760742188e+01
1.922919464111328125e+01
2.103982543945312500e+01
2.100220870971679688e+01
2.030040550231933594e+01
1.954601860046386719e+01
1.876881027221679688e+01
1.816198348999023438e+01
1.843550109863281250e+01
1.885406494140625000e+01
1.848793601989746094e+01
1.848689460754394531e+01
1.841621208190917969e+01
1.831218528747558594e+01
1.931448554992675781e+01
1.997192382812500000e+01
1.917692184448242188e+01
1.826383209228515625e+01
1.793133354187011719e+01
1.818918991088867188e+01
1.899165725708007812e+01
1.896655273437500000e+01
1.942931556701660156e+01
1.973999786376953125e+01
1.956819915771484375e+01
1.939148330688476562e+01
1.913850402832031250e+01
1.796330451965332031e+01
1.721586418151855469e+01
1.787083816528320312e+01
1.860309791564941406e+01
1.938430786132812500e+01
2.021931457519531250e+01
2.069211959838867188e+01
1.951988983154296875e+01
1.781079483032226562e+01
1.712151527404785156e+01
1.812735557556152344e+01
1.836590766906738281e+01
1.875623893737792969e+01
1.918411064147949219e+01
1.898312377929687500e+01
1.855164146423339844e+01
1.927904891967773438e+01
1.939292335510253906e+01
1.929061317443847656e+01
1.990817451477050781e+01
2.041997337341308594e+01
1.938055229187011719e+01
1.874039459228515625e+01
1.814296722412109375e+01
1.825864028930664062e+01
1.825697708129882812e+01
1.811487579345703125e+01
1.848204231262207031e+01
1.917493629455566406e+01
1.910922241210937500e+01
1.840168571472167969e+01
1.908955383300781250e+01
1.929444885253906250e+01
1.893945312500000000e+01
1.885385894775390625e+01
1.898914718627929688e+01
1.953659248352050781e+01
1.875770378112792969e+01
1.845109939575195312e+01
1.898274612426757812e+01
1.888506126403808594e+01
1.805014610290527344e+01
1.782270431518554688e+01
1.823598098754882812e+01
1.831818389892578125e+01
1.838406562805175781e+01
1.846118164062500000e+01
1.862840843200683594e+01
1.952810859680175781e+01
1.901732063293457031e+01
1.818937873840332031e+01
1.764702224731445312e+01
1.786506271362304688e+01
1.849013519287109375e+01
1.815408897399902344e+01
1.758560943603515625e+01
1.861423873901367188e+01
1.925207138061523438e+01
1.865918540954589844e+01
1.835985565185546875e+01
1.732307624816894531e+01
1.668098068237304688e+01
1.765466117858886719e+01
1.873276901245117188e+01
1.827072906494140625e+01
1.712648773193359375e+01
1.722948455810546875e+01
1.830882453918457031e+01
1.868591499328613281e+01
1.818838119506835938e+01
1.755491828918457031e+01
1.756805229187011719e+01
1.818699645996093750e+01
1.755195045471191406e+01
1.744990348815917969e+01
1.754188346862792969e+01
1.751973533630371094e+01
1.809740066528320312e+01
1.838714981079101562e+01
1.851789474487304688e+01
1.814506149291992188e+01
1.743170928955078125e+01
1.834742736816406250e+01
1.873908042907714844e+01
1.852402305603027344e+01
1.774485969543457031e+01
1.753951263427734375e+01
1.811588668823242188e+01
1.851161003112792969e+01
1.865895652770996094e+01
1.901517486572265625e+01
1.846031761169433594e+01
1.789611244201660156e+01
1.793029785156250000e+01
1.792422294616699219e+01
1.814381217956542969e+01
1.751128959655761719e+01
1.688188934326171875e+01
1.694331741333007812e+01
1.798070526123046875e+01
1.821899986267089844e+01
1.790215110778808594e+01
1.779684448242187500e+01
1.805378341674804688e+01
1.898415184020996094e+01
1.828280448913574219e+01
1.670832633972167969e+01
1.666198348999023438e+01
1.807869148254394531e+01
1.902824020385742188e+01
1.829188919067382812e+01
1.768922233581542969e+01
1.683829116821289062e+01
1.646953201293945312e+01
1.733601188659667969e+01
1.785753440856933594e+01
1.700199508666992188e+01
1.629255294799804688e+01
1.686142349243164062e+01
1.762889862060546875e+01
1.756901550292968750e+01
1.747765731811523438e+01
1.804772377014160156e+01
1.855874252319335938e+01
1.848048400878906250e+01
1.744121742248535156e+01
1.727391624450683594e+01
1.764772605895996094e+01
1.742838096618652344e+01
1.714306640625000000e+01
1.690403366088867188e+01
1.754665565490722656e+01
1.826379203796386719e+01
1.811914253234863281e+01
1.826033782958984375e+01
1.753093147277832031e+01
1.725648117065429688e+01
1.788724136352539062e+01
1.730973434448242188e+01
1.751379966735839844e+01
1.743250083923339844e+01
1.738397979736328125e+01
1.700687789916992188e+01
1.644371032714843750e+01
1.691381072998046875e+01
1.746840667724609375e+01
1.827802276611328125e+01
1.748044586181640625e+01
1.743553352355957031e+01
1.768237876892089844e+01
1.721031951904296875e+01
1.750438117980957031e+01
1.669596862792968750e+01
1.754174804687500000e+01
1.851666259765625000e+01
1.834848022460937500e+01
1.718602371215820312e+01
1.649549102783203125e+01
1.645364952087402344e+01
1.733535003662109375e+01
1.842598533630371094e+01
1.886372756958007812e+01
1.849207687377929688e+01
1.666263771057128906e+01
1.682312583923339844e+01
1.757568359375000000e+01
1.753678703308105469e+01
1.801142501831054688e+01
1.835634994506835938e+01
1.752128028869628906e+01
1.701115798950195312e+01
1.736855316162109375e+01
1.685213279724121094e+01
1.722275543212890625e+01
1.747991371154785156e+01
1.681147766113281250e+01
1.672624397277832031e+01
1.763746833801269531e+01
1.861472511291503906e+01
1.842027091979980469e+01
1.798487854003906250e+01
1.738103866577148438e+01
1.662313079833984375e+01
1.658158683776855469e+01
1.729920768737792969e+01
1.768972206115722656e+01
1.779869651794433594e+01
1.816549491882324219e+01
1.749075317382812500e+01
1.753810691833496094e+01
1.738727760314941406e+01
1.708617973327636719e+01
1.681408691406250000e+01
1.610707473754882812e+01
1.711074829101562500e+01
1.901964187622070312e+01
1.913748931884765625e+01
1.797102737426757812e+01
1.776599502563476562e+01
1.744259834289550781e+01
1.712429046630859375e+01
1.712624549865722656e+01
1.780563354492187500e+01
1.831156539916992188e+01
1.843468856811523438e+01
1.847256088256835938e+01
1.738636970520019531e+01
1.630694580078125000e+01
1.630472183227539062e+01
1.620171546936035156e+01
1.660213470458984375e+01
1.686542510986328125e+01
1.649432945251464844e+01
1.671317100524902344e+01
1.765350532531738281e+01
1.730493736267089844e+01
1.707929611206054688e+01
1.797378921508789062e+01
1.851185417175292969e+01
1.731368827819824219e+01
1.640692329406738281e+01
1.676814079284667969e+01
1.659390830993652344e+01
1.731446266174316406e+01
1.763326644897460938e+01
1.739041709899902344e+01
1.760999298095703125e+01
1.714602279663085938e+01
1.614200210571289062e+01
1.698217773437500000e+01
1.864323616027832031e+01
1.821192932128906250e+01
1.735908508300781250e+01
1.742065238952636719e+01
1.803508567810058594e+01
1.720856666564941406e+01
1.729611778259277344e+01
1.794937896728515625e+01
1.750884056091308594e+01
1.772410774230957031e+01
1.858145141601562500e+01
1.877360534667968750e+01
1.782821846008300781e+01
1.693005943298339844e+01
1.617450714111328125e+01
1.627913475036621094e+01
1.696511077880859375e+01
1.701568794250488281e+01
1.682555198669433594e+01
1.636083030700683594e+01
1.670831298828125000e+01
1.740948867797851562e+01
1.693671417236328125e+01
1.557236385345458984e+01
1.584090709686279297e+01
1.709286117553710938e+01
1.678530693054199219e+01
1.697668647766113281e+01
1.751359558105468750e+01
1.683199310302734375e+01
1.672622299194335938e+01
1.746576499938964844e+01
1.640725135803222656e+01
1.556259155273437500e+01
1.739784812927246094e+01
1.792495536804199219e+01
1.673361206054687500e+01
1.661856651306152344e+01
1.772547149658203125e+01
1.927456665039062500e+01
1.951648139953613281e+01
1.782622337341308594e+01
1.704065895080566406e+01
1.609491920471191406e+01
1.547308158874511719e+01
1.597525119781494141e+01
1.684848785400390625e+01
1.833602714538574219e+01
1.913975906372070312e+01
1.836896705627441406e+01
1.749027252197265625e+01
1.776827812194824219e+01
1.685187339782714844e+01
1.603523254394531250e+01
1.626852607727050781e+01
1.769607162475585938e+01
1.809006118774414062e+01
1.579995918273925781e+01
1.426976680755615234e+01
1.494326591491699219e+01
1.602174949645996094e+01
1.598595333099365234e+01
1.548698997497558594e+01
1.624696540832519531e+01
1.629710197448730469e+01
1.572191619873046875e+01
1.794211578369140625e+01
1.772437095642089844e+01
1.671105003356933594e+01
1.746121978759765625e+01
1.625683593750000000e+01
1.609967803955078125e+01
1.668352317810058594e+01
1.642793273925781250e+01
1.634634590148925781e+01
1.548175621032714844e+01
1.566515254974365234e+01
1.574880504608154297e+01
1.646131515502929688e+01
1.657327651977539062e+01
1.560602951049804688e+01
1.648411369323730469e+01
1.667688751220703125e+01
1.589145565032958984e+01
1.589264965057373047e+01
1.488297176361083984e+01
1.465718936920166016e+01
1.584970283508300781e+01
1.611156845092773438e+01
1.671642112731933594e+01
1.621109580993652344e+01
1.510747528076171875e+01
1.382848072052001953e+01
1.262961196899414062e+01
1.309806728363037109e+01
1.558759212493896484e+01
1.610835075378417969e+01
1.357983970642089844e+01
1.411905479431152344e+01
1.476423168182373047e+01
1.340663146972656250e+01
1.213195705413818359e+01
1.039022827148437500e+01
1.111487674713134766e+01
1.255425548553466797e+01
1.144986152648925781e+01
1.086163139343261719e+01
1.127171707153320312e+01
1.246965503692626953e+01
1.459642601013183594e+01
1.813577461242675781e+01
1.895130157470703125e+01
1.799062538146972656e+01
1.982757949829101562e+01
1.656832504272460938e+01
1.819765853881835938e+01
2.113959884643554688e+01
1.730685806274414062e+01
1.890166854858398438e+01
1.951840972900390625e+01
1.568750381469726562e+01
1.132910728454589844e+01
1.467322158813476562e+01
2.459740257263183594e+01
3.179942321777343750e+01
2.752701568603515625e+01
1.811455345153808594e+01
1.667302131652832031e+01
3.144146347045898438e+01
3.036382675170898438e+01
1.288219642639160156e+01
1.007132625579833984e+01
4.510787010192871094e+00
2.134402036666870117e+00
4.227579593658447266e+00
8.557186126708984375e+00
1.356198024749755859e+01
1.721032142639160156e+01
1.624072837829589844e+01
1.085527706146240234e+01
1.111921119689941406e+01
1.520646858215332031e+01
2.399410247802734375e+01
2.093170166015625000e+01
5.336949348449707031e+00
2.249904632568359375e+00
1.253484606742858887e+00
nan
nan
