nan
nan
nan
nan
nan
nan
nan
nan
nan
nan
nan
nan
nan
nan
nan
nan
nan
nan
7.883107185363769531e+00
8.325524330139160156e+00
8.313222885131835938e+00
7.618935108184814453e+00
6.461543560028076172e+00
7.021407604217529297e+00
7.845169544219970703e+00
5.962350368499755859e+00
3.993056058883666992e+00
5.272367954254150391e+00
7.771157264709472656e+00
9.400568008422851562e+00
8.490935325622558594e+00
6.701822757720947266e+00
5.885499477386474609e+00
5.670040130615234375e+00
5.588822841644287109e+00
5.622486114501953125e+00
5.796463966369628906e+00
5.591270446777343750e+00
6.884281635284423828e+00
8.497558593750000000e+00
8.261182785034179688e+00
7.227805137634277344e+00
6.857160091400146484e+00
6.547826766967773438e+00
6.055090904235839844e+00
7.092658996582031250e+00
7.222475528717041016e+00
7.298834323883056641e+00
7.975192546844482422e+00
8.129579544067382812e+00
7.914698123931884766e+00
8.015682220458984375e+00
7.150735855102539062e+00
6.290124893188476562e+00
7.820373535156250000e+00
8.456468582153320312e+00
8.262103080749511719e+00
8.072923660278320312e+00
7.329428672790527344e+00
7.348191261291503906e+00
6.998034954071044922e+00
7.400475502014160156e+00
8.598891258239746094e+00
7.398065567016601562e+00
6.266754150390625000e+00
6.651581287384033203e+00
7.032822608947753906e+00
6.665062904357910156e+00
7.075785636901855469e+00
8.838088989257812500e+00
8.257619857788085938e+00
6.354475498199462891e+00
6.266079425811767578e+00
5.980455398559570312e+00
6.436196804046630859e+00
7.478214263916015625e+00
7.617052555084228516e+00
7.846950054168701172e+00
7.762004852294921875e+00
7.261569023132324219e+00
6.548553466796875000e+00
6.685261249542236328e+00
6.716221332550048828e+00
7.063450336456298828e+00
6.646468639373779297e+00
6.678302764892578125e+00
7.424307823181152344e+00
7.627301692962646484e+00
7.186633586883544922e+00
7.527383327484130859e+00
7.543104171752929688e+00
6.945992946624755859e+00
7.268370628356933594e+00
8.487128257751464844e+00
8.424713134765625000e+00
7.483193397521972656e+00
8.303500175476074219e+00
8.260100364685058594e+00
7.802947044372558594e+00
8.347739219665527344e+00
8.759922981262207031e+00
7.396382331848144531e+00
6.827798843383789062e+00
8.048958778381347656e+00
8.018606185913085938e+00
7.695415019989013672e+00
8.204773902893066406e+00
8.352336883544921875e+00
9.154827117919921875e+00
8.927637100219726562e+00
7.819723129272460938e+00
7.883202075958251953e+00
8.204740524291992188e+00
8.791888236999511719e+00
8.999355316162109375e+00
7.547235965728759766e+00
7.163769245147705078e+00
7.951890945434570312e+00
8.556388854980468750e+00
7.979236125946044922e+00
7.783318996429443359e+00
8.025806427001953125e+00
8.306015014648437500e+00
7.998317718505859375e+00
7.446472644805908203e+00
7.902554512023925781e+00
8.061584472656250000e+00
7.868928432464599609e+00
7.163800716400146484e+00
6.363531112670898438e+00
7.689961433410644531e+00
8.594284057617187500e+00
7.392449855804443359e+00
7.051675319671630859e+00
8.010462760925292969e+00
8.535337448120117188e+00
8.315461158752441406e+00
8.120401382446289062e+00
7.782499313354492188e+00
7.737266540527343750e+00
8.521368026733398438e+00
8.577747344970703125e+00
7.994902610778808594e+00
8.105854988098144531e+00
8.053510665893554688e+00
7.944085121154785156e+00
8.471632003784179688e+00
8.323258399963378906e+00
8.006976127624511719e+00
7.372163772583007812e+00
7.809172630310058594e+00
7.899396419525146484e+00
8.852244377136230469e+00
8.769775390625000000e+00
7.787875652313232422e+00
7.219243049621582031e+00
6.795116424560546875e+00
7.866795063018798828e+00
8.489919662475585938e+00
7.896900653839111328e+00
7.477997779846191406e+00
7.519226074218750000e+00
7.377654552459716797e+00
7.198121070861816406e+00
7.095772266387939453e+00
7.221508026123046875e+00
7.759834289550781250e+00
7.599260807037353516e+00
7.390888690948486328e+00
8.083979606628417969e+00
8.445436477661132812e+00
7.969182014465332031e+00
7.463543415069580078e+00
7.274708271026611328e+00
7.252635002136230469e+00
7.100839614868164062e+00
7.583992004394531250e+00
7.843358039855957031e+00
8.076072692871093750e+00
8.132423400878906250e+00
8.252026557922363281e+00
7.971470832824707031e+00
7.576006412506103516e+00
8.002047538757324219e+00
8.454722404479980469e+00
8.358040809631347656e+00
7.999284267425537109e+00
8.111999511718750000e+00
8.128521919250488281e+00
7.708423137664794922e+00
7.956478118896484375e+00
7.936267852783203125e+00
7.612839221954345703e+00
7.448401451110839844e+00
7.853089332580566406e+00
7.924541950225830078e+00
7.470137119293212891e+00
8.039772033691406250e+00
8.657074928283691406e+00
8.115141868591308594e+00
7.668043136596679688e+00
8.264503479003906250e+00
8.381908416748046875e+00
8.130151748657226562e+00
9.116317749023437500e+00
9.220922470092773438e+00
7.877780914306640625e+00
6.963940143585205078e+00
7.179580211639404297e+00
7.886564731597900391e+00
8.223178863525390625e+00
8.575597763061523438e+00
9.640890121459960938e+00
9.833384513854980469e+00
9.126883506774902344e+00
8.636739730834960938e+00
8.449811935424804688e+00
7.928685665130615234e+00
8.399780273437500000e+00
8.737664222717285156e+00
8.610233306884765625e+00
8.714891433715820312e+00
8.932594299316406250e+00
8.563132286071777344e+00
8.288379669189453125e+00
8.400411605834960938e+00
8.649738311767578125e+00
8.115421295166015625e+00
8.156802177429199219e+00
8.277472496032714844e+00
8.203216552734375000e+00
8.363106727600097656e+00
8.490287780761718750e+00
8.487464904785156250e+00
8.139143943786621094e+00
7.783537387847900391e+00
8.040020942687988281e+00
9.188121795654296875e+00
9.472673416137695312e+00
9.204324722290039062e+00
8.983679771423339844e+00
8.600575447082519531e+00
8.562517166137695312e+00
8.556164741516113281e+00
8.694636344909667969e+00
8.792423248291015625e+00
8.771500587463378906e+00
9.655248641967773438e+00
1.000998973846435547e+01
1.012829399108886719e+01
1.014538383483886719e+01
9.496972084045410156e+00
9.212282180786132812e+00
8.755943298339843750e+00
8.293650627136230469e+00
8.261708259582519531e+00
8.996351242065429688e+00
9.063227653503417969e+00
8.773548126220703125e+00
8.730290412902832031e+00
8.242659568786621094e+00
8.248803138732910156e+00
8.588253021240234375e+00
8.592808723449707031e+00
8.799514770507812500e+00
8.805405616760253906e+00
8.801067352294921875e+00
8.908497810363769531e+00
8.989587783813476562e+00
8.595000267028808594e+00
7.896126747131347656e+00
8.120264053344726562e+00
8.720345497131347656e+00
8.978535652160644531e+00
8.951156616210937500e+00
8.774126052856445312e+00
9.676664352416992188e+00
1.043762683868408203e+01
1.031451320648193359e+01
9.512192726135253906e+00
8.917450904846191406e+00
8.663950920104980469e+00
8.719189643859863281e+00
9.026055335998535156e+00
8.671288490295410156e+00
8.627452850341796875e+00
8.578860282897949219e+00
8.403311729431152344e+00
7.866138458251953125e+00
7.927502155303955078e+00
8.448936462402343750e+00
8.391651153564453125e+00
8.367378234863281250e+00
8.573487281799316406e+00
8.824254035949707031e+00
8.968648910522460938e+00
9.159267425537109375e+00
9.108042716979980469e+00
9.543951988220214844e+00
9.066758155822753906e+00
8.603714942932128906e+00
8.756692886352539062e+00
8.891413688659667969e+00
9.002386093139648438e+00
8.897348403930664062e+00
9.120040893554687500e+00
9.693089485168457031e+00
9.603036880493164062e+00
9.868255615234375000e+00
1.017450809478759766e+01
9.937103271484375000e+00
1.015690422058105469e+01
9.942502021789550781e+00
1.008044815063476562e+01
9.996190071105957031e+00
9.953801155090332031e+00
9.492763519287109375e+00
9.543976783752441406e+00
9.360203742980957031e+00
9.494795799255371094e+00
1.042312240600585938e+01
1.073405075073242188e+01
1.013768100738525391e+01
9.638098716735839844e+00
1.027553462982177734e+01
1.029682826995849609e+01
1.006531143188476562e+01
1.021141433715820312e+01
9.775040626525878906e+00
9.331290245056152344e+00
9.441611289978027344e+00
9.882586479187011719e+00
1.006346511840820312e+01
9.826119422912597656e+00
9.486921310424804688e+00
1.000207042694091797e+01
1.108328533172607422e+01
1.105650329589843750e+01
1.031945323944091797e+01
1.018789005279541016e+01
9.793353080749511719e+00
9.057511329650878906e+00
8.907784461975097656e+00
9.628523826599121094e+00
1.017904281616210938e+01
9.618731498718261719e+00
9.261475563049316406e+00
9.151031494140625000e+00
9.924612998962402344e+00
1.080891704559326172e+01
1.100903892517089844e+01
1.074068355560302734e+01
1.036244773864746094e+01
9.939077377319335938e+00
9.817649841308593750e+00
9.991112709045410156e+00
1.009256935119628906e+01
1.028220939636230469e+01
1.050359821319580078e+01
1.004923820495605469e+01
8.988265991210937500e+00
8.723481178283691406e+00
8.590035438537597656e+00
8.718447685241699219e+00
9.375471115112304688e+00
9.127184867858886719e+00
9.001904487609863281e+00
9.506727218627929688e+00
9.065133094787597656e+00
8.265285491943359375e+00
8.451791763305664062e+00
9.421006202697753906e+00
1.042331504821777344e+01
1.044074821472167969e+01
1.023442935943603516e+01
9.858773231506347656e+00
9.732414245605468750e+00
1.016645431518554688e+01
1.063736915588378906e+01
1.118135452270507812e+01
1.142837810516357422e+01
1.095275306701660156e+01
1.069370841979980469e+01
1.087625217437744141e+01
1.119236469268798828e+01
1.092102432250976562e+01
1.043528938293457031e+01
1.022817325592041016e+01
1.033848476409912109e+01
1.046303272247314453e+01
1.051391410827636719e+01
1.085961723327636719e+01
1.015872192382812500e+01
9.143437385559082031e+00
9.339762687683105469e+00
1.028485584259033203e+01
1.034394645690917969e+01
9.805951118469238281e+00
9.834797859191894531e+00
9.769258499145507812e+00
9.660004615783691406e+00
1.053336811065673828e+01
1.069214057922363281e+01
1.057486820220947266e+01
1.054656314849853516e+01
1.060789203643798828e+01
1.088306713104248047e+01
1.082055473327636719e+01
1.002278518676757812e+01
9.413863182067871094e+00
1.016757106781005859e+01
1.067645549774169922e+01
1.110823726654052734e+01
1.078292179107666016e+01
1.028692626953125000e+01
1.058930587768554688e+01
1.083988285064697266e+01
1.113993835449218750e+01
1.074501800537109375e+01
1.026515960693359375e+01
1.033271121978759766e+01
1.060567569732666016e+01
1.098448467254638672e+01
1.042691040039062500e+01
9.958182334899902344e+00
9.777110099792480469e+00
1.031529331207275391e+01
1.033683300018310547e+01
1.120612525939941406e+01
1.121704101562500000e+01
1.137230491638183594e+01
1.144220161437988281e+01
1.123764228820800781e+01
1.132736682891845703e+01
1.148507976531982422e+01
1.182728481292724609e+01
1.127908706665039062e+01
1.040073013305664062e+01
1.001408290863037109e+01
1.038597011566162109e+01
1.079685401916503906e+01
1.084466457366943359e+01
1.086923313140869141e+01
1.100141906738281250e+01
1.075668334960937500e+01
1.039517879486083984e+01
1.063635444641113281e+01
1.083528423309326172e+01
1.099440193176269531e+01
1.101267337799072266e+01
1.091394519805908203e+01
1.151262474060058594e+01
1.193482875823974609e+01
1.162070560455322266e+01
1.150943660736083984e+01
1.119970607757568359e+01
1.079891204833984375e+01
1.099357986450195312e+01
1.121996688842773438e+01
1.121609210968017578e+01
1.126703643798828125e+01
1.106431770324707031e+01
1.190525627136230469e+01
1.234660434722900391e+01
1.239941024780273438e+01
1.185511970520019531e+01
1.114780616760253906e+01
1.083002662658691406e+01
1.104417228698730469e+01
1.080546379089355469e+01
1.097822093963623047e+01
1.135561847686767578e+01
1.121591186523437500e+01
1.129012107849121094e+01
1.150440597534179688e+01
1.153380966186523438e+01
1.129030704498291016e+01
1.116772842407226562e+01
1.102851581573486328e+01
1.100318527221679688e+01
1.090311908721923828e+01
1.145689582824707031e+01
1.193297481536865234e+01
1.290877056121826172e+01
1.308096027374267578e+01
1.275703716278076172e+01
1.180587577819824219e+01
1.178023242950439453e+01
1.222230243682861328e+01
1.290623283386230469e+01
1.253748703002929688e+01
1.167256164550781250e+01
1.109880924224853516e+01
1.102730083465576172e+01
1.179265022277832031e+01
1.268464660644531250e+01
1.233952236175537109e+01
1.247738742828369141e+01
1.263330841064453125e+01
1.197820949554443359e+01
1.165559673309326172e+01
1.168335533142089844e+01
1.165309715270996094e+01
1.165164279937744141e+01
1.247586822509765625e+01
1.257680988311767578e+01
1.199815940856933594e+01
1.168322372436523438e+01
1.201282024383544922e+01
1.191472244262695312e+01
1.176706123352050781e+01
1.235993003845214844e+01
1.288127994537353516e+01
1.255288600921630859e+01
1.217671203613281250e+01
1.178735828399658203e+01
1.197175979614257812e+01
1.183041191101074219e+01
1.183563232421875000e+01
1.200122737884521484e+01
1.179567909240722656e+01
1.253727245330810547e+01
1.283470249176025391e+01
1.220547485351562500e+01
1.183841991424560547e+01
1.190798759460449219e+01
1.245675086975097656e+01
1.258900928497314453e+01
1.255192184448242188e+01
1.282386302947998047e+01
1.279436111450195312e+01
1.265653896331787109e+01
1.280687046051025391e+01
1.275708770751953125e+01
1.230389404296875000e+01
1.222610569000244141e+01
1.200619983673095703e+01
1.252909183502197266e+01
1.277530097961425781e+01
1.282984066009521484e+01
1.281104660034179688e+01
1.282839775085449219e+01
1.216207122802734375e+01
1.163577365875244141e+01
1.160514640808105469e+01
1.171328258514404297e+01
1.230501937866210938e+01
1.233135128021240234e+01
1.292573547363281250e+01
1.284995079040527344e+01
1.256023883819580078e+01
1.260501384735107422e+01
1.286912250518798828e+01
1.301764583587646484e+01
1.321743965148925781e+01
1.360639667510986328e+01
1.383894062042236328e+01
1.307836151123046875e+01
1.281811618804931641e+01
1.274374198913574219e+01
1.326016712188720703e+01
1.326781177520751953e+01
1.293524456024169922e+01
1.228833198547363281e+01
1.227984523773193359e+01
1.283411884307861328e+01
1.328664112091064453e+01
1.373814201354980469e+01
1.383466053009033203e+01
1.376084041595458984e+01
1.354754447937011719e+01
1.365946388244628906e+01
1.386321163177490234e+01
1.374830913543701172e+01
1.370023250579833984e+01
1.360281944274902344e+01
1.343399429321289062e+01
1.333986949920654297e+01
1.347754478454589844e+01
1.357998657226562500e+01
1.380884933471679688e+01
1.419025230407714844e+01
1.509955501556396484e+01
1.537850093841552734e+01
1.493006134033203125e+01
1.489954090118408203e+01
1.463336849212646484e+01
1.486653137207031250e+01
1.423490047454833984e+01
1.450355911254882812e+01
1.483523941040039062e+01
1.457570648193359375e+01
1.450131416320800781e+01
1.460312747955322266e+01
1.369521522521972656e+01
1.327455997467041016e+01
1.390032386779785156e+01
1.441698646545410156e+01
1.420158767700195312e+01
1.399261093139648438e+01
1.360414600372314453e+01
1.397416782379150391e+01
1.401651573181152344e+01
1.468075847625732422e+01
1.473202705383300781e+01
1.423817729949951172e+01
1.466621875762939453e+01
1.591070461273193359e+01
1.561152362823486328e+01
1.460849666595458984e+01
1.443540573120117188e+01
1.431973075866699219e+01
1.457210636138916016e+01
1.496168136596679688e+01
1.512140750885009766e+01
1.479778099060058594e+01
1.487867832183837891e+01
1.543357372283935547e+01
1.548486709594726562e+01
1.550999641418457031e+01
1.511439132690429688e+01
1.498438262939453125e+01
1.498933410644531250e+01
1.509070968627929688e+01
1.479773330688476562e+01
1.418783950805664062e+01
1.391362667083740234e+01
1.450667095184326172e+01
1.551266098022460938e+01
1.503824138641357422e+01
1.496691894531250000e+01
1.450938606262207031e+01
1.443712043762207031e+01
1.483574485778808594e+01
1.557850837707519531e+01
1.606332397460937500e+01
1.554621124267578125e+01
1.494687938690185547e+01
1.491240024566650391e+01
1.543211460113525391e+01
1.494703865051269531e+01
1.513137245178222656e+01
1.530883216857910156e+01
1.612240791320800781e+01
1.612613868713378906e+01
1.573640537261962891e+01
1.502790546417236328e+01
1.519318771362304688e+01
1.560825252532958984e+01
1.547621536254882812e+01
1.591929626464843750e+01
1.629638862609863281e+01
1.608969879150390625e+01
1.639969444274902344e+01
1.646392631530761719e+01
1.676823997497558594e+01
1.684525680541992188e+01
1.697460746765136719e+01
1.668203353881835938e+01
1.636927986145019531e+01
1.629011917114257812e+01
1.548158168792724609e+01
1.478266620635986328e+01
1.528638553619384766e+01
1.578828430175781250e+01
1.563569355010986328e+01
1.550271129608154297e+01
1.565475845336914062e+01
1.570342636108398438e+01
1.560456943511962891e+01
1.562417316436767578e+01
1.562088584899902344e+01
1.587255001068115234e+01
1.571452999114990234e+01
1.538945293426513672e+01
1.515473365783691406e+01
1.512779426574707031e+01
1.539757347106933594e+01
1.596814250946044922e+01
1.581119537353515625e+01
1.554865264892578125e+01
1.587331295013427734e+01
1.596760368347167969e+01
1.583596324920654297e+01
1.644808959960937500e+01
1.732933998107910156e+01
1.769744491577148438e+01
1.703191947937011719e+01
1.645262336730957031e+01
1.593881607055664062e+01
1.546135902404785156e+01
1.561277866363525391e+01
1.582678222656250000e+01
1.590637111663818359e+01
1.640097618103027344e+01
1.653810119628906250e+01
1.690552902221679688e+01
1.687974357604980469e+01
1.649885940551757812e+01
1.684303092956542969e+01
1.660946464538574219e+01
1.600043106079101562e+01
1.608460807800292969e+01
1.659631919860839844e+01
1.726901817321777344e+01
1.717177963256835938e+01
1.726416969299316406e+01
1.709527587890625000e+01
1.732765197753906250e+01
1.730192375183105469e+01
1.743264198303222656e+01
1.706875419616699219e+01
1.674209213256835938e+01
1.691630363464355469e+01
1.621395492553710938e+01
1.660779380798339844e+01
1.687602996826171875e+01
1.743664741516113281e+01
1.796065902709960938e+01
1.791592407226562500e+01
1.741974449157714844e+01
1.693473243713378906e+01
1.694065284729003906e+01
1.688551139831542969e+01
1.714772987365722656e+01
1.711192703247070312e+01
1.746534729003906250e+01
1.756204223632812500e+01
1.772941780090332031e+01
1.765666389465332031e+01
1.662959098815917969e+01
1.632247161865234375e+01
1.669618797302246094e+01
1.718731307983398438e+01
1.708255195617675781e+01
1.670899963378906250e+01
1.682223510742187500e+01
1.672528648376464844e+01
1.712699699401855469e+01
1.670870971679687500e+01
1.649408340454101562e+01
1.612942123413085938e+01
1.624505996704101562e+01
1.663352394104003906e+01
1.631370544433593750e+01
1.669658660888671875e+01
1.745322418212890625e+01
1.763771057128906250e+01
1.710301208496093750e+01
1.660138130187988281e+01
1.677410697937011719e+01
1.701986885070800781e+01
1.687261772155761719e+01
1.672653770446777344e+01
1.633683586120605469e+01
1.692708015441894531e+01
1.714243125915527344e+01
1.775876045227050781e+01
1.772502708435058594e+01
1.795443725585937500e+01
1.679744148254394531e+01
1.725864219665527344e+01
1.761957359313964844e+01
1.843832778930664062e+01
1.840000534057617188e+01
1.839104461669921875e+01
1.807506942749023438e+01
1.782115364074707031e+01
1.748880386352539062e+01
1.712061882019042969e+01
1.683994674682617188e+01
1.680303764343261719e+01
1.568138980865478516e+01
1.519123458862304688e+01
1.531157588958740234e+01
1.658318710327148438e+01
1.699975967407226562e+01
1.696211814880371094e+01
1.671613693237304688e+01
1.676974487304687500e+01
1.636448097229003906e+01
1.632840156555175781e+01
1.646641159057617188e+01
1.686882400512695312e+01
1.671321487426757812e+01
1.671815299987792969e+01
1.639613533020019531e+01
1.641549873352050781e+01
1.671755027770996094e+01
1.694862365722656250e+01
1.663240242004394531e+01
1.619580078125000000e+01
1.626950836181640625e+01
1.654623031616210938e+01
1.686059379577636719e+01
1.716929435729980469e+01
1.699983596801757812e+01
1.691233634948730469e+01
1.671320152282714844e+01
1.704491424560546875e+01
1.744466972351074219e+01
1.815593338012695312e+01
1.803899002075195312e+01
1.780980300903320312e+01
1.664215660095214844e+01
1.574590682983398438e+01
1.623789978027343750e+01
1.722496604919433594e+01
1.783342361450195312e+01
1.768885993957519531e+01
1.703766441345214844e+01
1.663741302490234375e+01
1.714282798767089844e+01
1.748860359191894531e+01
1.726092720031738281e+01
1.675488853454589844e+01
1.602107429504394531e+01
1.576141834259033203e+01
1.673032760620117188e+01
1.724196815490722656e+01
1.749315834045410156e+01
1.685002517700195312e+01
1.639533615112304688e+01
1.619837188720703125e+01
1.621190834045410156e+01
1.555758666992187500e+01
1.575908565521240234e+01
1.614678382873535156e+01
1.688037490844726562e+01
1.697976875305175781e+01
1.620649909973144531e+01
1.554722309112548828e+01
1.546311092376708984e+01
1.545851707458496094e+01
1.586143684387207031e+01
1.550413894653320312e+01
1.511041545867919922e+01
1.498233890533447266e+01
1.540132141113281250e+01
1.522078037261962891e+01
1.517525196075439453e+01
1.521721363067626953e+01
1.502810764312744141e+01
1.458295345306396484e+01
1.454109954833984375e+01
1.496112632751464844e+01
1.523598480224609375e+01
1.477244853973388672e+01
1.437061405181884766e+01
1.439371395111083984e+01
1.482042503356933594e+01
1.481904983520507812e+01
1.470380973815917969e+01
1.475372028350830078e+01
1.474191570281982422e+01
1.538824748992919922e+01
1.546636486053466797e+01
1.541325950622558594e+01
1.495852851867675781e+01
1.524162673950195312e+01
1.514739894866943359e+01
1.517259979248046875e+01
1.526178359985351562e+01
1.505902767181396484e+01
1.487317657470703125e+01
1.519355773925781250e+01
1.553978157043457031e+01
1.564292526245117188e+01
1.523468685150146484e+01
1.488043785095214844e+01
1.499828243255615234e+01
1.501563835144042969e+01
1.391606140136718750e+01
1.332980632781982422e+01
1.355017280578613281e+01
1.442439746856689453e+01
1.464131927490234375e+01
1.436107444763183594e+01
1.398843383789062500e+01
1.382460689544677734e+01
1.355325698852539062e+01
1.355156326293945312e+01
1.358249950408935547e+01
1.417558097839355469e+01
1.457764434814453125e+01
1.427690219879150391e+01
1.410637187957763672e+01
1.465052413940429688e+01
1.467873668670654297e+01
1.395878696441650391e+01
1.335879898071289062e+01
1.316882133483886719e+01
1.363162803649902344e+01
1.408831024169921875e+01
1.436020088195800781e+01
1.424033927917480469e+01
1.399283218383789062e+01
1.356612014770507812e+01
1.242377090454101562e+01
1.223225116729736328e+01
1.225494861602783203e+01
1.253876018524169922e+01
1.281394386291503906e+01
1.322584724426269531e+01
1.380172634124755859e+01
1.432586288452148438e+01
1.428636837005615234e+01
1.379282665252685547e+01
1.315661144256591797e+01
1.289413642883300781e+01
1.307410144805908203e+01
1.341290187835693359e+01
1.373822689056396484e+01
1.376119327545166016e+01
1.347805023193359375e+01
1.326348495483398438e+01
1.297176265716552734e+01
1.277321147918701172e+01
1.276153755187988281e+01
1.292340278625488281e+01
1.321558761596679688e+01
1.341995525360107422e+01
1.313112545013427734e+01
1.333768653869628906e+01
1.333561801910400391e+01
1.303740882873535156e+01
1.319325065612792969e+01
1.364496898651123047e+01
1.407650566101074219e+01
1.384400272369384766e+01
1.321919345855712891e+01
1.279836845397949219e+01
1.295671749114990234e+01
1.315106201171875000e+01
1.332859992980957031e+01
1.277683258056640625e+01
1.255674076080322266e+01
1.228677177429199219e+01
1.213035106658935547e+01
1.253562068939208984e+01
1.269265174865722656e+01
1.271659660339355469e+01
1.289064788818359375e+01
1.284102821350097656e+01
1.268042564392089844e+01
1.277384376525878906e+01
1.275602340698242188e+01
1.297263050079345703e+01
1.272419166564941406e+01
1.243592929840087891e+01
1.174079513549804688e+01
1.139506435394287109e+01
1.146721744537353516e+01
1.191070747375488281e+01
1.241461277008056641e+01
1.217181301116943359e+01
1.231432247161865234e+01
1.250882911682128906e+01
1.274216938018798828e+01
1.246978664398193359e+01
1.234954071044921875e+01
1.245795536041259766e+01
1.252979946136474609e+01
1.253777599334716797e+01
1.243375396728515625e+01
1.226568698883056641e+01
1.215587520599365234e+01
1.233271121978759766e+01
1.217274188995361328e+01
1.152453422546386719e+01
1.169909191131591797e+01
1.260375404357910156e+01
1.297047901153564453e+01
1.224330043792724609e+01
1.168944740295410156e+01
1.171640396118164062e+01
1.213743305206298828e+01
1.224409961700439453e+01
1.201319694519042969e+01
1.171198654174804688e+01
1.201870250701904297e+01
1.222011184692382812e+01
1.208091354370117188e+01
1.184782791137695312e+01
1.173347473144531250e+01
1.189619541168212891e+01
1.242654991149902344e+01
1.242984294891357422e+01
1.209723281860351562e+01
1.180305290222167969e+01
1.159633636474609375e+01
1.156497669219970703e+01
1.198140621185302734e+01
1.188321876525878906e+01
1.185603904724121094e+01
1.171716499328613281e+01
1.174228096008300781e+01
1.196221351623535156e+01
1.197371101379394531e+01
1.152656650543212891e+01
1.129933071136474609e+01
1.199827575683593750e+01
1.252520275115966797e+01
1.271643447875976562e+01
1.267446136474609375e+01
1.182775306701660156e+01
1.143542861938476562e+01
1.151548194885253906e+01
1.199826812744140625e+01
1.239152622222900391e+01
1.248026752471923828e+01
1.214224529266357422e+01
1.175772094726562500e+01
1.108256149291992188e+01
1.138151741027832031e+01
1.200812721252441406e+01
1.237957096099853516e+01
1.189660453796386719e+01
1.172141265869140625e+01
1.184456157684326172e+01
1.136606121063232422e+01
1.158114337921142578e+01
1.237369537353515625e+01
1.264040660858154297e+01
1.226272010803222656e+01
1.179609012603759766e+01
1.211253643035888672e+01
1.234433841705322266e+01
1.195213890075683594e+01
1.208123874664306641e+01
1.225363159179687500e+01
1.245892143249511719e+01
1.242489433288574219e+01
1.272432136535644531e+01
1.277125549316406250e+01
1.257276439666748047e+01
1.186458969116210938e+01
1.141307258605957031e+01
1.197558021545410156e+01
1.234012317657470703e+01
1.203532314300537109e+01
1.178636455535888672e+01
1.166927528381347656e+01
1.157322883605957031e+01
1.158419895172119141e+01
1.226982402801513672e+01
1.236129093170166016e+01
1.205158233642578125e+01
1.165873336791992188e+01
1.184426593780517578e+01
1.200588130950927734e+01
1.210799789428710938e+01
1.220053672790527344e+01
1.220062446594238281e+01
1.296878433227539062e+01
1.281679821014404297e+01
1.257844257354736328e+01
1.254670715332031250e+01
1.314075756072998047e+01
1.308409214019775391e+01
1.267925167083740234e+01
1.188477230072021484e+01
1.162459278106689453e+01
1.213936614990234375e+01
1.267286300659179688e+01
1.284939670562744141e+01
1.290831947326660156e+01
1.247584724426269531e+01
1.193095207214355469e+01
1.179752254486083984e+01
1.214723587036132812e+01
1.274731826782226562e+01
1.271423149108886719e+01
1.258869361877441406e+01
1.227625370025634766e+01
1.187518119812011719e+01
1.164928245544433594e+01
1.205798053741455078e+01
1.253805637359619141e+01
1.289917373657226562e+01
1.290064239501953125e+01
1.266951084136962891e+01
1.231982707977294922e+01
1.195000743865966797e+01
1.220471191406250000e+01
1.223626708984375000e+01
1.237843322753906250e+01
1.232760047912597656e+01
1.206556129455566406e+01
1.199044418334960938e+01
1.222884082794189453e+01
1.217027854919433594e+01
1.239605617523193359e+01
1.236534309387207031e+01
1.268862724304199219e+01
1.281853103637695312e+01
1.289699554443359375e+01
1.311370658874511719e+01
1.366841125488281250e+01
1.331514739990234375e+01
1.309191989898681641e+01
1.307678604125976562e+01
1.314709854125976562e+01
1.395247936248779297e+01
1.420829391479492188e+01
1.371867465972900391e+01
1.297190189361572266e+01
1.327288055419921875e+01
1.322482967376708984e+01
1.281861209869384766e+01
1.267999458312988281e+01
1.291705513000488281e+01
1.312944316864013672e+01
1.328203201293945312e+01
1.319949150085449219e+01
1.295786952972412109e+01
1.270873641967773438e+01
1.295600891113281250e+01
1.349343776702880859e+01
1.338233947753906250e+01
1.305615043640136719e+01
1.313100051879882812e+01
1.349273109436035156e+01
1.369285297393798828e+01
1.395166969299316406e+01
1.403595829010009766e+01
1.408408546447753906e+01
1.403577327728271484e+01
1.430280780792236328e+01
1.434813499450683594e+01
1.395489120483398438e+01
1.342213821411132812e+01
1.331822299957275391e+01
1.368056106567382812e+01
1.369490718841552734e+01
1.357279682159423828e+01
1.375058555603027344e+01
1.397288990020751953e+01
1.401225757598876953e+01
1.407957458496093750e+01
1.402201652526855469e+01
1.434842109680175781e+01
1.447233581542968750e+01
1.389647102355957031e+01
1.402377510070800781e+01
1.468951129913330078e+01
1.528813552856445312e+01
1.524620151519775391e+01
1.489696788787841797e+01
1.450353908538818359e+01
1.426905632019042969e+01
1.437152862548828125e+01
1.456385993957519531e+01
1.534020042419433594e+01
1.517448997497558594e+01
1.452666187286376953e+01
1.460210418701171875e+01
1.508869361877441406e+01
1.485604953765869141e+01
1.458180904388427734e+01
1.401036167144775391e+01
1.389202213287353516e+01
1.400767040252685547e+01
1.401230239868164062e+01
1.425114822387695312e+01
1.452144813537597656e+01
1.479959106445312500e+01
1.458617115020751953e+01
1.459402656555175781e+01
1.420009803771972656e+01
1.438130378723144531e+01
1.435610485076904297e+01
1.404849910736083984e+01
1.395559215545654297e+01
1.449160099029541016e+01
1.493516445159912109e+01
1.524047756195068359e+01
1.532539272308349609e+01
1.532100105285644531e+01
1.512645530700683594e+01
1.506430053710937500e+01
1.445664787292480469e+01
1.382900905609130859e+01
1.390849685668945312e+01
1.405803966522216797e+01
1.427813720703125000e+01
1.429057121276855469e+01
1.459547901153564453e+01
1.524842262268066406e+01
1.528735542297363281e+01
1.525269889831542969e+01
1.505335330963134766e+01
1.452117824554443359e+01
1.450692939758300781e+01
1.456437683105468750e+01
1.528329086303710938e+01
1.552130317687988281e+01
1.507424545288085938e+01
1.458818149566650391e+01
1.429388904571533203e+01
1.471496582031250000e+01
1.454831600189208984e+01
1.451723003387451172e+01
1.415858554840087891e+01
1.434096050262451172e+01
1.400704383850097656e+01
1.337298583984375000e+01
1.347457122802734375e+01
1.385224914550781250e+01
1.426548480987548828e+01
1.414756393432617188e+01
1.437146854400634766e+01
1.413890552520751953e+01
1.396843051910400391e+01
1.395248126983642578e+01
1.403225994110107422e+01
1.412942504882812500e+01
1.419998073577880859e+01
1.402401161193847656e+01
1.403498554229736328e+01
1.428649616241455078e+01
1.424467563629150391e+01
1.450251579284667969e+01
1.499787235260009766e+01
1.518410491943359375e+01
1.567233467102050781e+01
1.550457954406738281e+01
1.465704727172851562e+01
1.403152751922607422e+01
1.396369171142578125e+01
1.373270702362060547e+01
1.399960231781005859e+01
1.416708183288574219e+01
1.403522682189941406e+01
1.391273593902587891e+01
1.458335494995117188e+01
1.446580982208251953e+01
1.398472690582275391e+01
1.427222919464111328e+01
1.467182350158691406e+01
1.461070060729980469e+01
1.460420417785644531e+01
1.498931503295898438e+01
1.546150112152099609e+01
1.491942691802978516e+01
1.465081691741943359e+01
1.459934997558593750e+01
1.423869800567626953e+01
1.450895595550537109e+01
1.462308120727539062e+01
1.484055900573730469e+01
1.503809833526611328e+01
1.498508071899414062e+01
1.443915176391601562e+01
1.441170883178710938e+01
1.428308773040771484e+01
1.378008556365966797e+01
1.399624538421630859e+01
1.485743618011474609e+01
1.470659255981445312e+01
1.420003032684326172e+01
1.403109264373779297e+01
1.371382713317871094e+01
1.366653060913085938e+01
1.407563495635986328e+01
1.435686206817626953e+01
1.428297615051269531e+01
1.384152698516845703e+01
1.339488983154296875e+01
1.350413990020751953e+01
1.398284721374511719e+01
1.467402458190917969e+01
1.433399200439453125e+01
1.442709541320800781e+01
1.414540958404541016e+01
1.400513744354248047e+01
1.381911373138427734e+01
1.390464591979980469e+01
1.333288288116455078e+01
1.379114437103271484e+01
1.405880451202392578e+01
1.428072071075439453e+01
1.465972518920898438e+01
1.472224140167236328e+01
1.415201187133789062e+01
1.409021568298339844e+01
1.407210731506347656e+01
1.424882793426513672e+01
1.443333721160888672e+01
1.403195381164550781e+01
1.342450904846191406e+01
1.309110450744628906e+01
1.319485569000244141e+01
1.320570755004882812e+01
1.339545822143554688e+01
1.346715164184570312e+01
1.353663921356201172e+01
1.369300651550292969e+01
1.417853546142578125e+01
1.430221652984619141e+01
1.399458789825439453e+01
1.321229457855224609e+01
1.318506050109863281e+01
1.334164333343505859e+01
1.322974395751953125e+01
1.320812034606933594e+01
1.316010379791259766e+01
1.356943416595458984e+01
1.437064933776855469e+01
1.463576221466064453e+01
1.425841140747070312e+01
1.400387668609619141e+01
1.376921463012695312e+01
1.375040340423583984e+01
1.353105163574218750e+01
1.341888713836669922e+01
1.336910152435302734e+01
1.368922901153564453e+01
1.376928901672363281e+01
1.351966476440429688e+01
1.353258228302001953e+01
1.308739280700683594e+01
1.352023124694824219e+01
1.327512454986572266e+01
1.321890640258789062e+01
1.315817832946777344e+01
1.351870822906494141e+01
1.346254634857177734e+01
1.336050033569335938e+01
1.302791500091552734e+01
1.344441413879394531e+01
1.367645931243896484e+01
1.333219528198242188e+01
1.268758964538574219e+01
1.292731380462646484e+01
1.321722888946533203e+01
1.325710201263427734e+01
1.340726280212402344e+01
1.384407520294189453e+01
1.330730152130126953e+01
1.304493045806884766e+01
1.357271766662597656e+01
1.364614963531494141e+01
1.325545406341552734e+01
1.270081138610839844e+01
1.256578540802001953e+01
1.279499721527099609e+01
1.327136325836181641e+01
1.310384941101074219e+01
1.310826110839843750e+01
1.329601860046386719e+01
1.402599525451660156e+01
1.430129051208496094e+01
1.430200481414794922e+01
1.371054744720458984e+01
1.364235687255859375e+01
1.366542243957519531e+01
1.348157596588134766e+01
1.284964942932128906e+01
1.277152633666992188e+01
1.324448585510253906e+01
1.353669261932373047e+01
1.345869159698486328e+01
1.281207275390625000e+01
1.231080722808837891e+01
1.219756126403808594e+01
1.244543075561523438e+01
1.270682239532470703e+01
1.218416213989257812e+01
1.234649753570556641e+01
1.218592357635498047e+01
1.267988967895507812e+01
1.248638820648193359e+01
1.209703636169433594e+01
1.224128532409667969e+01
1.317120838165283203e+01
1.364348030090332031e+01
1.382732391357421875e+01
1.339227581024169922e+01
1.341607856750488281e+01
1.317775821685791016e+01
1.319327831268310547e+01
1.285514640808105469e+01
1.304839420318603516e+01
1.264000797271728516e+01
1.244479560852050781e+01
1.239468479156494141e+01
1.277042961120605469e+01
1.293073463439941406e+01
1.293253612518310547e+01
1.309045600891113281e+01
1.325069236755371094e+01
1.288331413269042969e+01
1.306932830810546875e+01
1.307082653045654297e+01
1.254371452331542969e+01
1.219249725341796875e+01
1.193412780761718750e+01
1.229477214813232422e+01
1.247963428497314453e+01
1.270656394958496094e+01
1.254256057739257812e+01
1.275777816772460938e+01
1.276058483123779297e+01
1.291038799285888672e+01
1.253024196624755859e+01
1.233461666107177734e+01
1.207843780517578125e+01
1.219347286224365234e+01
1.219178867340087891e+01
1.254729270935058594e+01
1.200476741790771484e+01
1.228366279602050781e+01
1.217565155029296875e+01
1.186761569976806641e+01
1.147900390625000000e+01
1.154462623596191406e+01
1.114166069030761719e+01
1.120366954803466797e+01
1.199491214752197266e+01
1.248865699768066406e+01
1.279203128814697266e+01
1.256722640991210938e+01
1.196968746185302734e+01
1.157641029357910156e+01
1.190047550201416016e+01
1.243550205230712891e+01
1.236223983764648438e+01
1.230259990692138672e+01
1.219780349731445312e+01
1.208651638031005859e+01
1.181235027313232422e+01
1.194137954711914062e+01
1.218436717987060547e+01
1.202272224426269531e+01
1.208423709869384766e+01
1.213033390045166016e+01
1.247404003143310547e+01
1.226725482940673828e+01
1.227940177917480469e+01
1.221424865722656250e+01
1.174154853820800781e+01
1.121873092651367188e+01
1.181134319305419922e+01
1.213144111633300781e+01
1.252106189727783203e+01
1.227186489105224609e+01
1.197435092926025391e+01
1.181645298004150391e+01
1.169883251190185547e+01
1.170608043670654297e+01
1.157176685333251953e+01
1.227523040771484375e+01
1.235488605499267578e+01
1.187758159637451172e+01
1.076478767395019531e+01
1.038360977172851562e+01
1.081675624847412109e+01
1.179768276214599609e+01
1.221864700317382812e+01
1.250114822387695312e+01
1.206848812103271484e+01
1.182539844512939453e+01
1.126942157745361328e+01
1.139482307434082031e+01
1.108715248107910156e+01
1.108258628845214844e+01
1.117116737365722656e+01
1.135158538818359375e+01
1.126198863983154297e+01
1.116484546661376953e+01
1.118751525878906250e+01
1.125130176544189453e+01
1.156754493713378906e+01
1.173469638824462891e+01
1.192489433288574219e+01
1.164031505584716797e+01
1.111543560028076172e+01
1.117798805236816406e+01
1.116288375854492188e+01
1.150602912902832031e+01
1.174596595764160156e+01
1.161999130249023438e+01
1.136201190948486328e+01
1.151292133331298828e+01
1.177153110504150391e+01
1.152937698364257812e+01
1.172257232666015625e+01
1.174471473693847656e+01
1.149979019165039062e+01
1.143482398986816406e+01
1.092490673065185547e+01
1.048996067047119141e+01
1.113178443908691406e+01
1.159926986694335938e+01
1.145372772216796875e+01
1.180128955841064453e+01
1.210095310211181641e+01
1.221886253356933594e+01
1.159907150268554688e+01
1.120004844665527344e+01
1.084855079650878906e+01
1.098712539672851562e+01
1.120432472229003906e+01
1.134424686431884766e+01
1.101825809478759766e+01
1.079333496093750000e+01
1.068297576904296875e+01
1.071197605133056641e+01
1.117858982086181641e+01
1.147509098052978516e+01
1.158817386627197266e+01
1.132475280761718750e+01
1.119695281982421875e+01
1.140258598327636719e+01
1.118775844573974609e+01
1.126868724822998047e+01
1.082073497772216797e+01
1.134522342681884766e+01
1.140201663970947266e+01
1.139098548889160156e+01
1.105578517913818359e+01
1.074484920501708984e+01
1.090024566650390625e+01
1.143728637695312500e+01
1.178463268280029297e+01
1.186635303497314453e+01
1.161157703399658203e+01
1.153057479858398438e+01
1.155622959136962891e+01
1.163168239593505859e+01
1.106999015808105469e+01
1.072144317626953125e+01
1.102953338623046875e+01
1.097774314880371094e+01
1.097232055664062500e+01
1.129470348358154297e+01
1.170783805847167969e+01
1.151255130767822266e+01
1.148688697814941406e+01
1.150475692749023438e+01
1.170651435852050781e+01
1.152212142944335938e+01
1.154009246826171875e+01
1.131928062438964844e+01
1.128742218017578125e+01
1.161210346221923828e+01
1.170383930206298828e+01
1.174784851074218750e+01
1.109208869934082031e+01
1.134867763519287109e+01
1.095942211151123047e+01
1.088922023773193359e+01
1.030395030975341797e+01
1.064925098419189453e+01
1.101912403106689453e+01
1.157219696044921875e+01
1.170207786560058594e+01
1.162789344787597656e+01
1.123121261596679688e+01
1.144350433349609375e+01
1.124393749237060547e+01
1.140861892700195312e+01
1.127210712432861328e+01
1.166918563842773438e+01
1.202819538116455078e+01
1.223709487915039062e+01
1.232401180267333984e+01
1.183243179321289062e+01
1.138718128204345703e+01
1.118261623382568359e+01
1.105451107025146484e+01
1.116827201843261719e+01
1.065025234222412109e+01
1.034537124633789062e+01
1.025851821899414062e+01
1.021197414398193359e+01
1.011835002899169922e+01
1.009886264801025391e+01
1.032404232025146484e+01
1.021590518951416016e+01
1.022201251983642578e+01
1.065896034240722656e+01
1.103103637695312500e+01
1.092709732055664062e+01
1.085159778594970703e+01
1.109798622131347656e+01
1.110920047760009766e+01
1.097049808502197266e+01
1.089753723144531250e+01
1.057839679718017578e+01
1.059151935577392578e+01
1.071354770660400391e+01
1.080893993377685547e+01
1.024199485778808594e+01
1.009074020385742188e+01
1.005511951446533203e+01
1.052544498443603516e+01
1.089396572113037109e+01
1.112993049621582031e+01
1.117589855194091797e+01
1.116175556182861328e+01
1.095430850982666016e+01
1.096697616577148438e+01
1.074880886077880859e+01
1.062147331237792969e+01
1.066999435424804688e+01
1.082437610626220703e+01
1.040921306610107422e+01
1.037473011016845703e+01
1.061462688446044922e+01
1.096353530883789062e+01
1.100074481964111328e+01
1.041983509063720703e+01
1.037686252593994141e+01
9.909976959228515625e+00
1.036793327331542969e+01
1.040139675140380859e+01
1.064223861694335938e+01
9.962679862976074219e+00
9.900731086730957031e+00
1.002969837188720703e+01
1.100883865356445312e+01
1.070689582824707031e+01
1.066990089416503906e+01
1.022279357910156250e+01
1.050023746490478516e+01
1.083026027679443359e+01
1.109876155853271484e+01
1.064427375793457031e+01
1.042675590515136719e+01
1.080360031127929688e+01
1.169712352752685547e+01
1.197633171081542969e+01
1.210631465911865234e+01
1.144798851013183594e+01
1.117800521850585938e+01
1.106562042236328125e+01
1.136077594757080078e+01
1.101854133605957031e+01
1.076843643188476562e+01
1.108530044555664062e+01
1.153936100006103516e+01
1.103395938873291016e+01
1.074593162536621094e+01
1.071475505828857422e+01
1.111550521850585938e+01
1.031044673919677734e+01
1.006404876708984375e+01
9.883026123046875000e+00
1.017065334320068359e+01
1.013575744628906250e+01
1.040432739257812500e+01
1.067357254028320312e+01
1.085777187347412109e+01
1.165051651000976562e+01
1.171170234680175781e+01
1.214289093017578125e+01
1.145378112792968750e+01
1.132938861846923828e+01
1.066091346740722656e+01
1.110665130615234375e+01
1.119157028198242188e+01
1.106272315979003906e+01
1.020108890533447266e+01
1.015998554229736328e+01
1.023916339874267578e+01
1.034074401855468750e+01
1.048995304107666016e+01
1.043694496154785156e+01
1.039377117156982422e+01
1.048751831054687500e+01
1.057197093963623047e+01
9.864556312561035156e+00
9.795141220092773438e+00
1.050008869171142578e+01
1.120003890991210938e+01
1.145417785644531250e+01
1.171954059600830078e+01
1.178514289855957031e+01
1.178526782989501953e+01
1.105282306671142578e+01
1.083692073822021484e+01
1.054531860351562500e+01
1.025207042694091797e+01
1.035533332824707031e+01
1.022062301635742188e+01
1.019240856170654297e+01
1.007923603057861328e+01
1.051759910583496094e+01
1.090546703338623047e+01
1.109041118621826172e+01
1.064350986480712891e+01
9.952918052673339844e+00
9.752832412719726562e+00
9.963531494140625000e+00
1.009100341796875000e+01
1.029805469512939453e+01
1.036688804626464844e+01
1.033470821380615234e+01
1.089914798736572266e+01
1.106730175018310547e+01
1.057924938201904297e+01
1.013034057617187500e+01
1.012759399414062500e+01
1.003822231292724609e+01
9.771925926208496094e+00
1.005839920043945312e+01
1.029095077514648438e+01
1.009002304077148438e+01
9.904342651367187500e+00
9.551115989685058594e+00
9.581626892089843750e+00
1.025542926788330078e+01
1.145534133911132812e+01
1.130569171905517578e+01
1.086102104187011719e+01
9.870521545410156250e+00
9.532088279724121094e+00
9.503050804138183594e+00
1.018047809600830078e+01
1.060762405395507812e+01
1.035435867309570312e+01
9.910243034362792969e+00
1.029156398773193359e+01
1.095077705383300781e+01
1.136802864074707031e+01
1.088759422302246094e+01
1.022220230102539062e+01
9.428202629089355469e+00
9.588252067565917969e+00
9.833172798156738281e+00
9.794573783874511719e+00
9.857796669006347656e+00
1.078704738616943359e+01
1.138147735595703125e+01
1.148248386383056641e+01
1.145005893707275391e+01
1.161997318267822266e+01
1.169237899780273438e+01
1.092610836029052734e+01
1.053972625732421875e+01
1.056716251373291016e+01
1.130267429351806641e+01
1.159672737121582031e+01
1.174000549316406250e+01
1.122987747192382812e+01
1.117991447448730469e+01
1.061041641235351562e+01
1.028214359283447266e+01
9.767222404479980469e+00
9.464854240417480469e+00
9.552704811096191406e+00
9.628913879394531250e+00
9.506386756896972656e+00
9.123313903808593750e+00
9.672863960266113281e+00
1.016881847381591797e+01
1.001766777038574219e+01
9.564740180969238281e+00
9.923091888427734375e+00
1.054180717468261719e+01
1.052871322631835938e+01
1.065251159667968750e+01
1.039963722229003906e+01
1.076761817932128906e+01
1.108988857269287109e+01
1.120929718017578125e+01
1.109995174407958984e+01
1.106455230712890625e+01
1.084913253784179688e+01
1.075749397277832031e+01
1.033296871185302734e+01
1.002422046661376953e+01
1.014957809448242188e+01
1.097531700134277344e+01
1.184226131439208984e+01
1.198004627227783203e+01
1.115439224243164062e+01
1.111684703826904297e+01
1.140232944488525391e+01
1.158079719543457031e+01
1.100930404663085938e+01
1.060682487487792969e+01
1.083398532867431641e+01
1.069375991821289062e+01
1.131410121917724609e+01
1.100185585021972656e+01
1.081294536590576172e+01
1.004956531524658203e+01
9.827453613281250000e+00
9.310443878173828125e+00
8.833111763000488281e+00
9.138505935668945312e+00
9.523207664489746094e+00
1.011157798767089844e+01
1.019011688232421875e+01
1.077726459503173828e+01
1.060884952545166016e+01
1.030068778991699219e+01
1.050545883178710938e+01
1.076253700256347656e+01
1.093964290618896484e+01
1.031371021270751953e+01
1.011671066284179688e+01
9.620256423950195312e+00
9.607743263244628906e+00
9.175863265991210938e+00
9.563241004943847656e+00
1.026298141479492188e+01
1.112369537353515625e+01
1.162437534332275391e+01
1.115892219543457031e+01
1.054992961883544922e+01
1.080351734161376953e+01
1.029289817810058594e+01
9.569418907165527344e+00
8.702035903930664062e+00
8.501647949218750000e+00
8.837409973144531250e+00
9.478187561035156250e+00
1.012658786773681641e+01
1.035724639892578125e+01
1.115693950653076172e+01
1.120380592346191406e+01
1.101817703247070312e+01
1.005791187286376953e+01
9.891331672668457031e+00
1.014551639556884766e+01
9.830745697021484375e+00
9.856022834777832031e+00
1.009336090087890625e+01
1.099558544158935547e+01
1.167956447601318359e+01
1.190570545196533203e+01
1.126864147186279297e+01
1.101433753967285156e+01
1.040514278411865234e+01
1.060894489288330078e+01
1.050361251831054688e+01
1.075268173217773438e+01
1.054062938690185547e+01
1.066048526763916016e+01
1.158798217773437500e+01
1.246268558502197266e+01
1.186738586425781250e+01
1.176348686218261719e+01
1.115414810180664062e+01
1.171509075164794922e+01
1.170175075531005859e+01
1.182956027984619141e+01
1.016163921356201172e+01
8.039818763732910156e+00
7.819634914398193359e+00
9.013282775878906250e+00
1.047126007080078125e+01
1.039491081237792969e+01
1.037066078186035156e+01
1.054960823059082031e+01
9.846595764160156250e+00
9.124986648559570312e+00
9.293524742126464844e+00
1.017050457000732422e+01
1.086494636535644531e+01
1.092819023132324219e+01
1.100528430938720703e+01
1.087667942047119141e+01
1.085565185546875000e+01
1.106368255615234375e+01
1.037485408782958984e+01
1.018603324890136719e+01
1.013012504577636719e+01
1.100592136383056641e+01
1.099096202850341797e+01
1.049607086181640625e+01
9.941585540771484375e+00
1.140812015533447266e+01
1.274188995361328125e+01
1.232532978057861328e+01
9.845916748046875000e+00
8.829885482788085938e+00
9.257361412048339844e+00
9.720258712768554688e+00
9.808106422424316406e+00
1.008742618560791016e+01
1.005951499938964844e+01
9.812647819519042969e+00
9.675432205200195312e+00
9.529646873474121094e+00
9.643445014953613281e+00
9.362673759460449219e+00
1.040152645111083984e+01
1.141148281097412109e+01
1.253289127349853516e+01
1.210696601867675781e+01
1.220735740661621094e+01
1.180786037445068359e+01
1.147751235961914062e+01
1.031415557861328125e+01
9.953365325927734375e+00
9.626482009887695312e+00
9.183134078979492188e+00
8.340045928955078125e+00
9.311416625976562500e+00
1.053359985351562500e+01
1.180280208587646484e+01
1.224913501739501953e+01
1.240650939941406250e+01
1.236546134948730469e+01
1.096762752532958984e+01
9.927663803100585938e+00
9.571124076843261719e+00
1.144929122924804688e+01
1.188000869750976562e+01
1.118727207183837891e+01
9.529878616333007812e+00
8.695714950561523438e+00
9.646186828613281250e+00
1.081575202941894531e+01
1.215820884704589844e+01
1.157902812957763672e+01
1.086493587493896484e+01
1.016099452972412109e+01
1.167212295532226562e+01
1.317686557769775391e+01
1.320364284515380859e+01
1.118052577972412109e+01
1.072380828857421875e+01
9.621435165405273438e+00
9.008692741394042969e+00
1.039708232879638672e+01
1.314465141296386719e+01
1.380139923095703125e+01
1.113771152496337891e+01
9.465096473693847656e+00
8.143872261047363281e+00
7.450763702392578125e+00
7.575322628021240234e+00
7.969456672668457031e+00
1.065734291076660156e+01
1.267236995697021484e+01
1.257185554504394531e+01
1.000182914733886719e+01
9.679859161376953125e+00
1.011042308807373047e+01
1.233862590789794922e+01
1.302512454986572266e+01
1.480483531951904297e+01
1.330908584594726562e+01
1.362975502014160156e+01
1.291123867034912109e+01
1.229054164886474609e+01
1.242826652526855469e+01
1.396818161010742188e+01
1.404525184631347656e+01
1.173830699920654297e+01
8.336702346801757812e+00
8.399306297302246094e+00
1.082227802276611328e+01
1.196029281616210938e+01
1.093209743499755859e+01
1.052818775177001953e+01
1.167028713226318359e+01
1.268969154357910156e+01
1.582524776458740234e+01
1.421391582489013672e+01
1.159416007995605469e+01
5.738379478454589844e+00
5.923778057098388672e+00
7.999641418457031250e+00
9.521437644958496094e+00
5.323033809661865234e+00
6.318507671356201172e+00
7.749152183532714844e+00
7.519976615905761719e+00
1.426271557807922363e+00
2.961972713470458984e+00
1.005242347717285156e+01
1.339551544189453125e+01
1.116777038574218750e+01
3.186593055725097656e+00
1.281805634498596191e+00
4.770085811614990234e+00
9.808481216430664062e+00
1.286543846130371094e+01
1.042650604248046875e+01
8.869565963745117188e+00
1.220420074462890625e+01
1.586141014099121094e+01
2.209548568725585938e+01
nan
nan
nan
nan
nan
nan
nan
nan
nan
nan
