nan
nan
nan
nan
nan
nan
nan
nan
nan
nan
nan
nan
nan
nan
nan
nan
nan
nan
nan
nan
nan
nan
nan
nan
nan
nan
nan
nan
nan
3.340433120727539062e+01
3.452350234985351562e+01
3.478239822387695312e+01
3.817010498046875000e+01
4.052120590209960938e+01
4.167746353149414062e+01
4.142955017089843750e+01
4.204544067382812500e+01
4.209233856201171875e+01
4.148929977416992188e+01
3.904664611816406250e+01
3.882691574096679688e+01
3.958730697631835938e+01
4.032459640502929688e+01
3.972402954101562500e+01
3.730714416503906250e+01
3.684738922119140625e+01
3.684805297851562500e+01
3.819456863403320312e+01
3.775080108642578125e+01
3.623104858398437500e+01
3.611423492431640625e+01
3.606074905395507812e+01
3.758113861083984375e+01
3.705158615112304688e+01
3.665917205810546875e+01
3.678060531616210938e+01
3.677958297729492188e+01
3.594204330444335938e+01
3.656116104125976562e+01
3.680781936645507812e+01
3.735515594482421875e+01
3.670358657836914062e+01
3.688127899169921875e+01
3.734524536132812500e+01
3.693548583984375000e+01
3.721495056152343750e+01
3.705752563476562500e+01
3.704390716552734375e+01
3.627573394775390625e+01
3.648276138305664062e+01
3.682134628295898438e+01
3.747614669799804688e+01
3.660560989379882812e+01
3.723843765258789062e+01
3.695332717895507812e+01
3.744827270507812500e+01
3.784796524047851562e+01
3.731331253051757812e+01
3.636718750000000000e+01
3.449206542968750000e+01
3.491262054443359375e+01
3.526840972900390625e+01
3.447188949584960938e+01
3.313513565063476562e+01
3.332646942138671875e+01
3.425314331054687500e+01
3.434263610839843750e+01
3.423245239257812500e+01
3.531503295898437500e+01
3.522014999389648438e+01
3.593798065185546875e+01
3.506556701660156250e+01
3.566323089599609375e+01
3.587598037719726562e+01
3.613986206054687500e+01
3.630475997924804688e+01
3.643453979492187500e+01
3.652399826049804688e+01
3.651699829101562500e+01
3.580329895019531250e+01
3.730488586425781250e+01
3.670451354980468750e+01
3.677983856201171875e+01
3.598051071166992188e+01
3.528746795654296875e+01
3.531153106689453125e+01
3.388510894775390625e+01
3.514697647094726562e+01
3.552803421020507812e+01
3.558862304687500000e+01
3.484729766845703125e+01
3.455028915405273438e+01
3.510208511352539062e+01
3.586146545410156250e+01
3.561112213134765625e+01
3.550905227661132812e+01
3.464871597290039062e+01
3.485927963256835938e+01
3.563387680053710938e+01
3.714966201782226562e+01
3.705727005004882812e+01
3.655023193359375000e+01
3.495529556274414062e+01
3.505841064453125000e+01
3.446157455444335938e+01
3.578811645507812500e+01
3.551991653442382812e+01
3.639721679687500000e+01
3.623902130126953125e+01
3.541534042358398438e+01
3.488532257080078125e+01
3.482164001464843750e+01
3.538150787353515625e+01
3.602608108520507812e+01
3.595405960083007812e+01
3.678037643432617188e+01
3.625464248657226562e+01
3.549956512451171875e+01
3.522579956054687500e+01
3.540774917602539062e+01
3.610985946655273438e+01
3.606790161132812500e+01
3.584133148193359375e+01
3.574159622192382812e+01
3.603890991210937500e+01
3.571500778198242188e+01
3.559476089477539062e+01
3.488719177246093750e+01
3.501707077026367188e+01
3.443312072753906250e+01
3.518054580688476562e+01
3.565131759643554688e+01
3.589824295043945312e+01
3.526054382324218750e+01
3.465562820434570312e+01
3.483749389648437500e+01
3.511632156372070312e+01
3.500701522827148438e+01
3.451189422607421875e+01
3.395601272583007812e+01
3.391912460327148438e+01
3.401287841796875000e+01
3.450108337402343750e+01
3.499353408813476562e+01
3.544750976562500000e+01
3.563653182983398438e+01
3.536295700073242188e+01
3.558584213256835938e+01
3.461313247680664062e+01
3.514168930053710938e+01
3.415036392211914062e+01
3.453210449218750000e+01
3.353255844116210938e+01
3.403379440307617188e+01
3.500162124633789062e+01
3.580497360229492188e+01
3.660852432250976562e+01
3.628850173950195312e+01
3.598747634887695312e+01
3.501198196411132812e+01
3.377763366699218750e+01
3.272097396850585938e+01
3.277049636840820312e+01
3.349229431152343750e+01
3.348742294311523438e+01
3.291785430908203125e+01
3.292118835449218750e+01
3.391318893432617188e+01
3.471653747558593750e+01
3.363500595092773438e+01
3.348606491088867188e+01
3.444684982299804688e+01
3.597417449951171875e+01
3.615490341186523438e+01
3.569389343261718750e+01
3.547176742553710938e+01
3.432921981811523438e+01
3.412469100952148438e+01
3.414137268066406250e+01
3.453313064575195312e+01
3.460210037231445312e+01
3.348990631103515625e+01
3.349738693237304688e+01
3.446676635742187500e+01
3.562607955932617188e+01
3.617304611206054688e+01
3.589525985717773438e+01
3.515898895263671875e+01
3.505323791503906250e+01
3.457876205444335938e+01
3.456440353393554688e+01
3.348742294311523438e+01
3.314822769165039062e+01
3.348262786865234375e+01
3.413838577270507812e+01
3.468671417236328125e+01
3.434490203857421875e+01
3.483399581909179688e+01
3.544085693359375000e+01
3.575730895996093750e+01
3.591852569580078125e+01
3.525307464599609375e+01
3.472598648071289062e+01
3.420621871948242188e+01
3.371521377563476562e+01
3.360473251342773438e+01
3.416069030761718750e+01
3.363535308837890625e+01
3.350378417968750000e+01
3.212878036499023438e+01
3.242579650878906250e+01
3.163949584960937500e+01
3.241693878173828125e+01
3.273566055297851562e+01
3.373849105834960938e+01
3.401296234130859375e+01
3.391423797607421875e+01
3.345818710327148438e+01
3.306583786010742188e+01
3.352387619018554688e+01
3.354181289672851562e+01
3.418590545654296875e+01
3.330609130859375000e+01
3.354916381835937500e+01
3.284461593627929688e+01
3.277272796630859375e+01
3.319535827636718750e+01
3.368981933593750000e+01
3.316825103759765625e+01
3.269487762451171875e+01
3.295917510986328125e+01
3.375024032592773438e+01
3.389464950561523438e+01
3.395284652709960938e+01
3.286780929565429688e+01
3.324310684204101562e+01
3.278422546386718750e+01
3.373011779785156250e+01
3.388299560546875000e+01
3.413811492919921875e+01
3.371401596069335938e+01
3.381486892700195312e+01
3.302042007446289062e+01
3.339958953857421875e+01
3.325912094116210938e+01
3.377920913696289062e+01
3.286666870117187500e+01
3.317948532104492188e+01
3.332815551757812500e+01
3.352000808715820312e+01
3.298929595947265625e+01
3.208287048339843750e+01
3.181401443481445312e+01
3.193646049499511719e+01
3.307920837402343750e+01
3.403655624389648438e+01
3.456353759765625000e+01
3.357355880737304688e+01
3.353304672241210938e+01
3.363062286376953125e+01
3.464586639404296875e+01
3.455648803710937500e+01
3.480108642578125000e+01
3.477617645263671875e+01
3.464883804321289062e+01
3.398830413818359375e+01
3.400347900390625000e+01
3.425534439086914062e+01
3.553073501586914062e+01
3.485825347900390625e+01
3.505434799194335938e+01
3.422406005859375000e+01
3.458082199096679688e+01
3.452258300781250000e+01
3.389815521240234375e+01
3.356013107299804688e+01
3.350592422485351562e+01
3.314875793457031250e+01
3.272632217407226562e+01
3.242698287963867188e+01
3.262545776367187500e+01
3.253868103027343750e+01
3.177112579345703125e+01
3.103626060485839844e+01
3.214316558837890625e+01
3.272222518920898438e+01
3.290830993652343750e+01
3.232933044433593750e+01
3.177626991271972656e+01
3.183193016052246094e+01
3.233836746215820312e+01
3.273855209350585938e+01
3.341454696655273438e+01
3.336137771606445312e+01
3.314033508300781250e+01
3.251409912109375000e+01
3.179507827758789062e+01
3.210105133056640625e+01
3.280423736572265625e+01
3.329106903076171875e+01
3.275757980346679688e+01
3.261304855346679688e+01
3.265533447265625000e+01
3.276937484741210938e+01
3.222570037841796875e+01
3.145967674255371094e+01
3.118695831298828125e+01
3.084123992919921875e+01
3.114373588562011719e+01
3.118775939941406250e+01
3.147868156433105469e+01
3.210483169555664062e+01
3.204076766967773438e+01
3.184487533569335938e+01
3.063146591186523438e+01
3.079096794128417969e+01
3.163182830810546875e+01
3.217345046997070312e+01
3.183333587646484375e+01
3.133991432189941406e+01
3.139948272705078125e+01
3.213394165039062500e+01
3.297461700439453125e+01
3.280937576293945312e+01
3.300041961669921875e+01
3.238123703002929688e+01
3.178988456726074219e+01
3.117230796813964844e+01
3.105329513549804688e+01
3.117031288146972656e+01
3.110186767578125000e+01
3.105436515808105469e+01
3.119941139221191406e+01
3.147221755981445312e+01
3.100877571105957031e+01
3.119830703735351562e+01
3.120597457885742188e+01
3.211444473266601562e+01
3.206976699829101562e+01
3.110412406921386719e+01
2.992873382568359375e+01
2.952433776855468750e+01
3.053058433532714844e+01
3.084120750427246094e+01
3.184617805480957031e+01
3.163135147094726562e+01
3.247848892211914062e+01
3.198032188415527344e+01
3.215686035156250000e+01
3.178941917419433594e+01
3.228294372558593750e+01
3.239963150024414062e+01
3.181531715393066406e+01
3.136519432067871094e+01
3.076621246337890625e+01
3.118401718139648438e+01
3.264543914794921875e+01
3.327400207519531250e+01
3.418604660034179688e+01
3.381432723999023438e+01
3.336842346191406250e+01
3.302322006225585938e+01
3.215407180786132812e+01
3.155951118469238281e+01
3.049424171447753906e+01
3.035913085937500000e+01
3.042845344543457031e+01
3.172175407409667969e+01
3.209848403930664062e+01
3.184168052673339844e+01
3.060364913940429688e+01
3.068581581115722656e+01
3.142513847351074219e+01
3.195589637756347656e+01
3.253039550781250000e+01
3.217414093017578125e+01
3.216452407836914062e+01
3.177373886108398438e+01
3.165338134765625000e+01
3.171694564819335938e+01
3.217914581298828125e+01
3.280912017822265625e+01
3.229296875000000000e+01
3.143780708312988281e+01
3.036797904968261719e+01
3.011470222473144531e+01
3.023099899291992188e+01
3.003964233398437500e+01
3.121077728271484375e+01
3.175887489318847656e+01
3.183330345153808594e+01
3.138898658752441406e+01
3.112701225280761719e+01
3.113643074035644531e+01
3.074465942382812500e+01
3.061594390869140625e+01
3.106573295593261719e+01
3.132344055175781250e+01
3.158226966857910156e+01
3.134724426269531250e+01
3.096651840209960938e+01
3.088036537170410156e+01
3.186878967285156250e+01
3.215357971191406250e+01
3.187873840332031250e+01
3.082148933410644531e+01
3.020232391357421875e+01
3.012894058227539062e+01
3.068902969360351562e+01
3.034431838989257812e+01
3.019965744018554688e+01
3.022369194030761719e+01
3.061116409301757812e+01
3.057265281677246094e+01
3.012394142150878906e+01
2.993581008911132812e+01
2.970162582397460938e+01
3.000169372558593750e+01
3.012149810791015625e+01
3.089580535888671875e+01
3.146579551696777344e+01
3.126505661010742188e+01
3.126305961608886719e+01
3.071695709228515625e+01
3.081662559509277344e+01
3.087571907043457031e+01
3.128487968444824219e+01
3.195179939270019531e+01
3.175289344787597656e+01
3.155918884277343750e+01
3.064605712890625000e+01
3.081079483032226562e+01
3.070962142944335938e+01
3.105666542053222656e+01
3.131912994384765625e+01
3.244229125976562500e+01
3.269356155395507812e+01
3.220431137084960938e+01
3.114306259155273438e+01
2.998927307128906250e+01
3.029975509643554688e+01
3.073391342163085938e+01
3.091996383666992188e+01
3.065807914733886719e+01
3.068929862976074219e+01
3.059104728698730469e+01
3.039104843139648438e+01
2.989812850952148438e+01
2.990217971801757812e+01
3.024506568908691406e+01
3.134794998168945312e+01
3.186768722534179688e+01
3.206763458251953125e+01
3.094241714477539062e+01
3.076270294189453125e+01
3.061654472351074219e+01
3.074916267395019531e+01
3.040392684936523438e+01
3.015527725219726562e+01
2.992921066284179688e+01
3.026724624633789062e+01
3.103858566284179688e+01
3.117516136169433594e+01
3.120947265625000000e+01
3.101475524902343750e+01
3.108803558349609375e+01
3.034573936462402344e+01
2.934657669067382812e+01
2.799429893493652344e+01
2.857663726806640625e+01
2.902915191650390625e+01
2.968377304077148438e+01
3.064974975585937500e+01
3.103676223754882812e+01
3.197332000732421875e+01
3.118393325805664062e+01
3.067659187316894531e+01
3.009351348876953125e+01
2.985301971435546875e+01
2.957713699340820312e+01
2.943002319335937500e+01
2.947633934020996094e+01
3.029774284362792969e+01
3.034242057800292969e+01
3.047895050048828125e+01
3.081434631347656250e+01
3.128256034851074219e+01
3.097529983520507812e+01
3.030000495910644531e+01
2.998264312744140625e+01
2.967925262451171875e+01
2.971219825744628906e+01
2.925020217895507812e+01
2.977968025207519531e+01
2.903774261474609375e+01
2.928693580627441406e+01
2.947381591796875000e+01
2.963694000244140625e+01
2.919204330444335938e+01
2.885757255554199219e+01
2.962503242492675781e+01
3.071825599670410156e+01
2.959204101562500000e+01
2.868658638000488281e+01
2.801187515258789062e+01
2.907474708557128906e+01
3.040563201904296875e+01
2.980736160278320312e+01
2.845346260070800781e+01
2.764378738403320312e+01
2.783781433105468750e+01
2.941017913818359375e+01
3.012560462951660156e+01
3.094239234924316406e+01
3.095243072509765625e+01
3.047309112548828125e+01
2.956152534484863281e+01
2.872064971923828125e+01
2.836470603942871094e+01
2.892209625244140625e+01
2.919591712951660156e+01
2.920739746093750000e+01
2.863948631286621094e+01
2.935751533508300781e+01
3.029359817504882812e+01
3.111955642700195312e+01
3.110232543945312500e+01
3.064303016662597656e+01
2.982487869262695312e+01
2.895402526855468750e+01
2.994041442871093750e+01
3.063725852966308594e+01
3.034876251220703125e+01
2.965919494628906250e+01
2.993888092041015625e+01
2.984343338012695312e+01
2.994699478149414062e+01
2.942012023925781250e+01
2.962682533264160156e+01
2.921827507019042969e+01
2.944321060180664062e+01
2.941973876953125000e+01
2.900001144409179688e+01
2.901053047180175781e+01
2.874849700927734375e+01
2.906658554077148438e+01
2.912114906311035156e+01
2.947179985046386719e+01
2.975541496276855469e+01
3.062660789489746094e+01
3.091090965270996094e+01
3.100507926940917969e+01
3.007614517211914062e+01
2.967972755432128906e+01
2.954796218872070312e+01
3.050678443908691406e+01
3.154857254028320312e+01
3.177262496948242188e+01
3.129622459411621094e+01
3.161913299560546875e+01
3.132762718200683594e+01
2.971778869628906250e+01
2.888568878173828125e+01
2.914758491516113281e+01
2.895226860046386719e+01
2.827713966369628906e+01
2.826726531982421875e+01
2.924051856994628906e+01
3.103037834167480469e+01
3.156852149963378906e+01
3.172131156921386719e+01
3.081266784667968750e+01
2.964264678955078125e+01
2.928881263732910156e+01
2.912201881408691406e+01
2.979928207397460938e+01
3.013755035400390625e+01
3.068437385559082031e+01
3.080323028564453125e+01
3.049939537048339844e+01
2.998438262939453125e+01
3.007278060913085938e+01
3.016752243041992188e+01
3.055895805358886719e+01
3.048092269897460938e+01
3.105488204956054688e+01
3.091085433959960938e+01
3.093388748168945312e+01
3.079178237915039062e+01
3.075232505798339844e+01
3.093111228942871094e+01
3.103295135498046875e+01
3.182942390441894531e+01
3.158659553527832031e+01
3.217090606689453125e+01
3.230913162231445312e+01
3.193945312500000000e+01
3.198274230957031250e+01
3.140975761413574219e+01
3.105750083923339844e+01
2.964321517944335938e+01
2.965997695922851562e+01
3.024260139465332031e+01
2.981315612792968750e+01
2.889209556579589844e+01
2.874718856811523438e+01
2.961306953430175781e+01
3.015759086608886719e+01
3.045073509216308594e+01
3.010540199279785156e+01
3.072580718994140625e+01
3.119155311584472656e+01
3.085126686096191406e+01
3.021846771240234375e+01
2.908071517944335938e+01
2.958565711975097656e+01
2.914984321594238281e+01
2.957759094238281250e+01
2.950420570373535156e+01
3.040683555603027344e+01
3.053359794616699219e+01
3.001276588439941406e+01
2.998641014099121094e+01
3.100980377197265625e+01
3.198333549499511719e+01
3.272949981689453125e+01
3.195053863525390625e+01
3.180047416687011719e+01
3.122891044616699219e+01
3.050821685791015625e+01
2.958291435241699219e+01
2.963995552062988281e+01
3.007172775268554688e+01
3.048960685729980469e+01
2.980718421936035156e+01
2.897990798950195312e+01
2.848540115356445312e+01
2.872635459899902344e+01
2.930895423889160156e+01
3.012737846374511719e+01
3.102099800109863281e+01
3.076032829284667969e+01
3.018489837646484375e+01
2.945951652526855469e+01
2.963237190246582031e+01
3.012210083007812500e+01
3.051526069641113281e+01
3.096597671508789062e+01
3.135650253295898438e+01
3.090072441101074219e+01
3.035423278808593750e+01
2.986365699768066406e+01
2.962296676635742188e+01
2.967345237731933594e+01
2.935510826110839844e+01
2.936851310729980469e+01
2.950146675109863281e+01
3.030384635925292969e+01
3.051256179809570312e+01
3.106874656677246094e+01
3.043914604187011719e+01
3.022871971130371094e+01
3.004344940185546875e+01
2.939269638061523438e+01
2.896433448791503906e+01
2.931919670104980469e+01
3.013106346130371094e+01
3.090788650512695312e+01
3.097178649902343750e+01
3.069797706604003906e+01
3.101018524169921875e+01
3.132730484008789062e+01
3.189478874206542969e+01
3.217824935913085938e+01
3.135426330566406250e+01
3.087039375305175781e+01
3.027277946472167969e+01
3.058659172058105469e+01
3.030351257324218750e+01
3.108455085754394531e+01
3.188882255554199219e+01
3.297302246093750000e+01
3.247333145141601562e+01
3.168858146667480469e+01
3.064392471313476562e+01
3.091186141967773438e+01
3.138664054870605469e+01
3.235692596435546875e+01
3.197194671630859375e+01
3.196254730224609375e+01
3.172819519042968750e+01
3.069271087646484375e+01
2.992268371582031250e+01
3.005185699462890625e+01
3.114679527282714844e+01
3.112238693237304688e+01
3.050450515747070312e+01
3.038406944274902344e+01
3.088502502441406250e+01
3.088939094543457031e+01
3.085505104064941406e+01
3.093243408203125000e+01
3.116914558410644531e+01
3.168944358825683594e+01
3.271398162841796875e+01
3.257750320434570312e+01
3.143412208557128906e+01
3.065341949462890625e+01
3.117288780212402344e+01
3.144681358337402344e+01
3.073861122131347656e+01
3.087161064147949219e+01
3.043260765075683594e+01
3.125822448730468750e+01
3.242552566528320312e+01
3.318953323364257812e+01
3.282080078125000000e+01
3.056617736816406250e+01
3.008186912536621094e+01
2.964662170410156250e+01
3.051004981994628906e+01
3.028874206542968750e+01
3.097505760192871094e+01
3.175838661193847656e+01
3.270766067504882812e+01
3.297624588012695312e+01
3.288679885864257812e+01
3.242811584472656250e+01
3.075248146057128906e+01
3.084872245788574219e+01
3.079297637939453125e+01
3.101111221313476562e+01
3.040305519104003906e+01
3.057566642761230469e+01
3.039028167724609375e+01
2.931886482238769531e+01
2.921920394897460938e+01
2.963725280761718750e+01
3.079132461547851562e+01
3.068795776367187500e+01
3.124366760253906250e+01
3.120688629150390625e+01
3.201773452758789062e+01
3.236220932006835938e+01
3.249688339233398438e+01
3.228097152709960938e+01
3.200924301147460938e+01
3.160754394531250000e+01
3.110061264038085938e+01
3.040534973144531250e+01
3.011488723754882812e+01
3.022689819335937500e+01
3.076104736328125000e+01
3.095893478393554688e+01
3.027594757080078125e+01
2.992607498168945312e+01
2.934782600402832031e+01
2.923495292663574219e+01
2.960652732849121094e+01
3.106332969665527344e+01
3.133755111694335938e+01
3.110384559631347656e+01
2.975585365295410156e+01
2.965519905090332031e+01
2.924650382995605469e+01
3.016925239562988281e+01
3.064726066589355469e+01
3.074435043334960938e+01
3.031287193298339844e+01
3.059502601623535156e+01
3.097045707702636719e+01
3.142924499511718750e+01
3.044543647766113281e+01
3.007043266296386719e+01
3.047554969787597656e+01
3.119658660888671875e+01
3.126794815063476562e+01
3.168095779418945312e+01
3.173294639587402344e+01
3.138754463195800781e+01
3.023481178283691406e+01
3.017057991027832031e+01
3.055687141418457031e+01
3.004310417175292969e+01
3.026943969726562500e+01
3.074808883666992188e+01
3.107410240173339844e+01
3.130254745483398438e+01
3.121936035156250000e+01
3.216667556762695312e+01
3.162664604187011719e+01
3.190669250488281250e+01
3.201079177856445312e+01
3.231360244750976562e+01
3.200502777099609375e+01
3.105091667175292969e+01
3.110977172851562500e+01
3.086869430541992188e+01
3.165083503723144531e+01
3.251168060302734375e+01
3.365397262573242188e+01
3.380848312377929688e+01
3.266245269775390625e+01
3.238581848144531250e+01
3.220443725585937500e+01
3.268830871582031250e+01
3.265045166015625000e+01
3.249567794799804688e+01
3.237779235839843750e+01
3.221339416503906250e+01
3.197158241271972656e+01
3.150109863281250000e+01
3.200844573974609375e+01
3.159589958190917969e+01
3.119226837158203125e+01
3.125053596496582031e+01
3.169900321960449219e+01
3.173776626586914062e+01
3.087769889831542969e+01
2.998635673522949219e+01
2.998670959472656250e+01
2.884626770019531250e+01
2.897075271606445312e+01
2.893750762939453125e+01
3.036719703674316406e+01
3.026148796081542969e+01
3.022235870361328125e+01
3.053287696838378906e+01
3.090371322631835938e+01
3.116082382202148438e+01
3.054341125488281250e+01
3.073573493957519531e+01
3.036677932739257812e+01
3.100755882263183594e+01
3.170024490356445312e+01
3.165127754211425781e+01
3.109262657165527344e+01
3.101615905761718750e+01
3.058448219299316406e+01
3.094807624816894531e+01
3.027569580078125000e+01
3.027432060241699219e+01
2.922361373901367188e+01
2.892601776123046875e+01
3.012058830261230469e+01
3.174797821044921875e+01
3.220513916015625000e+01
3.142649650573730469e+01
3.080273818969726562e+01
3.081704139709472656e+01
3.098382759094238281e+01
3.009979438781738281e+01
2.995810127258300781e+01
2.987266731262207031e+01
3.041063308715820312e+01
3.051200103759765625e+01
3.064968109130859375e+01
3.033625221252441406e+01
3.093661117553710938e+01
3.148712158203125000e+01
3.206386947631835938e+01
3.211318588256835938e+01
3.173452758789062500e+01
3.091571998596191406e+01
3.042288208007812500e+01
3.061158180236816406e+01
3.082946205139160156e+01
3.099541473388671875e+01
3.084272956848144531e+01
3.162609863281250000e+01
3.148853874206542969e+01
3.206336212158203125e+01
3.072722434997558594e+01
3.034851837158203125e+01
3.001962471008300781e+01
3.067230606079101562e+01
3.103406143188476562e+01
3.149638748168945312e+01
3.223683929443359375e+01
3.308400726318359375e+01
3.338363647460937500e+01
3.243717193603515625e+01
3.152569961547851562e+01
3.102679443359375000e+01
3.087921714782714844e+01
3.058475875854492188e+01
3.059084701538085938e+01
3.027567100524902344e+01
2.928548431396484375e+01
2.934350204467773438e+01
3.045083808898925781e+01
3.196810913085937500e+01
3.251866531372070312e+01
3.163561439514160156e+01
3.105923652648925781e+01
3.029316520690917969e+01
3.039065933227539062e+01
3.074173355102539062e+01
3.104159355163574219e+01
3.123607826232910156e+01
3.089335823059082031e+01
3.106082725524902344e+01
3.162284278869628906e+01
3.181615638732910156e+01
3.159355163574218750e+01
3.182287597656250000e+01
3.259621047973632812e+01
3.194879341125488281e+01
3.171683311462402344e+01
3.150104331970214844e+01
3.064775085449218750e+01
3.001277923583984375e+01
2.960643768310546875e+01
3.022434616088867188e+01
3.083653640747070312e+01
3.118351936340332031e+01
3.230732727050781250e+01
3.314838027954101562e+01
3.345148086547851562e+01
3.207895660400390625e+01
3.162643623352050781e+01
3.174899101257324219e+01
3.245188903808593750e+01
3.163035964965820312e+01
3.159111595153808594e+01
3.152616500854492188e+01
3.117268753051757812e+01
3.079148674011230469e+01
3.018139076232910156e+01
2.990749549865722656e+01
3.094714927673339844e+01
3.158946609497070312e+01
3.158778762817382812e+01
3.031200408935546875e+01
2.922709465026855469e+01
2.899059104919433594e+01
2.958911323547363281e+01
2.945708084106445312e+01
3.016868019104003906e+01
3.122316169738769531e+01
3.198651695251464844e+01
3.178952217102050781e+01
3.105708694458007812e+01
3.056486701965332031e+01
3.053276252746582031e+01
3.039374542236328125e+01
3.083274650573730469e+01
3.052040100097656250e+01
3.066656494140625000e+01
3.066737174987792969e+01
3.132021522521972656e+01
3.168572616577148438e+01
3.106533622741699219e+01
3.009330558776855469e+01
3.109157943725585938e+01
3.192901420593261719e+01
3.269720458984375000e+01
3.205585479736328125e+01
3.321828079223632812e+01
3.306692886352539062e+01
3.302718353271484375e+01
3.152186393737792969e+01
3.163204002380371094e+01
3.119091415405273438e+01
3.092132759094238281e+01
3.167084693908691406e+01
3.105117607116699219e+01
3.060788726806640625e+01
2.964419937133789062e+01
2.896175956726074219e+01
2.910161781311035156e+01
2.967799186706542969e+01
3.232193374633789062e+01
3.205345916748046875e+01
3.089822387695312500e+01
3.049761581420898438e+01
3.157701110839843750e+01
3.250411605834960938e+01
3.185052490234375000e+01
3.135259628295898438e+01
3.005962562561035156e+01
2.941503143310546875e+01
3.011161422729492188e+01
3.177888679504394531e+01
3.313433456420898438e+01
3.352483749389648438e+01
3.441254425048828125e+01
3.383245849609375000e+01
3.337515258789062500e+01
3.161732864379882812e+01
3.029731178283691406e+01
2.887103080749511719e+01
2.885957717895507812e+01
2.907563781738281250e+01
2.946900367736816406e+01
2.919742774963378906e+01
2.869027328491210938e+01
2.880369567871093750e+01
2.940633201599121094e+01
2.994193077087402344e+01
3.002741813659667969e+01
2.936446571350097656e+01
2.913536453247070312e+01
2.876111030578613281e+01
2.952102661132812500e+01
2.975687217712402344e+01
3.028631782531738281e+01
3.011467933654785156e+01
2.967242622375488281e+01
3.038037681579589844e+01
3.059195327758789062e+01
3.086137390136718750e+01
3.075600433349609375e+01
2.924882888793945312e+01
2.858700180053710938e+01
2.740262603759765625e+01
2.864477920532226562e+01
2.921280670166015625e+01
3.063634872436523438e+01
3.100359725952148438e+01
3.082879447937011719e+01
3.021866989135742188e+01
3.020748710632324219e+01
3.105093002319335938e+01
3.213819885253906250e+01
3.268043136596679688e+01
3.090887641906738281e+01
2.988274383544921875e+01
2.917022323608398438e+01
3.074110794067382812e+01
2.999827957153320312e+01
2.907795715332031250e+01
2.791654968261718750e+01
2.893605232238769531e+01
2.926750564575195312e+01
2.915517997741699219e+01
2.811072540283203125e+01
2.975496482849121094e+01
2.988539314270019531e+01
3.018363189697265625e+01
2.984747314453125000e+01
3.114846229553222656e+01
3.170218276977539062e+01
3.220038223266601562e+01
3.082577896118164062e+01
2.921959877014160156e+01
2.797021293640136719e+01
2.982077217102050781e+01
3.136226463317871094e+01
3.193113899230957031e+01
2.882967758178710938e+01
2.655291175842285156e+01
2.618707466125488281e+01
2.714794540405273438e+01
2.698580551147460938e+01
2.693620872497558594e+01
2.826246261596679688e+01
2.963603973388671875e+01
3.092028999328613281e+01
2.920766639709472656e+01
2.779701614379882812e+01
2.583906745910644531e+01
2.648106575012207031e+01
2.742168998718261719e+01
2.973677444458007812e+01
3.002896308898925781e+01
2.901931381225585938e+01
2.760451889038085938e+01
2.643888854980468750e+01
2.841311836242675781e+01
3.124542999267578125e+01
3.249585342407226562e+01
3.145155143737792969e+01
2.945707130432128906e+01
2.899314880371093750e+01
2.835575294494628906e+01
2.941836929321289062e+01
3.002803802490234375e+01
3.162280654907226562e+01
3.119173622131347656e+01
2.929478073120117188e+01
2.827301216125488281e+01
2.685140609741210938e+01
2.818173027038574219e+01
2.685242843627929688e+01
2.991653823852539062e+01
3.097040557861328125e+01
3.288306045532226562e+01
3.051016807556152344e+01
3.010530090332031250e+01
2.960899734497070312e+01
2.963961791992187500e+01
2.820455551147460938e+01
2.902564048767089844e+01
2.927610778808593750e+01
3.120179557800292969e+01
2.972395896911621094e+01
2.996284675598144531e+01
2.827456474304199219e+01
2.681278228759765625e+01
2.882855033874511719e+01
2.987735366821289062e+01
3.307557296752929688e+01
3.191673469543457031e+01
3.221278762817382812e+01
3.007337379455566406e+01
2.941716194152832031e+01
2.987044906616210938e+01
2.869276428222656250e+01
2.725192260742187500e+01
2.612490272521972656e+01
2.749498558044433594e+01
2.953937149047851562e+01
3.083774948120117188e+01
3.015249824523925781e+01
2.984372520446777344e+01
3.120987510681152344e+01
3.203763961791992188e+01
3.182108688354492188e+01
3.172207450866699219e+01
3.299423217773437500e+01
3.367420196533203125e+01
3.333443069458007812e+01
3.325087356567382812e+01
3.434005355834960938e+01
3.353060150146484375e+01
3.247157287597656250e+01
3.148736763000488281e+01
3.014342498779296875e+01
2.944172286987304688e+01
2.984014320373535156e+01
3.187437248229980469e+01
3.205366134643554688e+01
3.078833198547363281e+01
3.108582878112792969e+01
3.148153495788574219e+01
3.169029426574707031e+01
3.266072463989257812e+01
3.278807449340820312e+01
3.108830642700195312e+01
2.998543930053710938e+01
3.123710441589355469e+01
3.170352745056152344e+01
3.156076431274414062e+01
3.238615798950195312e+01
3.207273864746093750e+01
3.231375503540039062e+01
3.331068801879882812e+01
3.334963989257812500e+01
3.317190933227539062e+01
3.344286346435546875e+01
3.257126617431640625e+01
3.226562118530273438e+01
3.262563705444335938e+01
3.170682144165039062e+01
3.022636413574218750e+01
3.010654067993164062e+01
3.004088783264160156e+01
3.037069320678710938e+01
3.065322303771972656e+01
2.999611473083496094e+01
2.987962913513183594e+01
3.038467597961425781e+01
3.125797080993652344e+01
3.232895660400390625e+01
3.257294845581054688e+01
3.136374855041503906e+01
3.014798355102539062e+01
3.027299499511718750e+01
2.952650642395019531e+01
2.822818946838378906e+01
2.819003868103027344e+01
2.902439880371093750e+01
2.958323287963867188e+01
2.993216514587402344e+01
3.182102584838867188e+01
3.132698631286621094e+01
3.007665252685546875e+01
2.967108917236328125e+01
3.037168502807617188e+01
2.948217964172363281e+01
3.050802612304687500e+01
3.029693412780761719e+01
3.017659759521484375e+01
2.918770790100097656e+01
3.075968551635742188e+01
3.096919441223144531e+01
3.041688346862792969e+01
2.926068115234375000e+01
2.876563644409179688e+01
2.948216056823730469e+01
3.120031547546386719e+01
3.132412147521972656e+01
2.951923561096191406e+01
2.926567649841308594e+01
2.957859992980957031e+01
2.908279991149902344e+01
2.862960815429687500e+01
2.968035125732421875e+01
3.076382064819335938e+01
2.981376075744628906e+01
2.890718460083007812e+01
2.872744750976562500e+01
3.018568229675292969e+01
3.078770446777343750e+01
3.044768905639648438e+01
3.072770118713378906e+01
3.080518531799316406e+01
3.098962593078613281e+01
3.132560539245605469e+01
3.133979415893554688e+01
3.089914131164550781e+01
3.042110443115234375e+01
3.025298500061035156e+01
2.920619583129882812e+01
2.944591903686523438e+01
2.983122825622558594e+01
3.068222618103027344e+01
2.973335647583007812e+01
2.917034912109375000e+01
2.992018127441406250e+01
3.107655906677246094e+01
3.033271026611328125e+01
3.068540954589843750e+01
3.210543441772460938e+01
3.228958129882812500e+01
3.133771705627441406e+01
3.039859199523925781e+01
3.021874046325683594e+01
3.084851455688476562e+01
3.126289558410644531e+01
3.204930877685546875e+01
3.214506530761718750e+01
3.027574920654296875e+01
2.940001869201660156e+01
2.917049026489257812e+01
2.984511375427246094e+01
2.972907447814941406e+01
3.029479026794433594e+01
3.076351165771484375e+01
3.060041999816894531e+01
2.982984161376953125e+01
2.897285461425781250e+01
2.917050361633300781e+01
2.984039115905761719e+01
3.005554199218750000e+01
2.940106010437011719e+01
2.966209983825683594e+01
2.965489006042480469e+01
2.921011543273925781e+01
2.871320343017578125e+01
2.945481300354003906e+01
3.024599456787109375e+01
2.993859863281250000e+01
2.915865898132324219e+01
2.883806991577148438e+01
3.056722831726074219e+01
3.020069694519042969e+01
3.044564437866210938e+01
2.945600318908691406e+01
2.897659683227539062e+01
2.851805305480957031e+01
2.972651290893554688e+01
3.067484474182128906e+01
3.153337478637695312e+01
3.177969360351562500e+01
3.151285934448242188e+01
3.159406089782714844e+01
3.123011779785156250e+01
3.041155052185058594e+01
2.981473922729492188e+01
3.002256393432617188e+01
3.020967292785644531e+01
3.054170989990234375e+01
3.076472473144531250e+01
3.101617240905761719e+01
3.052110862731933594e+01
2.943129539489746094e+01
2.898707389831542969e+01
2.936152267456054688e+01
2.976688003540039062e+01
2.985435676574707031e+01
2.942603683471679688e+01
2.889782142639160156e+01
2.898274421691894531e+01
2.900463104248046875e+01
2.975714874267578125e+01
3.048864173889160156e+01
3.038620758056640625e+01
3.014628410339355469e+01
3.001171684265136719e+01
2.957511329650878906e+01
3.064331245422363281e+01
3.132043266296386719e+01
3.128339767456054688e+01
3.138573455810546875e+01
3.080408668518066406e+01
3.010854148864746094e+01
2.902765274047851562e+01
2.869346237182617188e+01
2.955205345153808594e+01
3.091110992431640625e+01
3.121050834655761719e+01
3.076439857482910156e+01
3.013866043090820312e+01
3.012033653259277344e+01
3.022308540344238281e+01
3.043392372131347656e+01
3.021523475646972656e+01
2.999728965759277344e+01
2.904709434509277344e+01
2.798088455200195312e+01
2.877784729003906250e+01
2.931160354614257812e+01
2.926504707336425781e+01
3.002823638916015625e+01
3.025857925415039062e+01
3.038850212097167969e+01
2.924799156188964844e+01
2.918182182312011719e+01
2.899908828735351562e+01
2.899732780456542969e+01
2.899090385437011719e+01
2.959478569030761719e+01
2.840904235839843750e+01
2.741928672790527344e+01
2.777131462097167969e+01
2.916944313049316406e+01
2.925396919250488281e+01
2.837909889221191406e+01
2.773051834106445312e+01
2.707547569274902344e+01
2.839682006835937500e+01
3.042375373840332031e+01
3.163666343688964844e+01
2.997629547119140625e+01
2.999818801879882812e+01
2.990979385375976562e+01
2.978701210021972656e+01
2.981493568420410156e+01
3.062757492065429688e+01
3.047656822204589844e+01
2.972815132141113281e+01
2.855771636962890625e+01
2.892552185058593750e+01
2.929655075073242188e+01
2.986297225952148438e+01
2.988172912597656250e+01
3.022319412231445312e+01
3.027413940429687500e+01
3.065744209289550781e+01
3.069947624206542969e+01
2.920204353332519531e+01
2.914346504211425781e+01
2.951392173767089844e+01
2.975833511352539062e+01
2.933466911315917969e+01
2.872643280029296875e+01
2.853562736511230469e+01
3.024865913391113281e+01
3.019516563415527344e+01
2.876883506774902344e+01
2.712342453002929688e+01
2.809904670715332031e+01
2.952186012268066406e+01
2.946306419372558594e+01
2.870700263977050781e+01
2.912026596069335938e+01
2.908194923400878906e+01
2.892542457580566406e+01
2.935355758666992188e+01
2.962888145446777344e+01
2.946529769897460938e+01
2.936988639831542969e+01
2.811030960083007812e+01
2.711792945861816406e+01
2.741628837585449219e+01
2.865052223205566406e+01
2.924749183654785156e+01
3.016840934753417969e+01
3.064407539367675781e+01
3.093148612976074219e+01
2.943447494506835938e+01
2.799314308166503906e+01
2.779339408874511719e+01
2.765827369689941406e+01
2.835799789428710938e+01
2.993021774291992188e+01
3.082589340209960938e+01
3.033706474304199219e+01
2.925868606567382812e+01
2.766436195373535156e+01
2.721119880676269531e+01
2.788711929321289062e+01
2.884012031555175781e+01
2.880205154418945312e+01
3.065997505187988281e+01
3.117966270446777344e+01
3.012207412719726562e+01
2.942869758605957031e+01
2.897941207885742188e+01
2.806665802001953125e+01
2.786587142944335938e+01
2.716713523864746094e+01
2.760572433471679688e+01
2.867158889770507812e+01
2.902801513671875000e+01
2.887773895263671875e+01
2.785843467712402344e+01
2.772481155395507812e+01
2.919754600524902344e+01
2.958038711547851562e+01
2.993391036987304688e+01
3.060446548461914062e+01
3.127421569824218750e+01
2.993222045898437500e+01
2.846629142761230469e+01
2.895864295959472656e+01
2.926443862915039062e+01
2.832741355895996094e+01
2.892184638977050781e+01
2.974972152709960938e+01
2.913829421997070312e+01
2.968840408325195312e+01
2.990015029907226562e+01
2.937382125854492188e+01
2.941480445861816406e+01
2.935790252685546875e+01
2.781728935241699219e+01
2.728173637390136719e+01
2.798871994018554688e+01
2.858925056457519531e+01
2.800327873229980469e+01
2.747513771057128906e+01
2.777844810485839844e+01
2.775858116149902344e+01
2.740246963500976562e+01
2.738402748107910156e+01
2.909146308898925781e+01
2.987952995300292969e+01
3.003486824035644531e+01
2.912904548645019531e+01
2.868948173522949219e+01
2.771426200866699219e+01
2.840440940856933594e+01
2.987877845764160156e+01
2.957624053955078125e+01
2.807728385925292969e+01
2.776172065734863281e+01
2.777326393127441406e+01
2.832374763488769531e+01
2.872930145263671875e+01
2.857045745849609375e+01
2.857286453247070312e+01
2.932714271545410156e+01
2.930028533935546875e+01
2.933961868286132812e+01
2.856228637695312500e+01
2.845951843261718750e+01
2.918582153320312500e+01
2.955745506286621094e+01
2.916096496582031250e+01
2.914881515502929688e+01
2.833530235290527344e+01
2.758959770202636719e+01
2.736736488342285156e+01
2.781247711181640625e+01
2.845563316345214844e+01
2.904006958007812500e+01
2.937817764282226562e+01
2.965931892395019531e+01
2.935066032409667969e+01
2.911496543884277344e+01
2.867951202392578125e+01
2.898097229003906250e+01
2.824857711791992188e+01
2.735777854919433594e+01
2.736886215209960938e+01
2.710350608825683594e+01
2.625125694274902344e+01
2.695005607604980469e+01
2.837262535095214844e+01
2.927917098999023438e+01
2.947913360595703125e+01
2.965576171875000000e+01
2.869687271118164062e+01
2.837170219421386719e+01
2.963485336303710938e+01
3.012311172485351562e+01
2.937215232849121094e+01
2.743783187866210938e+01
2.652605819702148438e+01
2.758205795288085938e+01
2.740423202514648438e+01
2.669536972045898438e+01
2.710862541198730469e+01
2.821529006958007812e+01
2.856681442260742188e+01
2.838125801086425781e+01
2.928911972045898438e+01
2.993074417114257812e+01
3.009153747558593750e+01
2.877353668212890625e+01
2.816690826416015625e+01
2.774478912353515625e+01
2.715181541442871094e+01
2.663559150695800781e+01
2.828042411804199219e+01
2.904330825805664062e+01
2.875480651855468750e+01
2.797653388977050781e+01
2.792684555053710938e+01
2.770171165466308594e+01
2.747037506103515625e+01
2.808584213256835938e+01
2.832511901855468750e+01
2.764577865600585938e+01
2.793460083007812500e+01
2.952698898315429688e+01
2.856560516357421875e+01
2.857768821716308594e+01
2.696407318115234375e+01
2.717468261718750000e+01
2.823169898986816406e+01
2.833711051940917969e+01
2.760415267944335938e+01
2.745030403137207031e+01
2.735929107666015625e+01
2.668417358398437500e+01
2.634180068969726562e+01
2.704480552673339844e+01
2.806916236877441406e+01
2.722959518432617188e+01
2.648720550537109375e+01
2.713049507141113281e+01
2.743878936767578125e+01
2.732703971862792969e+01
2.607352447509765625e+01
2.604448318481445312e+01
2.563021850585937500e+01
2.644478607177734375e+01
2.701714706420898438e+01
2.807727241516113281e+01
2.798345565795898438e+01
2.651771354675292969e+01
2.585746765136718750e+01
2.635287284851074219e+01
2.736440467834472656e+01
2.794213294982910156e+01
2.706947898864746094e+01
2.829865264892578125e+01
2.880094718933105469e+01
2.877480697631835938e+01
2.743259429931640625e+01
2.754603195190429688e+01
2.801689720153808594e+01
2.833989524841308594e+01
2.859865188598632812e+01
2.866913604736328125e+01
2.915364456176757812e+01
2.949696350097656250e+01
2.809701156616210938e+01
2.702982902526855469e+01
2.660436439514160156e+01
2.722090148925781250e+01
2.819106483459472656e+01
2.868204689025878906e+01
2.856518173217773438e+01
2.803843879699707031e+01
2.653357124328613281e+01
2.558526611328125000e+01
2.853572082519531250e+01
3.103409767150878906e+01
2.967281532287597656e+01
2.808463668823242188e+01
2.766773986816406250e+01
2.743717575073242188e+01
2.744004249572753906e+01
2.627419471740722656e+01
2.634492301940917969e+01
2.705759429931640625e+01
2.713956451416015625e+01
2.767655372619628906e+01
2.769559288024902344e+01
2.772418022155761719e+01
2.725921821594238281e+01
2.726195716857910156e+01
2.700423431396484375e+01
2.612395286560058594e+01
2.540766716003417969e+01
2.602170562744140625e+01
2.590600585937500000e+01
2.658928298950195312e+01
2.753263664245605469e+01
2.779260444641113281e+01
2.764760398864746094e+01
2.877966880798339844e+01
2.896208953857421875e+01
2.755664825439453125e+01
2.658666419982910156e+01
2.618249702453613281e+01
2.730499267578125000e+01
2.703345870971679688e+01
2.636486053466796875e+01
2.535776710510253906e+01
2.530241966247558594e+01
2.533810997009277344e+01
2.615213012695312500e+01
2.666358375549316406e+01
2.657067298889160156e+01
2.731508636474609375e+01
2.799768447875976562e+01
2.744954299926757812e+01
2.723393058776855469e+01
2.669229125976562500e+01
2.495945930480957031e+01
2.496900367736816406e+01
2.641024398803710938e+01
2.628999900817871094e+01
2.701674652099609375e+01
2.759402847290039062e+01
2.665139007568359375e+01
2.694979667663574219e+01
2.891484832763671875e+01
2.909043121337890625e+01
2.752029418945312500e+01
2.729191589355468750e+01
2.597467231750488281e+01
2.534456634521484375e+01
2.677006149291992188e+01
2.776461601257324219e+01
2.697179222106933594e+01
2.624069023132324219e+01
2.690972518920898438e+01
2.774403572082519531e+01
2.744455718994140625e+01
2.647874832153320312e+01
2.538537597656250000e+01
2.500504875183105469e+01
2.531311416625976562e+01
2.564579200744628906e+01
2.514988517761230469e+01
2.613355445861816406e+01
2.774991798400878906e+01
2.768022727966308594e+01
2.695683288574218750e+01
2.633475494384765625e+01
2.692853546142578125e+01
2.727566146850585938e+01
2.691413497924804688e+01
2.518584251403808594e+01
2.472832489013671875e+01
2.573387908935546875e+01
2.634952163696289062e+01
2.724150276184082031e+01
2.769233131408691406e+01
2.795594596862792969e+01
2.722961044311523438e+01
2.572426605224609375e+01
2.472643089294433594e+01
2.491645240783691406e+01
2.512589454650878906e+01
2.534466934204101562e+01
2.546965026855468750e+01
2.499083900451660156e+01
2.550300788879394531e+01
2.558042144775390625e+01
2.467177963256835938e+01
2.459581565856933594e+01
2.501775741577148438e+01
2.590483856201171875e+01
2.615887260437011719e+01
2.591054916381835938e+01
2.556009483337402344e+01
2.573553466796875000e+01
2.605384826660156250e+01
2.553206253051757812e+01
2.612193489074707031e+01
2.555659484863281250e+01
2.535570907592773438e+01
2.568675041198730469e+01
2.561324119567871094e+01
2.499363327026367188e+01
2.583353996276855469e+01
2.468744468688964844e+01
2.320569419860839844e+01
2.337479209899902344e+01
2.409332847595214844e+01
2.479857635498046875e+01
2.528960037231445312e+01
2.535178565979003906e+01
2.518447875976562500e+01
2.520567131042480469e+01
2.551190185546875000e+01
2.654736328125000000e+01
2.575980567932128906e+01
2.475692939758300781e+01
2.523336029052734375e+01
2.484144592285156250e+01
2.478428840637207031e+01
2.548410224914550781e+01
2.627854728698730469e+01
2.581999778747558594e+01
2.651238250732421875e+01
2.623019027709960938e+01
2.528744697570800781e+01
2.463761711120605469e+01
2.441086578369140625e+01
2.593644714355468750e+01
2.643602752685546875e+01
2.569068908691406250e+01
2.534300994873046875e+01
2.548244857788085938e+01
2.542556953430175781e+01
2.613078117370605469e+01
2.642997360229492188e+01
2.611835670471191406e+01
2.596461296081542969e+01
2.565940284729003906e+01
2.563296318054199219e+01
2.578572273254394531e+01
2.549762535095214844e+01
2.402730369567871094e+01
2.435788345336914062e+01
2.508504867553710938e+01
2.488911247253417969e+01
2.437359046936035156e+01
2.513809585571289062e+01
2.537649154663085938e+01
2.543653106689453125e+01
2.661280822753906250e+01
2.633461570739746094e+01
2.594194984436035156e+01
2.637801742553710938e+01
2.557069396972656250e+01
2.460421371459960938e+01
2.449814414978027344e+01
2.539864730834960938e+01
2.615032958984375000e+01
2.604021263122558594e+01
2.562059402465820312e+01
2.429844665527343750e+01
2.311740303039550781e+01
2.361758995056152344e+01
2.456627464294433594e+01
2.349415779113769531e+01
2.461004447937011719e+01
2.618139076232910156e+01
2.572913551330566406e+01
2.511138916015625000e+01
2.463001441955566406e+01
2.424637031555175781e+01
2.517241668701171875e+01
2.528767013549804688e+01
2.469274139404296875e+01
2.382579612731933594e+01
2.486006736755371094e+01
2.608769416809082031e+01
2.584080314636230469e+01
2.537367820739746094e+01
2.581003952026367188e+01
2.560444831848144531e+01
2.464262771606445312e+01
2.501515769958496094e+01
2.491097450256347656e+01
2.477443122863769531e+01
2.564511108398437500e+01
2.554686927795410156e+01
2.484701538085937500e+01
2.518375968933105469e+01
2.502495002746582031e+01
2.540049552917480469e+01
2.485693931579589844e+01
2.379584693908691406e+01
2.401395606994628906e+01
2.469647026062011719e+01
2.464673423767089844e+01
2.433960342407226562e+01
2.539109230041503906e+01
2.523289871215820312e+01
2.350031661987304688e+01
2.393908882141113281e+01
2.501842689514160156e+01
2.509114074707031250e+01
2.652351951599121094e+01
2.748174285888671875e+01
2.643143653869628906e+01
2.577041625976562500e+01
2.454739570617675781e+01
2.323796081542968750e+01
2.345470046997070312e+01
2.335652923583984375e+01
2.343921661376953125e+01
2.385185623168945312e+01
2.441650390625000000e+01
2.406500244140625000e+01
2.333472442626953125e+01
2.447806167602539062e+01
2.609643936157226562e+01
2.547805404663085938e+01
2.345290756225585938e+01
2.290794944763183594e+01
2.398875236511230469e+01
2.469562530517578125e+01
2.492169189453125000e+01
2.487183380126953125e+01
2.427084732055664062e+01
2.514306068420410156e+01
2.564975547790527344e+01
2.478521728515625000e+01
2.399420356750488281e+01
2.360132217407226562e+01
2.464510154724121094e+01
2.500138092041015625e+01
2.363718223571777344e+01
2.262181091308593750e+01
2.378751182556152344e+01
2.535855865478515625e+01
2.493503379821777344e+01
2.530056953430175781e+01
2.500341224670410156e+01
2.394390678405761719e+01
2.487539100646972656e+01
2.577862167358398438e+01
2.549535560607910156e+01
2.484649467468261719e+01
2.344034194946289062e+01
2.362900924682617188e+01
2.430158042907714844e+01
2.395582962036132812e+01
2.432196044921875000e+01
2.442585182189941406e+01
2.433484268188476562e+01
2.431367683410644531e+01
2.434300041198730469e+01
2.442432975769042969e+01
2.442809486389160156e+01
2.409674644470214844e+01
2.444832038879394531e+01
2.522475814819335938e+01
2.491905975341796875e+01
2.512952423095703125e+01
2.459945106506347656e+01
2.414960289001464844e+01
2.346209144592285156e+01
2.316991806030273438e+01
2.446492767333984375e+01
2.447422599792480469e+01
2.421900558471679688e+01
2.486043167114257812e+01
2.505927085876464844e+01
2.561810302734375000e+01
2.619008064270019531e+01
2.489194679260253906e+01
2.405256080627441406e+01
2.443799781799316406e+01
2.419766044616699219e+01
2.373111534118652344e+01
2.275324249267578125e+01
2.329282188415527344e+01
2.369001960754394531e+01
2.346009063720703125e+01
2.578561019897460938e+01
2.719096183776855469e+01
2.600600624084472656e+01
2.409146308898925781e+01
2.293205642700195312e+01
2.290553092956542969e+01
2.434991455078125000e+01
2.420616340637207031e+01
2.410074615478515625e+01
2.276717948913574219e+01
2.135280418395996094e+01
2.306453132629394531e+01
2.528682327270507812e+01
2.566665267944335938e+01
2.565578651428222656e+01
2.604247856140136719e+01
2.440626144409179688e+01
2.208408737182617188e+01
2.218234062194824219e+01
2.402972412109375000e+01
2.357117080688476562e+01
2.231398010253906250e+01
2.293409347534179688e+01
2.351660537719726562e+01
2.268908882141113281e+01
2.190409660339355469e+01
2.207574081420898438e+01
2.302134704589843750e+01
2.276938819885253906e+01
1.962208557128906250e+01
1.902752113342285156e+01
2.155021667480468750e+01
2.268206405639648438e+01
2.303960609436035156e+01
2.422887420654296875e+01
2.646067810058593750e+01
2.498428726196289062e+01
2.009101295471191406e+01
1.971343231201171875e+01
2.176226043701171875e+01
2.241431808471679688e+01
2.141363334655761719e+01
2.155560684204101562e+01
2.116741752624511719e+01
2.109641647338867188e+01
2.338852500915527344e+01
2.383642578125000000e+01
2.379386711120605469e+01
2.492518234252929688e+01
2.477493476867675781e+01
2.566734123229980469e+01
2.305010986328125000e+01
1.923850059509277344e+01
1.915616416931152344e+01
2.036003112792968750e+01
2.176953315734863281e+01
1.970688629150390625e+01
1.882365798950195312e+01
1.977548789978027344e+01
2.039389801025390625e+01
2.101458930969238281e+01
2.030632781982421875e+01
1.984821510314941406e+01
1.989605140686035156e+01
1.934999847412109375e+01
1.991179084777832031e+01
2.099362754821777344e+01
2.120586585998535156e+01
2.229441070556640625e+01
2.542886352539062500e+01
2.407084465026855469e+01
2.488469505310058594e+01
2.589650154113769531e+01
2.619195747375488281e+01
2.332308578491210938e+01
2.013689994812011719e+01
2.004121971130371094e+01
1.976637077331542969e+01
2.414813804626464844e+01
2.566164398193359375e+01
2.727193069458007812e+01
3.105688476562500000e+01
3.137193298339843750e+01
2.270360755920410156e+01
1.552135562896728516e+01
1.770985794067382812e+01
2.529092788696289062e+01
2.634486198425292969e+01
2.297839736938476562e+01
2.476497459411621094e+01
2.467634773254394531e+01
2.711214828491210938e+01
2.785688781738281250e+01
2.403480148315429688e+01
2.496173095703125000e+01
2.306202316284179688e+01
2.301730537414550781e+01
2.279114723205566406e+01
3.097915077209472656e+01
2.679728126525878906e+01
2.056643295288085938e+01
1.838474845886230469e+01
2.151970863342285156e+01
2.672186470031738281e+01
4.336418151855468750e+01
5.661870956420898438e+01
4.022451019287109375e+01
2.656852531433105469e+01
2.849737930297851562e+01
2.436122894287109375e+01
1.946239662170410156e+01
2.014167213439941406e+01
1.100674152374267578e+01
8.258995056152343750e+00
9.864315986633300781e+00
8.242692947387695312e-01
nan
nan
