nan
nan
nan
nan
nan
nan
nan
nan
nan
nan
nan
nan
nan
nan
nan
nan
nan
nan
1.696403312683105469e+01
1.339099884033203125e+01
1.526602268218994141e+01
1.725949096679687500e+01
1.123051834106445312e+01
1.378270149230957031e+01
1.852767372131347656e+01
1.765724945068359375e+01
1.798186302185058594e+01
1.483357238769531250e+01
1.197808170318603516e+01
1.266209030151367188e+01
1.451057720184326172e+01
1.587323856353759766e+01
1.545125484466552734e+01
1.500514984130859375e+01
1.679326248168945312e+01
1.529382228851318359e+01
1.432391262054443359e+01
1.542498588562011719e+01
1.551711082458496094e+01
1.549871730804443359e+01
1.728576278686523438e+01
1.873294448852539062e+01
1.832907867431640625e+01
1.997118949890136719e+01
2.011739540100097656e+01
1.620127105712890625e+01
1.467340373992919922e+01
1.602172279357910156e+01
1.623597526550292969e+01
1.705435943603515625e+01
1.742386627197265625e+01
1.810328483581542969e+01
1.939256286621093750e+01
2.122686958312988281e+01
1.980966758728027344e+01
1.741256332397460938e+01
1.799864196777343750e+01
1.931767463684082031e+01
1.905886077880859375e+01
1.732299423217773438e+01
1.746834754943847656e+01
1.913483619689941406e+01
1.782962608337402344e+01
1.774069976806640625e+01
1.728941535949707031e+01
1.672458267211914062e+01
1.673124504089355469e+01
1.759883880615234375e+01
1.767273330688476562e+01
1.677342796325683594e+01
1.715026664733886719e+01
1.686540794372558594e+01
1.684631156921386719e+01
1.878473663330078125e+01
1.995970344543457031e+01
1.948148155212402344e+01
1.795618057250976562e+01
1.822319793701171875e+01
1.950718688964843750e+01
2.011751556396484375e+01
1.912750816345214844e+01
1.594629764556884766e+01
1.723566055297851562e+01
1.832974052429199219e+01
1.650865364074707031e+01
1.698049354553222656e+01
1.738633537292480469e+01
1.741836547851562500e+01
1.755592155456542969e+01
1.747009086608886719e+01
1.817822265625000000e+01
1.954900360107421875e+01
2.016712760925292969e+01
1.923508644104003906e+01
1.829019546508789062e+01
1.914982414245605469e+01
2.054446792602539062e+01
2.016326141357421875e+01
2.093748283386230469e+01
2.211754798889160156e+01
2.074920082092285156e+01
1.919428634643554688e+01
2.020761489868164062e+01
1.994507980346679688e+01
1.977023887634277344e+01
2.153558349609375000e+01
2.168130493164062500e+01
2.070447158813476562e+01
1.987084007263183594e+01
1.886635017395019531e+01
2.023023033142089844e+01
2.083532905578613281e+01
2.063746452331542969e+01
2.062495231628417969e+01
1.976881217956542969e+01
1.924403762817382812e+01
1.974401092529296875e+01
2.007531356811523438e+01
2.237888336181640625e+01
2.341948890686035156e+01
2.365533447265625000e+01
2.238738632202148438e+01
2.042477035522460938e+01
1.881760787963867188e+01
1.913344573974609375e+01
2.012592124938964844e+01
1.979065704345703125e+01
1.957129669189453125e+01
1.961785697937011719e+01
2.056134033203125000e+01
2.213964080810546875e+01
2.172501564025878906e+01
2.046780014038085938e+01
1.871978950500488281e+01
1.934764862060546875e+01
2.010953330993652344e+01
2.012856864929199219e+01
2.027253532409667969e+01
1.961885261535644531e+01
1.806509780883789062e+01
1.783444976806640625e+01
1.990791511535644531e+01
2.095037841796875000e+01
2.062596702575683594e+01
2.130326271057128906e+01
2.113014030456542969e+01
1.954055786132812500e+01
1.815708351135253906e+01
1.812624740600585938e+01
1.934259796142578125e+01
1.923717689514160156e+01
1.815308189392089844e+01
1.894021415710449219e+01
1.953496932983398438e+01
1.900237083435058594e+01
1.931896781921386719e+01
1.960210418701171875e+01
1.946405410766601562e+01
2.008544349670410156e+01
2.073396301269531250e+01
2.047202491760253906e+01
2.067901420593261719e+01
1.941096115112304688e+01
1.793814468383789062e+01
1.789834213256835938e+01
1.849636840820312500e+01
1.871850204467773438e+01
1.900302505493164062e+01
1.876953887939453125e+01
1.874395942687988281e+01
1.893756294250488281e+01
2.001347732543945312e+01
1.975617218017578125e+01
1.937289237976074219e+01
2.122564125061035156e+01
2.176486778259277344e+01
2.020102500915527344e+01
2.057649803161621094e+01
2.051067543029785156e+01
1.901142883300781250e+01
1.819819068908691406e+01
1.835054969787597656e+01
1.862609863281250000e+01
1.932592773437500000e+01
2.095187187194824219e+01
2.076784324645996094e+01
2.023387527465820312e+01
1.968326187133789062e+01
1.894841003417968750e+01
1.887863159179687500e+01
1.909183311462402344e+01
1.932739830017089844e+01
2.122849845886230469e+01
2.093192863464355469e+01
1.936797904968261719e+01
1.929578971862792969e+01
1.959925651550292969e+01
1.917652893066406250e+01
1.888246726989746094e+01
1.982526206970214844e+01
2.125185585021972656e+01
2.207932662963867188e+01
2.148666763305664062e+01
2.155040168762207031e+01
2.108477783203125000e+01
1.992328834533691406e+01
2.003075599670410156e+01
2.123574447631835938e+01
2.209591484069824219e+01
2.142324066162109375e+01
2.082975769042968750e+01
2.139262771606445312e+01
2.216800117492675781e+01
2.210805320739746094e+01
2.224544143676757812e+01
2.248889923095703125e+01
2.156183433532714844e+01
2.155354118347167969e+01
2.162611198425292969e+01
2.023450279235839844e+01
2.071737480163574219e+01
2.196471023559570312e+01
2.160388374328613281e+01
2.090952491760253906e+01
2.015233802795410156e+01
2.062386322021484375e+01
2.061496734619140625e+01
2.039228248596191406e+01
2.107716751098632812e+01
2.216172218322753906e+01
2.178483963012695312e+01
2.134728622436523438e+01
2.180413246154785156e+01
2.220758819580078125e+01
2.243038368225097656e+01
2.222314453125000000e+01
2.257195281982421875e+01
2.175815200805664062e+01
2.091673851013183594e+01
2.182026481628417969e+01
2.116456985473632812e+01
2.052367210388183594e+01
2.109346008300781250e+01
2.119762229919433594e+01
2.103742599487304688e+01
2.233320045471191406e+01
2.213615608215332031e+01
2.201939964294433594e+01
2.137331771850585938e+01
2.138393783569335938e+01
2.263811874389648438e+01
2.198822975158691406e+01
2.110678291320800781e+01
2.069384384155273438e+01
2.071701812744140625e+01
2.150774574279785156e+01
2.217988777160644531e+01
2.199761772155761719e+01
2.157176208496093750e+01
2.175192832946777344e+01
2.127628135681152344e+01
2.178466796875000000e+01
2.216247177124023438e+01
2.256624031066894531e+01
2.196800231933593750e+01
2.148767852783203125e+01
2.094006919860839844e+01
2.211967849731445312e+01
2.228906822204589844e+01
2.130231285095214844e+01
1.991048812866210938e+01
2.103315734863281250e+01
2.229010009765625000e+01
2.306864356994628906e+01
2.262385749816894531e+01
2.210369110107421875e+01
2.219224548339843750e+01
2.142564773559570312e+01
2.066794395446777344e+01
2.084753417968750000e+01
2.268480300903320312e+01
2.308858680725097656e+01
2.202645683288574219e+01
2.231091880798339844e+01
2.275615501403808594e+01
2.336223030090332031e+01
2.315408706665039062e+01
2.232803726196289062e+01
2.187754249572753906e+01
2.196212768554687500e+01
2.278833770751953125e+01
2.337930488586425781e+01
2.392240905761718750e+01
2.300254058837890625e+01
2.231684303283691406e+01
2.200645446777343750e+01
2.194682121276855469e+01
2.274170875549316406e+01
2.285176277160644531e+01
2.170704650878906250e+01
2.131269645690917969e+01
2.207687187194824219e+01
2.193749237060546875e+01
2.203521537780761719e+01
2.221128463745117188e+01
2.255119323730468750e+01
2.200896453857421875e+01
2.201657485961914062e+01
2.207396507263183594e+01
2.250465393066406250e+01
2.246887397766113281e+01
2.163742637634277344e+01
2.189755058288574219e+01
2.295079040527343750e+01
2.291187858581542969e+01
2.343655776977539062e+01
2.373815917968750000e+01
2.265194129943847656e+01
2.221999359130859375e+01
2.271373939514160156e+01
2.228050613403320312e+01
2.268107032775878906e+01
2.293560600280761719e+01
2.306155014038085938e+01
2.249896812438964844e+01
2.320020103454589844e+01
2.270614051818847656e+01
2.281950759887695312e+01
2.332135009765625000e+01
2.410527420043945312e+01
2.331692886352539062e+01
2.261580467224121094e+01
2.204800415039062500e+01
2.163216781616210938e+01
2.129837036132812500e+01
2.186507797241210938e+01
2.328505897521972656e+01
2.393651962280273438e+01
2.471159172058105469e+01
2.429006958007812500e+01
2.329690361022949219e+01
2.280104446411132812e+01
2.373018455505371094e+01
2.442722702026367188e+01
2.343292808532714844e+01
2.275592803955078125e+01
2.298190879821777344e+01
2.373296356201171875e+01
2.455132102966308594e+01
2.411314773559570312e+01
2.295992469787597656e+01
2.297548484802246094e+01
2.402316284179687500e+01
2.425142097473144531e+01
2.421477890014648438e+01
2.498008346557617188e+01
2.572892761230468750e+01
2.384325981140136719e+01
2.246842193603515625e+01
2.258878517150878906e+01
2.346160697937011719e+01
2.341644859313964844e+01
2.434802627563476562e+01
2.514058494567871094e+01
2.385212326049804688e+01
2.297638130187988281e+01
2.381296157836914062e+01
2.411669349670410156e+01
2.338904190063476562e+01
2.294882392883300781e+01
2.340067100524902344e+01
2.368783950805664062e+01
2.401342582702636719e+01
2.460121726989746094e+01
2.391776084899902344e+01
2.329617881774902344e+01
2.346045112609863281e+01
2.254965591430664062e+01
2.385773468017578125e+01
2.597167015075683594e+01
2.637588310241699219e+01
2.571745491027832031e+01
2.588370704650878906e+01
2.540509223937988281e+01
2.601166152954101562e+01
2.745407295227050781e+01
2.660642433166503906e+01
2.560103225708007812e+01
2.565662765502929688e+01
2.593089866638183594e+01
2.568199539184570312e+01
2.567461395263671875e+01
2.565890884399414062e+01
2.506560516357421875e+01
2.595048904418945312e+01
2.658530235290527344e+01
2.682026481628417969e+01
2.686524009704589844e+01
2.733378601074218750e+01
2.702120018005371094e+01
2.713989067077636719e+01
2.604299926757812500e+01
2.467330932617187500e+01
2.333239173889160156e+01
2.336806297302246094e+01
2.465234375000000000e+01
2.500403976440429688e+01
2.584175109863281250e+01
2.643246078491210938e+01
2.649961090087890625e+01
2.714385604858398438e+01
2.762314987182617188e+01
2.728663635253906250e+01
2.637446212768554688e+01
2.599020957946777344e+01
2.597488021850585938e+01
2.597079467773437500e+01
2.620538711547851562e+01
2.614188766479492188e+01
2.610020256042480469e+01
2.711905288696289062e+01
2.688083076477050781e+01
2.547656631469726562e+01
2.551253700256347656e+01
2.700285148620605469e+01
2.709734916687011719e+01
2.642732810974121094e+01
2.653480720520019531e+01
2.750429725646972656e+01
2.769829750061035156e+01
2.752820396423339844e+01
2.714370536804199219e+01
2.781482696533203125e+01
2.840920639038085938e+01
2.862697601318359375e+01
2.811925125122070312e+01
2.718166542053222656e+01
2.697298049926757812e+01
2.760628128051757812e+01
2.772634124755859375e+01
2.740477180480957031e+01
2.724391555786132812e+01
2.780994606018066406e+01
2.743968772888183594e+01
2.740272712707519531e+01
2.825723457336425781e+01
2.875771903991699219e+01
2.904759788513183594e+01
2.909252357482910156e+01
2.869244194030761719e+01
2.743057632446289062e+01
2.678308677673339844e+01
2.631624794006347656e+01
2.643919754028320312e+01
2.660823059082031250e+01
2.760171127319335938e+01
2.860843849182128906e+01
2.879194641113281250e+01
2.805650520324707031e+01
2.795281410217285156e+01
2.747103881835937500e+01
2.606715965270996094e+01
2.572841835021972656e+01
2.732319831848144531e+01
2.898294830322265625e+01
2.889769363403320312e+01
2.790372467041015625e+01
2.737053298950195312e+01
2.835037994384765625e+01
2.894303894042968750e+01
2.897465133666992188e+01
2.912623214721679688e+01
2.814818572998046875e+01
2.791404724121093750e+01
2.796763610839843750e+01
2.842627906799316406e+01
2.878520584106445312e+01
2.920147323608398438e+01
2.984561538696289062e+01
2.942522239685058594e+01
2.852593421936035156e+01
2.815107536315917969e+01
2.885053825378417969e+01
2.852986145019531250e+01
2.865131950378417969e+01
2.863462638854980469e+01
2.871378326416015625e+01
2.797840881347656250e+01
2.835013389587402344e+01
2.790909957885742188e+01
2.804751586914062500e+01
2.828453826904296875e+01
2.970020484924316406e+01
3.066826438903808594e+01
3.096452903747558594e+01
3.113075447082519531e+01
3.115755653381347656e+01
3.105679321289062500e+01
3.106096649169921875e+01
3.092029571533203125e+01
3.114752388000488281e+01
3.101822662353515625e+01
3.050398445129394531e+01
2.925003623962402344e+01
2.868066787719726562e+01
2.906900215148925781e+01
3.042786216735839844e+01
3.173141670227050781e+01
3.255655288696289062e+01
3.256121444702148438e+01
3.254761886596679688e+01
3.162392044067382812e+01
3.047054100036621094e+01
3.127430534362792969e+01
3.165572166442871094e+01
3.086061286926269531e+01
3.096913528442382812e+01
3.136038208007812500e+01
3.134520149230957031e+01
3.184038543701171875e+01
3.173887443542480469e+01
3.181312370300292969e+01
3.245486068725585938e+01
3.297387313842773438e+01
3.207766342163085938e+01
3.161015701293945312e+01
3.228193283081054688e+01
3.321155166625976562e+01
3.259352111816406250e+01
3.132653808593750000e+01
3.115044593811035156e+01
3.183130073547363281e+01
3.195118141174316406e+01
3.262274169921875000e+01
3.333894348144531250e+01
3.421823883056640625e+01
3.418344879150390625e+01
3.352486038208007812e+01
3.262936401367187500e+01
3.201373291015625000e+01
3.168533515930175781e+01
3.220672225952148438e+01
3.206533432006835938e+01
3.188031578063964844e+01
3.214857482910156250e+01
3.271122741699218750e+01
3.392781829833984375e+01
3.404955673217773438e+01
3.365581512451171875e+01
3.329841613769531250e+01
3.371169662475585938e+01
3.452594757080078125e+01
3.475839233398437500e+01
3.531619644165039062e+01
3.437216186523437500e+01
3.396455383300781250e+01
3.380519485473632812e+01
3.417050933837890625e+01
3.398873901367187500e+01
3.548049163818359375e+01
3.607877731323242188e+01
3.487993621826171875e+01
3.331093978881835938e+01
3.277374649047851562e+01
3.320350646972656250e+01
3.491468811035156250e+01
3.543550872802734375e+01
3.405138397216796875e+01
3.299839401245117188e+01
3.285597610473632812e+01
3.307593154907226562e+01
3.378031539916992188e+01
3.451976013183593750e+01
3.600992965698242188e+01
3.761572265625000000e+01
3.803174209594726562e+01
3.728256225585937500e+01
3.650516128540039062e+01
3.571806716918945312e+01
3.509339523315429688e+01
3.534710311889648438e+01
3.597172164916992188e+01
3.676203918457031250e+01
3.666946792602539062e+01
3.671464920043945312e+01
3.700211715698242188e+01
3.741067123413085938e+01
3.771249771118164062e+01
3.811906433105468750e+01
3.842546844482421875e+01
3.865100097656250000e+01
3.807715988159179688e+01
3.771242904663085938e+01
3.697176742553710938e+01
3.749616241455078125e+01
3.772781372070312500e+01
3.801549911499023438e+01
3.874797821044921875e+01
3.875019836425781250e+01
3.970083236694335938e+01
3.858573913574218750e+01
3.831508636474609375e+01
3.839476394653320312e+01
3.967308044433593750e+01
3.980833053588867188e+01
3.850212860107421875e+01
3.717311477661132812e+01
3.690066146850585938e+01
3.794511795043945312e+01
4.020442962646484375e+01
4.123367691040039062e+01
4.100573348999023438e+01
4.008777236938476562e+01
3.889221954345703125e+01
3.884757614135742188e+01
3.851900100708007812e+01
3.812311935424804688e+01
3.841889953613281250e+01
3.928403472900390625e+01
3.907216644287109375e+01
3.903380966186523438e+01
3.943594741821289062e+01
3.950700759887695312e+01
4.034381103515625000e+01
4.065499114990234375e+01
4.101868057250976562e+01
4.088662719726562500e+01
4.169741439819335938e+01
4.127560043334960938e+01
4.031295776367187500e+01
4.008220291137695312e+01
4.123756408691406250e+01
4.142902755737304688e+01
4.141722869873046875e+01
4.147676849365234375e+01
4.341911697387695312e+01
4.435483551025390625e+01
4.334349822998046875e+01
4.242519760131835938e+01
4.114093399047851562e+01
4.101454162597656250e+01
4.205249404907226562e+01
4.353942489624023438e+01
4.387965011596679688e+01
4.426588439941406250e+01
4.405084609985351562e+01
4.359347152709960938e+01
4.268099212646484375e+01
4.376082992553710938e+01
4.393434906005859375e+01
4.470650863647460938e+01
4.489432144165039062e+01
4.438809204101562500e+01
4.326579666137695312e+01
4.336986160278320312e+01
4.455140304565429688e+01
4.508118820190429688e+01
4.528847503662109375e+01
4.380059051513671875e+01
4.321107864379882812e+01
4.364965820312500000e+01
4.584994888305664062e+01
4.702052307128906250e+01
4.682727813720703125e+01
4.610269165039062500e+01
4.574927902221679688e+01
4.518820571899414062e+01
4.486264038085937500e+01
4.398382568359375000e+01
4.322294616699218750e+01
4.366955947875976562e+01
4.488948440551757812e+01
4.465715026855468750e+01
4.487709426879882812e+01
4.427281570434570312e+01
4.414343261718750000e+01
4.385981750488281250e+01
4.459634017944335938e+01
4.507197570800781250e+01
4.506804275512695312e+01
4.508777236938476562e+01
4.555217742919921875e+01
4.646783447265625000e+01
4.550350570678710938e+01
4.428928756713867188e+01
4.445165252685546875e+01
4.582326507568359375e+01
4.713512039184570312e+01
4.812030410766601562e+01
4.948963165283203125e+01
4.898112487792968750e+01
4.763076400756835938e+01
4.637260437011718750e+01
4.621873855590820312e+01
4.680428314208984375e+01
4.702928161621093750e+01
4.752659606933593750e+01
4.735968017578125000e+01
4.744079208374023438e+01
4.806096649169921875e+01
4.745425033569335938e+01
4.751919937133789062e+01
4.848197937011718750e+01
4.818769073486328125e+01
4.770365142822265625e+01
4.637158966064453125e+01
4.717531204223632812e+01
4.736902618408203125e+01
4.808423233032226562e+01
4.740069961547851562e+01
4.743115234375000000e+01
4.762004089355468750e+01
4.789160919189453125e+01
4.786716079711914062e+01
4.770956420898437500e+01
4.775904846191406250e+01
4.986022949218750000e+01
5.158108520507812500e+01
5.074431228637695312e+01
4.977068710327148438e+01
4.971525955200195312e+01
4.980423355102539062e+01
4.852093124389648438e+01
4.831426620483398438e+01
4.869670867919921875e+01
4.873196411132812500e+01
4.833404159545898438e+01
4.811833572387695312e+01
4.888231658935546875e+01
4.992337799072265625e+01
5.120682907104492188e+01
5.148957443237304688e+01
5.054971694946289062e+01
5.020293807983398438e+01
4.969720077514648438e+01
5.063273620605468750e+01
5.127221298217773438e+01
5.154156494140625000e+01
4.961436843872070312e+01
4.896728515625000000e+01
4.937514114379882812e+01
5.015335083007812500e+01
5.043068313598632812e+01
4.982532501220703125e+01
5.010506439208984375e+01
5.014891815185546875e+01
5.105841827392578125e+01
5.073711013793945312e+01
5.129170989990234375e+01
5.204412841796875000e+01
5.248115921020507812e+01
5.219936370849609375e+01
5.070717239379882812e+01
4.906413650512695312e+01
4.879529571533203125e+01
5.009638595581054688e+01
5.051720046997070312e+01
5.066428375244140625e+01
5.029329681396484375e+01
5.039797592163085938e+01
5.208467483520507812e+01
5.319215011596679688e+01
5.323758697509765625e+01
5.200621795654296875e+01
5.124573898315429688e+01
5.070868682861328125e+01
5.113765716552734375e+01
5.182559204101562500e+01
5.307698440551757812e+01
5.263990020751953125e+01
5.237173461914062500e+01
5.127812957763671875e+01
5.192291641235351562e+01
5.249364852905273438e+01
5.296953201293945312e+01
5.315164947509765625e+01
5.388647460937500000e+01
5.469086456298828125e+01
5.316994094848632812e+01
5.165534591674804688e+01
5.070026016235351562e+01
5.029938888549804688e+01
5.082872009277343750e+01
5.216804504394531250e+01
5.318356323242187500e+01
5.392663955688476562e+01
5.369298934936523438e+01
5.354932403564453125e+01
5.349829483032226562e+01
5.312439727783203125e+01
5.310435104370117188e+01
5.421687698364257812e+01
5.363824462890625000e+01
5.221454620361328125e+01
5.172401046752929688e+01
5.259972000122070312e+01
5.252330017089843750e+01
5.155459594726562500e+01
5.171917343139648438e+01
5.192913055419921875e+01
5.146815872192382812e+01
5.213807296752929688e+01
5.267666244506835938e+01
5.298231887817382812e+01
5.226211166381835938e+01
5.300825500488281250e+01
5.321477890014648438e+01
5.262010192871093750e+01
5.320096206665039062e+01
5.379340744018554688e+01
5.422938537597656250e+01
5.418126296997070312e+01
5.226730728149414062e+01
5.167982101440429688e+01
5.137076568603515625e+01
5.257822799682617188e+01
5.373429107666015625e+01
5.408304214477539062e+01
5.321601486206054688e+01
5.180258560180664062e+01
5.004759216308593750e+01
4.872839355468750000e+01
4.861114883422851562e+01
5.053969573974609375e+01
5.115390014648437500e+01
5.131775665283203125e+01
5.069816589355468750e+01
5.085213470458984375e+01
5.048018646240234375e+01
4.991136550903320312e+01
5.007280349731445312e+01
5.102412033081054688e+01
5.151568984985351562e+01
5.121914672851562500e+01
5.111144638061523438e+01
5.049118804931640625e+01
5.014453125000000000e+01
5.051391983032226562e+01
5.034141159057617188e+01
5.027592468261718750e+01
5.117942047119140625e+01
5.033574295043945312e+01
4.882406234741210938e+01
4.888880920410156250e+01
5.016041564941406250e+01
5.067072677612304688e+01
5.033412551879882812e+01
5.019777297973632812e+01
4.927774810791015625e+01
4.871228027343750000e+01
4.866933822631835938e+01
4.979422760009765625e+01
4.987288284301757812e+01
4.967057800292968750e+01
4.978207778930664062e+01
4.872249221801757812e+01
4.842948532104492188e+01
4.848827743530273438e+01
4.880020904541015625e+01
4.860520172119140625e+01
4.849219131469726562e+01
4.830282974243164062e+01
4.829483795166015625e+01
4.807871246337890625e+01
4.854590225219726562e+01
4.900419998168945312e+01
4.905023193359375000e+01
4.796860122680664062e+01
4.746503067016601562e+01
4.743070220947265625e+01
4.709976196289062500e+01
4.765589523315429688e+01
4.783128356933593750e+01
4.724991989135742188e+01
4.692315292358398438e+01
4.688246917724609375e+01
4.722666931152343750e+01
4.681560897827148438e+01
4.733550643920898438e+01
4.824240875244140625e+01
4.833109664916992188e+01
4.669057464599609375e+01
4.612300491333007812e+01
4.611673736572265625e+01
4.583448791503906250e+01
4.465918350219726562e+01
4.503725814819335938e+01
4.426575851440429688e+01
4.391328048706054688e+01
4.452910614013671875e+01
4.453469085693359375e+01
4.411465835571289062e+01
4.535340881347656250e+01
4.573547363281250000e+01
4.644840621948242188e+01
4.714554977416992188e+01
4.694633102416992188e+01
4.690225219726562500e+01
4.619079589843750000e+01
4.588859558105468750e+01
4.613524246215820312e+01
4.566724395751953125e+01
4.508808135986328125e+01
4.323343658447265625e+01
4.321332168579101562e+01
4.382382583618164062e+01
4.500381088256835938e+01
4.557453918457031250e+01
4.542682266235351562e+01
4.419883346557617188e+01
4.409151458740234375e+01
4.399928283691406250e+01
4.444206237792968750e+01
4.386646652221679688e+01
4.178812026977539062e+01
4.087624359130859375e+01
4.084526062011718750e+01
4.040068054199218750e+01
4.101247024536132812e+01
4.229309082031250000e+01
4.302515792846679688e+01
4.290652465820312500e+01
4.202173995971679688e+01
4.114807510375976562e+01
3.987882232666015625e+01
3.981005096435546875e+01
4.003085708618164062e+01
4.006756591796875000e+01
4.018637466430664062e+01
4.103233718872070312e+01
4.173583984375000000e+01
4.121470642089843750e+01
4.031105041503906250e+01
3.980073547363281250e+01
4.012127304077148438e+01
4.038956832885742188e+01
4.129203033447265625e+01
4.062128829956054688e+01
3.972511672973632812e+01
3.974592208862304688e+01
4.043959426879882812e+01
4.125980758666992188e+01
4.049272537231445312e+01
4.007356643676757812e+01
3.930576705932617188e+01
3.845211410522460938e+01
3.774928283691406250e+01
3.848175811767578125e+01
3.923215103149414062e+01
3.937863922119140625e+01
3.877423858642578125e+01
3.828994750976562500e+01
3.853290176391601562e+01
3.903985214233398438e+01
3.906391143798828125e+01
3.937443923950195312e+01
3.907070541381835938e+01
3.928515625000000000e+01
3.943489837646484375e+01
3.898494720458984375e+01
3.826607894897460938e+01
3.780112457275390625e+01
3.721358871459960938e+01
3.693604660034179688e+01
3.713576507568359375e+01
3.702461242675781250e+01
3.676475143432617188e+01
3.755066680908203125e+01
3.711917877197265625e+01
3.736698913574218750e+01
3.805556488037109375e+01
3.882052230834960938e+01
3.883046340942382812e+01
3.884273529052734375e+01
3.847507095336914062e+01
3.770338058471679688e+01
3.763464736938476562e+01
3.697721862792968750e+01
3.679253005981445312e+01
3.696875762939453125e+01
3.701053619384765625e+01
3.644190216064453125e+01
3.634019851684570312e+01
3.664183807373046875e+01
3.700010299682617188e+01
3.697640991210937500e+01
3.843252944946289062e+01
3.887822723388671875e+01
3.843309020996093750e+01
3.795339965820312500e+01
3.673801803588867188e+01
3.602994155883789062e+01
3.671934127807617188e+01
3.649404525756835938e+01
3.577020263671875000e+01
3.576447296142578125e+01
3.589518356323242188e+01
3.603189849853515625e+01
3.502851104736328125e+01
3.511225891113281250e+01
3.518082809448242188e+01
3.566088867187500000e+01
3.571794509887695312e+01
3.618928909301757812e+01
3.630146026611328125e+01
3.695245361328125000e+01
3.786014556884765625e+01
3.749590682983398438e+01
3.726383590698242188e+01
3.705872726440429688e+01
3.588200759887695312e+01
3.585599136352539062e+01
3.597878265380859375e+01
3.617533493041992188e+01
3.632634735107421875e+01
3.649806976318359375e+01
3.598752593994140625e+01
3.496393966674804688e+01
3.503137207031250000e+01
3.431504440307617188e+01
3.456977844238281250e+01
3.520763778686523438e+01
3.598552703857421875e+01
3.544407272338867188e+01
3.548707580566406250e+01
3.538724899291992188e+01
3.629493331909179688e+01
3.725314712524414062e+01
3.664272689819335938e+01
3.568405151367187500e+01
3.549986648559570312e+01
3.445894622802734375e+01
3.404441452026367188e+01
3.448650360107421875e+01
3.592131805419921875e+01
3.579364395141601562e+01
3.474324035644531250e+01
3.555207061767578125e+01
3.736941909790039062e+01
3.736810684204101562e+01
3.688037872314453125e+01
3.646759796142578125e+01
3.623113632202148438e+01
3.587895584106445312e+01
3.566679763793945312e+01
3.536249923706054688e+01
3.559998321533203125e+01
3.541003036499023438e+01
3.575316238403320312e+01
3.592624282836914062e+01
3.571464920043945312e+01
3.603870391845703125e+01
3.722863006591796875e+01
3.747854232788085938e+01
3.634151458740234375e+01
3.599119186401367188e+01
3.567504882812500000e+01
3.496765136718750000e+01
3.467104721069335938e+01
3.549925231933593750e+01
3.511007308959960938e+01
3.479953002929687500e+01
3.606665420532226562e+01
3.757516098022460938e+01
3.712668228149414062e+01
3.660003280639648438e+01
3.735129928588867188e+01
3.830875396728515625e+01
3.818866348266601562e+01
3.778013229370117188e+01
3.796270370483398438e+01
3.839152526855468750e+01
3.845372390747070312e+01
3.860513305664062500e+01
3.874108886718750000e+01
3.786812973022460938e+01
3.706597900390625000e+01
3.723561859130859375e+01
3.760593414306640625e+01
3.787881088256835938e+01
3.727783584594726562e+01
3.704227066040039062e+01
3.854237747192382812e+01
3.919930267333984375e+01
3.895984649658203125e+01
3.861672210693359375e+01
3.791891860961914062e+01
3.674477005004882812e+01
3.621674728393554688e+01
3.629347229003906250e+01
3.633623504638671875e+01
3.699486160278320312e+01
3.765815734863281250e+01
3.772081375122070312e+01
3.838121414184570312e+01
3.869229888916015625e+01
3.868462753295898438e+01
3.784020233154296875e+01
3.874542999267578125e+01
4.004449844360351562e+01
4.040585327148437500e+01
4.035441207885742188e+01
4.031406021118164062e+01
3.977796936035156250e+01
3.982103347778320312e+01
3.938675308227539062e+01
3.974467849731445312e+01
3.983910751342773438e+01
3.918601226806640625e+01
3.900477600097656250e+01
3.952621078491210938e+01
4.041894149780273438e+01
4.002079391479492188e+01
3.996156692504882812e+01
4.137764739990234375e+01
4.165318298339843750e+01
4.205027389526367188e+01
4.111454010009765625e+01
4.032944869995117188e+01
3.965362167358398438e+01
3.985139083862304688e+01
4.055562973022460938e+01
4.118880844116210938e+01
4.139191055297851562e+01
4.083124542236328125e+01
4.137927627563476562e+01
4.169191741943359375e+01
4.331833648681640625e+01
4.371295547485351562e+01
4.403668594360351562e+01
4.234143829345703125e+01
4.111372375488281250e+01
4.105088806152343750e+01
4.200490570068359375e+01
4.268364715576171875e+01
4.217254257202148438e+01
4.207014846801757812e+01
4.202451705932617188e+01
4.244010543823242188e+01
4.302541351318359375e+01
4.279679107666015625e+01
4.172652435302734375e+01
4.152973556518554688e+01
4.260594940185546875e+01
4.282482910156250000e+01
4.347003936767578125e+01
4.433366012573242188e+01
4.574301910400390625e+01
4.662777709960937500e+01
4.506768417358398438e+01
4.299469375610351562e+01
4.318825531005859375e+01
4.410339355468750000e+01
4.366557693481445312e+01
4.305081176757812500e+01
4.355250167846679688e+01
4.367556762695312500e+01
4.449192428588867188e+01
4.498487854003906250e+01
4.561699295043945312e+01
4.484499740600585938e+01
4.534995651245117188e+01
4.511170578002929688e+01
4.554985046386718750e+01
4.509080505371093750e+01
4.412840270996093750e+01
4.309636688232421875e+01
4.315384292602539062e+01
4.337163162231445312e+01
4.375812149047851562e+01
4.393457412719726562e+01
4.431690979003906250e+01
4.419504547119140625e+01
4.327994918823242188e+01
4.373724365234375000e+01
4.463576126098632812e+01
4.600053024291992188e+01
4.597560501098632812e+01
4.564413070678710938e+01
4.614017105102539062e+01
4.557094192504882812e+01
4.502344894409179688e+01
4.474154663085937500e+01
4.582210159301757812e+01
4.473880767822265625e+01
4.483369064331054688e+01
4.504985046386718750e+01
4.601606750488281250e+01
4.623601913452148438e+01
4.609364700317382812e+01
4.575518035888671875e+01
4.554965591430664062e+01
4.554582595825195312e+01
4.650568008422851562e+01
4.685975646972656250e+01
4.749886703491210938e+01
4.718154907226562500e+01
4.632098388671875000e+01
4.517477416992187500e+01
4.538510513305664062e+01
4.442036437988281250e+01
4.398238754272460938e+01
4.461432647705078125e+01
4.601729965209960938e+01
4.552556991577148438e+01
4.408227920532226562e+01
4.464436721801757812e+01
4.580479812622070312e+01
4.620369720458984375e+01
4.423893737792968750e+01
4.430189514160156250e+01
4.665595626831054688e+01
4.750671386718750000e+01
4.665848541259765625e+01
4.550554656982421875e+01
4.499900436401367188e+01
4.535945129394531250e+01
4.703551483154296875e+01
4.828685760498046875e+01
4.853952026367187500e+01
4.746124649047851562e+01
4.682182693481445312e+01
4.817685699462890625e+01
4.894026565551757812e+01
4.803155517578125000e+01
4.667382812500000000e+01
4.686741638183593750e+01
4.711779785156250000e+01
4.739259338378906250e+01
4.659672927856445312e+01
4.649010467529296875e+01
4.635908508300781250e+01
4.683090591430664062e+01
4.732285690307617188e+01
4.758779525756835938e+01
4.816853713989257812e+01
4.848561096191406250e+01
4.821654129028320312e+01
4.748969650268554688e+01
4.668231582641601562e+01
4.565390014648437500e+01
4.502911376953125000e+01
4.538922500610351562e+01
4.560218048095703125e+01
4.616244506835937500e+01
4.664586639404296875e+01
4.837000274658203125e+01
4.955481719970703125e+01
4.812548446655273438e+01
4.684559631347656250e+01
4.666009521484375000e+01
4.686867523193359375e+01
4.550187301635742188e+01
4.505912017822265625e+01
4.592136764526367188e+01
4.622927856445312500e+01
4.562039184570312500e+01
4.512972640991210938e+01
4.580875778198242188e+01
4.620944595336914062e+01
4.633615112304687500e+01
4.549200057983398438e+01
4.505577087402343750e+01
4.527663040161132812e+01
4.484066772460937500e+01
4.477098846435546875e+01
4.508457183837890625e+01
4.569214630126953125e+01
4.557240676879882812e+01
4.699242019653320312e+01
4.633799743652343750e+01
4.567828369140625000e+01
4.648741912841796875e+01
4.591125488281250000e+01
4.546939468383789062e+01
4.476756668090820312e+01
4.463226699829101562e+01
4.451340103149414062e+01
4.472823333740234375e+01
4.552081298828125000e+01
4.469561767578125000e+01
4.474588394165039062e+01
4.545956420898437500e+01
4.641142654418945312e+01
4.560408401489257812e+01
4.423602676391601562e+01
4.472281265258789062e+01
4.528704071044921875e+01
4.563078308105468750e+01
4.620712661743164062e+01
4.651153182983398438e+01
4.590072631835937500e+01
4.566627120971679688e+01
4.530084228515625000e+01
4.544348144531250000e+01
4.572732925415039062e+01
4.486024093627929688e+01
4.387886428833007812e+01
4.371229553222656250e+01
4.510501480102539062e+01
4.522751998901367188e+01
4.546274185180664062e+01
4.428614425659179688e+01
4.478660964965820312e+01
4.433003234863281250e+01
4.448805236816406250e+01
4.419080734252929688e+01
4.455177688598632812e+01
4.350150299072265625e+01
4.363700103759765625e+01
4.325796890258789062e+01
4.370419692993164062e+01
4.335585021972656250e+01
4.260595321655273438e+01
4.286940765380859375e+01
4.324274826049804688e+01
4.304387664794921875e+01
4.219911575317382812e+01
4.287373352050781250e+01
4.319589233398437500e+01
4.328305053710937500e+01
4.257463073730468750e+01
4.333692550659179688e+01
4.339436721801757812e+01
4.345662689208984375e+01
4.290052795410156250e+01
4.290814971923828125e+01
4.218671417236328125e+01
4.294060897827148438e+01
4.373731231689453125e+01
4.459161758422851562e+01
4.501303482055664062e+01
4.423207473754882812e+01
4.294826507568359375e+01
4.214873504638671875e+01
4.305129623413085938e+01
4.297618865966796875e+01
4.346796417236328125e+01
4.298365020751953125e+01
4.250764846801757812e+01
4.170039367675781250e+01
4.199092102050781250e+01
4.201093292236328125e+01
4.184480667114257812e+01
4.111191558837890625e+01
4.021776962280273438e+01
4.069640731811523438e+01
4.132126617431640625e+01
4.151131439208984375e+01
4.143298339843750000e+01
4.324612426757812500e+01
4.292019653320312500e+01
4.248992156982421875e+01
4.076148605346679688e+01
4.091473770141601562e+01
4.130028533935546875e+01
4.107449340820312500e+01
4.057286453247070312e+01
4.114428329467773438e+01
4.211992263793945312e+01
4.194873046875000000e+01
4.152189636230468750e+01
4.125081634521484375e+01
4.116609954833984375e+01
4.185004806518554688e+01
4.327537155151367188e+01
4.242362594604492188e+01
4.115108871459960938e+01
4.070407867431640625e+01
4.062345886230468750e+01
4.083329391479492188e+01
4.036848449707031250e+01
4.022670745849609375e+01
4.058356857299804688e+01
3.989397430419921875e+01
3.901110076904296875e+01
4.017947769165039062e+01
4.155894470214843750e+01
4.108178710937500000e+01
3.856980514526367188e+01
3.845774841308593750e+01
3.969553756713867188e+01
4.118980789184570312e+01
4.100778961181640625e+01
4.034630584716796875e+01
3.929980468750000000e+01
3.957118225097656250e+01
4.101217651367187500e+01
4.293371963500976562e+01
4.222356033325195312e+01
4.129766845703125000e+01
4.077144241333007812e+01
4.018095779418945312e+01
3.954597854614257812e+01
3.973827362060546875e+01
4.087394714355468750e+01
4.097587203979492188e+01
3.947526931762695312e+01
3.918501663208007812e+01
3.967443847656250000e+01
4.011956787109375000e+01
4.003234481811523438e+01
4.027758789062500000e+01
4.021876525878906250e+01
4.049545288085937500e+01
4.042235183715820312e+01
3.951735305786132812e+01
3.774333190917968750e+01
3.721992492675781250e+01
3.766081619262695312e+01
3.767274475097656250e+01
3.725519943237304688e+01
3.720003128051757812e+01
3.705681610107421875e+01
3.789093017578125000e+01
3.787254714965820312e+01
3.761166763305664062e+01
3.707607269287109375e+01
3.689572525024414062e+01
3.689593505859375000e+01
3.783857727050781250e+01
3.821499252319335938e+01
3.764118957519531250e+01
3.758592224121093750e+01
3.770899200439453125e+01
3.854152679443359375e+01
3.948054504394531250e+01
3.947592926025390625e+01
3.790914535522460938e+01
3.821855926513671875e+01
3.893358230590820312e+01
3.864358139038085938e+01
3.800989532470703125e+01
3.671654510498046875e+01
3.646743774414062500e+01
3.650211715698242188e+01
3.750334167480468750e+01
3.776738357543945312e+01
3.872986221313476562e+01
3.816343307495117188e+01
3.882606124877929688e+01
3.824206161499023438e+01
3.783816146850585938e+01
3.646846008300781250e+01
3.578632736206054688e+01
3.654079055786132812e+01
3.683877944946289062e+01
3.645138168334960938e+01
3.636450958251953125e+01
3.628512954711914062e+01
3.654514312744140625e+01
3.691490173339843750e+01
3.718511199951171875e+01
3.734329986572265625e+01
3.838043594360351562e+01
3.832801818847656250e+01
3.642650222778320312e+01
3.483342361450195312e+01
3.464082336425781250e+01
3.563721466064453125e+01
3.630118179321289062e+01
3.656804275512695312e+01
3.676301574707031250e+01
3.575226593017578125e+01
3.563711929321289062e+01
3.589021682739257812e+01
3.630436325073242188e+01
3.588965606689453125e+01
3.523208618164062500e+01
3.571563339233398438e+01
3.576500320434570312e+01
3.638886642456054688e+01
3.590861129760742188e+01
3.585982513427734375e+01
3.522160720825195312e+01
3.592417526245117188e+01
3.652016448974609375e+01
3.652043914794921875e+01
3.564427947998046875e+01
3.463945007324218750e+01
3.411231231689453125e+01
3.430865478515625000e+01
3.469665908813476562e+01
3.560187911987304688e+01
3.503009033203125000e+01
3.445712661743164062e+01
3.378776168823242188e+01
3.334478378295898438e+01
3.405363082885742188e+01
3.432870483398437500e+01
3.510545730590820312e+01
3.530562210083007812e+01
3.556337738037109375e+01
3.548791122436523438e+01
3.445549011230468750e+01
3.301553726196289062e+01
3.307121276855468750e+01
3.413788604736328125e+01
3.590853500366210938e+01
3.633444213867187500e+01
3.631467437744140625e+01
3.533628082275390625e+01
3.527859115600585938e+01
3.519017791748046875e+01
3.511548995971679688e+01
3.432323074340820312e+01
3.428742218017578125e+01
3.531865310668945312e+01
3.484607696533203125e+01
3.441715240478515625e+01
3.422666168212890625e+01
3.468274307250976562e+01
3.471364974975585938e+01
3.478898239135742188e+01
3.519874954223632812e+01
3.485426330566406250e+01
3.486602401733398438e+01
3.415073776245117188e+01
3.342315292358398438e+01
3.283665847778320312e+01
3.340893173217773438e+01
3.341291809082031250e+01
3.315662384033203125e+01
3.280399322509765625e+01
3.263143539428710938e+01
3.238191986083984375e+01
3.398232650756835938e+01
3.497322082519531250e+01
3.463646697998046875e+01
3.460811233520507812e+01
3.442517089843750000e+01
3.467472457885742188e+01
3.413249206542968750e+01
3.420761108398437500e+01
3.462400436401367188e+01
3.523122024536132812e+01
3.531731796264648438e+01
3.582492446899414062e+01
3.463614654541015625e+01
3.381378173828125000e+01
3.366627883911132812e+01
3.455528640747070312e+01
3.442989349365234375e+01
3.393593215942382812e+01
3.438097381591796875e+01
3.295491409301757812e+01
3.195169448852539062e+01
3.191207122802734375e+01
3.227434158325195312e+01
3.333731460571289062e+01
3.406305313110351562e+01
3.445534896850585938e+01
3.357607650756835938e+01
3.391807937622070312e+01
3.330169296264648438e+01
3.303585433959960938e+01
3.270876693725585938e+01
3.294950485229492188e+01
3.396881484985351562e+01
3.407757186889648438e+01
3.386895751953125000e+01
3.281914520263671875e+01
3.300297927856445312e+01
3.321443557739257812e+01
3.355646514892578125e+01
3.341450119018554688e+01
3.439039611816406250e+01
3.458705902099609375e+01
3.481024551391601562e+01
3.417089843750000000e+01
3.373389434814453125e+01
3.302736282348632812e+01
3.306520080566406250e+01
3.405819702148437500e+01
3.439698410034179688e+01
3.500159454345703125e+01
3.443289184570312500e+01
3.450053787231445312e+01
3.389340591430664062e+01
3.372800827026367188e+01
3.313633346557617188e+01
3.357818984985351562e+01
3.434265899658203125e+01
3.449119567871093750e+01
3.388735198974609375e+01
3.373877716064453125e+01
3.356895828247070312e+01
3.322873306274414062e+01
3.319744873046875000e+01
3.303841018676757812e+01
3.264241027832031250e+01
3.250653457641601562e+01
3.321865081787109375e+01
3.404573059082031250e+01
3.394435882568359375e+01
3.394097137451171875e+01
3.399821472167968750e+01
3.382244491577148438e+01
3.404540634155273438e+01
3.472364807128906250e+01
3.501792526245117188e+01
3.448398208618164062e+01
3.353114700317382812e+01
3.287531280517578125e+01
3.228797531127929688e+01
3.192096519470214844e+01
3.162775421142578125e+01
3.222634506225585938e+01
3.316551589965820312e+01
3.396424865722656250e+01
3.419532012939453125e+01
3.401126861572265625e+01
3.380971908569335938e+01
3.366407394409179688e+01
3.332421112060546875e+01
3.337838363647460938e+01
3.271115493774414062e+01
3.276855468750000000e+01
3.222247695922851562e+01
3.200299453735351562e+01
3.103605270385742188e+01
3.150068283081054688e+01
3.192833137512207031e+01
3.252357101440429688e+01
3.200304794311523438e+01
3.163168144226074219e+01
3.047789955139160156e+01
3.116035270690917969e+01
3.176353263854980469e+01
3.163508415222167969e+01
3.067937278747558594e+01
3.141475105285644531e+01
3.291856002807617188e+01
3.424350357055664062e+01
3.421525192260742188e+01
3.255800247192382812e+01
3.054322814941406250e+01
3.039733123779296875e+01
3.156776618957519531e+01
3.149996376037597656e+01
3.168825340270996094e+01
3.211884307861328125e+01
3.231838607788085938e+01
3.134363937377929688e+01
3.085054588317871094e+01
3.066506958007812500e+01
3.060701179504394531e+01
3.061913299560546875e+01
3.079027557373046875e+01
3.150228309631347656e+01
3.210791778564453125e+01
3.225913238525390625e+01
3.209886932373046875e+01
3.246912002563476562e+01
3.258428955078125000e+01
3.204368972778320312e+01
3.076957893371582031e+01
2.999501037597656250e+01
3.009050178527832031e+01
3.150787162780761719e+01
3.195034790039062500e+01
3.139863586425781250e+01
3.107258224487304688e+01
3.068472671508789062e+01
2.957578277587890625e+01
2.964871025085449219e+01
3.038636207580566406e+01
3.140726470947265625e+01
3.186560249328613281e+01
3.208720016479492188e+01
3.156800842285156250e+01
3.202125549316406250e+01
3.224529266357421875e+01
3.187587165832519531e+01
3.084827995300292969e+01
3.032245635986328125e+01
3.097736167907714844e+01
3.081781959533691406e+01
3.149140930175781250e+01
3.171023941040039062e+01
3.109217643737792969e+01
3.080992317199707031e+01
3.108483695983886719e+01
3.113808441162109375e+01
3.109031295776367188e+01
3.093551826477050781e+01
3.091290473937988281e+01
3.038848876953125000e+01
3.176891326904296875e+01
3.213799285888671875e+01
3.205412673950195312e+01
3.161984252929687500e+01
3.120804023742675781e+01
3.113697624206542969e+01
3.081315231323242188e+01
3.118025016784667969e+01
3.184321403503417969e+01
3.227823638916015625e+01
3.110838317871093750e+01
3.028876113891601562e+01
3.039811706542968750e+01
3.180112838745117188e+01
3.241072845458984375e+01
3.185576438903808594e+01
3.112069511413574219e+01
3.091783332824707031e+01
3.154053497314453125e+01
3.202057647705078125e+01
3.256250000000000000e+01
3.214242172241210938e+01
3.131511497497558594e+01
2.993935775756835938e+01
2.923109817504882812e+01
2.904876518249511719e+01
2.929949188232421875e+01
2.989142417907714844e+01
3.057229042053222656e+01
3.142922592163085938e+01
3.121056938171386719e+01
3.121549415588378906e+01
3.083105087280273438e+01
3.182113456726074219e+01
3.103311538696289062e+01
3.003554916381835938e+01
2.906325721740722656e+01
2.955247688293457031e+01
3.059172058105468750e+01
3.019520568847656250e+01
2.992549514770507812e+01
2.925021171569824219e+01
3.015117835998535156e+01
3.006414794921875000e+01
3.082488822937011719e+01
3.077135467529296875e+01
3.118568229675292969e+01
2.991442489624023438e+01
2.946423530578613281e+01
2.836206054687500000e+01
2.942246627807617188e+01
2.898192787170410156e+01
2.927250289916992188e+01
2.898298072814941406e+01
2.975835037231445312e+01
2.953499984741210938e+01
3.078755950927734375e+01
3.221716308593750000e+01
3.290193557739257812e+01
3.190558242797851562e+01
3.013725662231445312e+01
3.030446052551269531e+01
3.058277511596679688e+01
3.139528846740722656e+01
3.307488250732421875e+01
3.372969818115234375e+01
3.402781677246093750e+01
3.261094284057617188e+01
3.212716674804687500e+01
3.155273628234863281e+01
3.240603256225585938e+01
3.284595870971679688e+01
3.243816375732421875e+01
3.169392395019531250e+01
3.157595062255859375e+01
3.229932022094726562e+01
3.168764305114746094e+01
3.053798675537109375e+01
3.010164451599121094e+01
3.033919525146484375e+01
2.998480796813964844e+01
2.858573722839355469e+01
2.859951782226562500e+01
3.009259986877441406e+01
3.175686836242675781e+01
3.184418487548828125e+01
3.136704826354980469e+01
2.990262413024902344e+01
3.064205360412597656e+01
3.115081977844238281e+01
3.165210342407226562e+01
3.195254516601562500e+01
3.223194122314453125e+01
3.223497772216796875e+01
3.054611206054687500e+01
2.987199592590332031e+01
2.973004150390625000e+01
3.048970794677734375e+01
3.160293769836425781e+01
3.271182250976562500e+01
3.291133880615234375e+01
3.193396759033203125e+01
3.038763999938964844e+01
2.918159103393554688e+01
2.878886222839355469e+01
2.884603691101074219e+01
2.928400230407714844e+01
2.909244918823242188e+01
2.939581298828125000e+01
2.870116996765136719e+01
2.803157997131347656e+01
2.906612777709960938e+01
2.940946769714355469e+01
3.015504646301269531e+01
3.026989746093750000e+01
3.158903694152832031e+01
3.293069458007812500e+01
3.328660202026367188e+01
3.249641418457031250e+01
3.084656906127929688e+01
3.000833892822265625e+01
3.048138999938964844e+01
3.156059074401855469e+01
3.157057952880859375e+01
3.021501541137695312e+01
2.906478691101074219e+01
2.970096015930175781e+01
3.134316062927246094e+01
3.090401649475097656e+01
2.989076805114746094e+01
2.990300941467285156e+01
3.212092971801757812e+01
3.205386352539062500e+01
3.145686340332031250e+01
3.043792343139648438e+01
3.126007652282714844e+01
3.094267654418945312e+01
3.138196372985839844e+01
2.903292274475097656e+01
2.825129508972167969e+01
2.670400428771972656e+01
2.904067039489746094e+01
3.098123931884765625e+01
3.204953765869140625e+01
3.160862922668457031e+01
3.079162216186523438e+01
3.019363784790039062e+01
3.085552787780761719e+01
3.118588638305664062e+01
3.243210983276367188e+01
3.273728561401367188e+01
3.251562118530273438e+01
3.069588661193847656e+01
2.936677932739257812e+01
3.001770973205566406e+01
3.043362617492675781e+01
2.987548828125000000e+01
2.891563034057617188e+01
2.997423171997070312e+01
2.959792900085449219e+01
2.879395294189453125e+01
2.922091865539550781e+01
3.007457733154296875e+01
3.003288269042968750e+01
3.019151496887207031e+01
2.994368171691894531e+01
3.028257751464843750e+01
2.967160034179687500e+01
2.916962432861328125e+01
2.850308799743652344e+01
2.791004943847656250e+01
2.760988426208496094e+01
2.867318916320800781e+01
2.841582870483398438e+01
2.975170135498046875e+01
2.986322021484375000e+01
3.051282310485839844e+01
2.949787712097167969e+01
3.058096885681152344e+01
3.160074234008789062e+01
3.268227005004882812e+01
3.068682479858398438e+01
3.094286537170410156e+01
3.095839691162109375e+01
3.060257720947265625e+01
2.788305282592773438e+01
2.667155075073242188e+01
2.632962036132812500e+01
2.651529884338378906e+01
2.885560989379882812e+01
3.109779739379882812e+01
3.299194717407226562e+01
3.309810256958007812e+01
3.157282829284667969e+01
3.155820655822753906e+01
3.124060249328613281e+01
3.190683937072753906e+01
3.234206008911132812e+01
3.213933944702148438e+01
3.097501564025878906e+01
2.811181831359863281e+01
2.922195434570312500e+01
3.116557121276855469e+01
3.394109344482421875e+01
3.415074920654296875e+01
3.464770889282226562e+01
3.648853683471679688e+01
3.593265914916992188e+01
3.279866409301757812e+01
2.812972068786621094e+01
2.781357955932617188e+01
2.811519622802734375e+01
2.941713905334472656e+01
2.930069732666015625e+01
2.855682182312011719e+01
2.715811538696289062e+01
2.708086013793945312e+01
2.839758491516113281e+01
3.407719421386718750e+01
3.526037979125976562e+01
3.181767654418945312e+01
2.674067687988281250e+01
2.701858329772949219e+01
2.784155273437500000e+01
2.721657752990722656e+01
2.663155746459960938e+01
2.959343719482421875e+01
3.245477294921875000e+01
3.482222747802734375e+01
3.498030090332031250e+01
3.342786407470703125e+01
3.363936996459960938e+01
3.426321411132812500e+01
3.517419815063476562e+01
3.361136627197265625e+01
3.113400650024414062e+01
2.979739952087402344e+01
2.867630195617675781e+01
3.063107490539550781e+01
3.370848083496093750e+01
3.701375961303710938e+01
3.963098144531250000e+01
3.795655441284179688e+01
3.599991607666015625e+01
3.600519180297851562e+01
3.450259017944335938e+01
3.208776092529296875e+01
2.842855644226074219e+01
2.827988624572753906e+01
2.867416572570800781e+01
2.800454711914062500e+01
2.934430694580078125e+01
2.906295394897460938e+01
3.049106216430664062e+01
3.233328628540039062e+01
3.243070983886718750e+01
3.316568374633789062e+01
3.258161544799804688e+01
3.204244995117187500e+01
3.233354187011718750e+01
3.028690528869628906e+01
3.079782104492187500e+01
2.698820114135742188e+01
2.683790016174316406e+01
3.038818931579589844e+01
3.313634109497070312e+01
3.459595870971679688e+01
3.115058898925781250e+01
3.404886627197265625e+01
3.642382812500000000e+01
3.779584121704101562e+01
3.418718719482421875e+01
3.454047775268554688e+01
3.534176254272460938e+01
3.049367904663085938e+01
2.745533180236816406e+01
3.552239227294921875e+01
4.221226119995117188e+01
4.183771133422851562e+01
3.414131164550781250e+01
3.394620132446289062e+01
3.558158493041992188e+01
3.409613800048828125e+01
2.901644897460937500e+01
2.325690650939941406e+01
4.529572677612304688e+01
5.085274887084960938e+01
3.814207458496093750e+01
2.223842811584472656e+01
4.403683853149414062e+01
5.873118591308593750e+01
4.459029769897460938e+01
2.097916221618652344e+01
4.582242488861083984e+00
7.213921546936035156e+00
1.812221908569335938e+01
3.573807907104492188e+01
5.128619766235351562e+01
5.606508636474609375e+01
5.508640289306640625e+01
5.347958374023437500e+01
6.002957534790039062e+01
nan
nan
nan
nan
nan
nan
nan
nan
nan
nan
