nan
nan
nan
nan
nan
nan
nan
nan
nan
nan
nan
nan
nan
nan
nan
nan
nan
nan
nan
nan
nan
nan
nan
nan
nan
nan
nan
nan
nan
2.016022491455078125e+02
1.923913879394531250e+02
1.905195312500000000e+02
1.924482421875000000e+02
1.940475921630859375e+02
1.956183013916015625e+02
1.940287933349609375e+02
1.946631317138671875e+02
1.954067993164062500e+02
1.951672058105468750e+02
1.920912780761718750e+02
1.924504241943359375e+02
1.912008972167968750e+02
1.890542297363281250e+02
1.874192657470703125e+02
1.824046173095703125e+02
1.829922637939453125e+02
1.829301300048828125e+02
1.860640106201171875e+02
1.900983886718750000e+02
1.921580200195312500e+02
1.919613494873046875e+02
1.902739562988281250e+02
1.899458923339843750e+02
1.916841430664062500e+02
1.909692077636718750e+02
1.876546478271484375e+02
1.837797393798828125e+02
1.841764678955078125e+02
1.862400360107421875e+02
1.866721801757812500e+02
1.859759674072265625e+02
1.853021087646484375e+02
1.871809387207031250e+02
1.890243377685546875e+02
1.880326232910156250e+02
1.848581085205078125e+02
1.834934997558593750e+02
1.847818603515625000e+02
1.873880157470703125e+02
1.876194763183593750e+02
1.859880981445312500e+02
1.854735107421875000e+02
1.838662872314453125e+02
1.827854614257812500e+02
1.805922698974609375e+02
1.800150451660156250e+02
1.808560485839843750e+02
1.811797790527343750e+02
1.826725769042968750e+02
1.843872375488281250e+02
1.833845825195312500e+02
1.834712677001953125e+02
1.821600646972656250e+02
1.812605285644531250e+02
1.814464569091796875e+02
1.799203338623046875e+02
1.800304260253906250e+02
1.812359619140625000e+02
1.823132476806640625e+02
1.853200225830078125e+02
1.860644836425781250e+02
1.854277038574218750e+02
1.835232543945312500e+02
1.811595458984375000e+02
1.817472991943359375e+02
1.802132873535156250e+02
1.802204589843750000e+02
1.797173156738281250e+02
1.823113250732421875e+02
1.842996368408203125e+02
1.868762664794921875e+02
1.895335083007812500e+02
1.863298645019531250e+02
1.842786560058593750e+02
1.809935607910156250e+02
1.817732391357421875e+02
1.818280639648437500e+02
1.807951965332031250e+02
1.788595581054687500e+02
1.789491882324218750e+02
1.787425231933593750e+02
1.802679138183593750e+02
1.831804199218750000e+02
1.849081573486328125e+02
1.871761169433593750e+02
1.877372131347656250e+02
1.862660675048828125e+02
1.839395599365234375e+02
1.831121215820312500e+02
1.834512939453125000e+02
1.825746612548828125e+02
1.793395843505859375e+02
1.766557464599609375e+02
1.773411102294921875e+02
1.759094085693359375e+02
1.755695800781250000e+02
1.758583984375000000e+02
1.772515563964843750e+02
1.779834136962890625e+02
1.767112426757812500e+02
1.762065124511718750e+02
1.774683074951171875e+02
1.774930267333984375e+02
1.792825469970703125e+02
1.798636627197265625e+02
1.804926910400390625e+02
1.816331024169921875e+02
1.811108703613281250e+02
1.823139648437500000e+02
1.808414611816406250e+02
1.797020111083984375e+02
1.803768310546875000e+02
1.797398834228515625e+02
1.818051452636718750e+02
1.822869415283203125e+02
1.805263977050781250e+02
1.798735046386718750e+02
1.791497344970703125e+02
1.802192840576171875e+02
1.816129302978515625e+02
1.817036285400390625e+02
1.809151306152343750e+02
1.798390808105468750e+02
1.794603576660156250e+02
1.794688873291015625e+02
1.800527954101562500e+02
1.796823730468750000e+02
1.767265167236328125e+02
1.773699035644531250e+02
1.785663757324218750e+02
1.786783142089843750e+02
1.767638702392578125e+02
1.761111450195312500e+02
1.765102539062500000e+02
1.785278320312500000e+02
1.793947906494140625e+02
1.792847595214843750e+02
1.759509124755859375e+02
1.730851745605468750e+02
1.718189086914062500e+02
1.724689178466796875e+02
1.745638885498046875e+02
1.765993804931640625e+02
1.762578887939453125e+02
1.768531646728515625e+02
1.751464996337890625e+02
1.752346801757812500e+02
1.777044677734375000e+02
1.780512237548828125e+02
1.763436737060546875e+02
1.728139343261718750e+02
1.717845611572265625e+02
1.714654541015625000e+02
1.725158996582031250e+02
1.741876831054687500e+02
1.766171112060546875e+02
1.781528320312500000e+02
1.774303283691406250e+02
1.790833282470703125e+02
1.793286743164062500e+02
1.787953643798828125e+02
1.766022949218750000e+02
1.775273132324218750e+02
1.779585266113281250e+02
1.790934295654296875e+02
1.784040985107421875e+02
1.771443634033203125e+02
1.731499023437500000e+02
1.723425292968750000e+02
1.698484954833984375e+02
1.716618194580078125e+02
1.714546356201171875e+02
1.741186828613281250e+02
1.734328918457031250e+02
1.739000091552734375e+02
1.734731750488281250e+02
1.733512420654296875e+02
1.724443969726562500e+02
1.727138214111328125e+02
1.727089691162109375e+02
1.731264038085937500e+02
1.743831939697265625e+02
1.765389251708984375e+02
1.756490325927734375e+02
1.729465637207031250e+02
1.712596893310546875e+02
1.719309539794921875e+02
1.712385559082031250e+02
1.730703277587890625e+02
1.753886871337890625e+02
1.770871276855468750e+02
1.750917205810546875e+02
1.728613891601562500e+02
1.698060913085937500e+02
1.692628631591796875e+02
1.678783264160156250e+02
1.686500549316406250e+02
1.699581756591796875e+02
1.708058776855468750e+02
1.711896667480468750e+02
1.716684417724609375e+02
1.708157043457031250e+02
1.713238067626953125e+02
1.714166564941406250e+02
1.718481903076171875e+02
1.728804626464843750e+02
1.731806945800781250e+02
1.730130004882812500e+02
1.710100402832031250e+02
1.697461853027343750e+02
1.703576354980468750e+02
1.713260955810546875e+02
1.721859741210937500e+02
1.716734008789062500e+02
1.700603942871093750e+02
1.696263122558593750e+02
1.699532470703125000e+02
1.718876342773437500e+02
1.720639953613281250e+02
1.705667266845703125e+02
1.694983215332031250e+02
1.683058013916015625e+02
1.682572326660156250e+02
1.682663574218750000e+02
1.694243469238281250e+02
1.697713623046875000e+02
1.701347198486328125e+02
1.703482818603515625e+02
1.685743560791015625e+02
1.679962005615234375e+02
1.667962493896484375e+02
1.665328521728515625e+02
1.666750335693359375e+02
1.662555694580078125e+02
1.667197418212890625e+02
1.660263214111328125e+02
1.654838714599609375e+02
1.680822601318359375e+02
1.693567199707031250e+02
1.697925720214843750e+02
1.688549957275390625e+02
1.679858551025390625e+02
1.669924011230468750e+02
1.656878967285156250e+02
1.640647888183593750e+02
1.635669555664062500e+02
1.639486846923828125e+02
1.624109497070312500e+02
1.631170501708984375e+02
1.638547973632812500e+02
1.644413757324218750e+02
1.635683135986328125e+02
1.632509460449218750e+02
1.630044708251953125e+02
1.652286682128906250e+02
1.649595947265625000e+02
1.673865051269531250e+02
1.684500579833984375e+02
1.679416351318359375e+02
1.664094238281250000e+02
1.636709442138671875e+02
1.621934356689453125e+02
1.612566833496093750e+02
1.616067657470703125e+02
1.629265441894531250e+02
1.636102752685546875e+02
1.631454010009765625e+02
1.641373901367187500e+02
1.628487091064453125e+02
1.641374053955078125e+02
1.648602752685546875e+02
1.665659637451171875e+02
1.643602600097656250e+02
1.631484527587890625e+02
1.624132232666015625e+02
1.627188873291015625e+02
1.621981964111328125e+02
1.617152404785156250e+02
1.588167572021484375e+02
1.595013275146484375e+02
1.600614318847656250e+02
1.636553955078125000e+02
1.652518768310546875e+02
1.654051818847656250e+02
1.617777099609375000e+02
1.579478302001953125e+02
1.572404327392578125e+02
1.574766235351562500e+02
1.588003234863281250e+02
1.608315734863281250e+02
1.617836151123046875e+02
1.629991760253906250e+02
1.629118652343750000e+02
1.624662017822265625e+02
1.622809906005859375e+02
1.617406616210937500e+02
1.624463806152343750e+02
1.614892425537109375e+02
1.605950012207031250e+02
1.576611480712890625e+02
1.571399536132812500e+02
1.584691009521484375e+02
1.595699005126953125e+02
1.608730010986328125e+02
1.612618408203125000e+02
1.615161895751953125e+02
1.627263946533203125e+02
1.639922180175781250e+02
1.653268585205078125e+02
1.643251037597656250e+02
1.624931182861328125e+02
1.621912689208984375e+02
1.622854156494140625e+02
1.636952819824218750e+02
1.620033264160156250e+02
1.627442321777343750e+02
1.626344757080078125e+02
1.608789215087890625e+02
1.602110748291015625e+02
1.586763916015625000e+02
1.580734405517578125e+02
1.567667846679687500e+02
1.577460479736328125e+02
1.600065917968750000e+02
1.620353393554687500e+02
1.612541046142578125e+02
1.593564758300781250e+02
1.582493286132812500e+02
1.585593414306640625e+02
1.579925842285156250e+02
1.595967102050781250e+02
1.600627593994140625e+02
1.590176391601562500e+02
1.567530822753906250e+02
1.555512695312500000e+02
1.561392974853515625e+02
1.565464324951171875e+02
1.584202117919921875e+02
1.602934417724609375e+02
1.606385650634765625e+02
1.609338836669921875e+02
1.602016754150390625e+02
1.601691894531250000e+02
1.600252532958984375e+02
1.601188049316406250e+02
1.611974639892578125e+02
1.611065368652343750e+02
1.594752349853515625e+02
1.581891784667968750e+02
1.598599548339843750e+02
1.609161834716796875e+02
1.623920288085937500e+02
1.610094757080078125e+02
1.611028289794921875e+02
1.591410064697265625e+02
1.598832244873046875e+02
1.586425628662109375e+02
1.575024719238281250e+02
1.563034820556640625e+02
1.567636413574218750e+02
1.568772583007812500e+02
1.577026672363281250e+02
1.580598297119140625e+02
1.588908081054687500e+02
1.587676696777343750e+02
1.582116088867187500e+02
1.569965515136718750e+02
1.581198272705078125e+02
1.584286346435546875e+02
1.597938385009765625e+02
1.581347656250000000e+02
1.587791137695312500e+02
1.595408477783203125e+02
1.612420043945312500e+02
1.602635345458984375e+02
1.596937866210937500e+02
1.590523071289062500e+02
1.585878906250000000e+02
1.573225555419921875e+02
1.565570068359375000e+02
1.568322753906250000e+02
1.562123260498046875e+02
1.539546051025390625e+02
1.536381378173828125e+02
1.536365966796875000e+02
1.564377899169921875e+02
1.576529693603515625e+02
1.584394989013671875e+02
1.588227996826171875e+02
1.577795104980468750e+02
1.578810119628906250e+02
1.575823211669921875e+02
1.565757598876953125e+02
1.560085449218750000e+02
1.556649322509765625e+02
1.552906799316406250e+02
1.550320892333984375e+02
1.543495635986328125e+02
1.541375274658203125e+02
1.554735107421875000e+02
1.556445922851562500e+02
1.557427062988281250e+02
1.563175506591796875e+02
1.573602447509765625e+02
1.570680847167968750e+02
1.583686218261718750e+02
1.571626434326171875e+02
1.577849884033203125e+02
1.558294830322265625e+02
1.558664093017578125e+02
1.551341552734375000e+02
1.564601440429687500e+02
1.590875549316406250e+02
1.595153198242187500e+02
1.593406524658203125e+02
1.588688354492187500e+02
1.600292205810546875e+02
1.599597778320312500e+02
1.592573852539062500e+02
1.597065582275390625e+02
1.597903289794921875e+02
1.588589935302734375e+02
1.578185272216796875e+02
1.582106475830078125e+02
1.579668121337890625e+02
1.586378173828125000e+02
1.577609558105468750e+02
1.567272186279296875e+02
1.556897583007812500e+02
1.542270812988281250e+02
1.549479064941406250e+02
1.552219848632812500e+02
1.545644531250000000e+02
1.539682312011718750e+02
1.543710784912109375e+02
1.553064575195312500e+02
1.558286590576171875e+02
1.560859985351562500e+02
1.566989288330078125e+02
1.576937255859375000e+02
1.566841278076171875e+02
1.562839050292968750e+02
1.558649444580078125e+02
1.559433898925781250e+02
1.552487792968750000e+02
1.565625610351562500e+02
1.573778686523437500e+02
1.591356658935546875e+02
1.569944915771484375e+02
1.564212799072265625e+02
1.559933013916015625e+02
1.562807006835937500e+02
1.556743011474609375e+02
1.564713592529296875e+02
1.556841430664062500e+02
1.555446166992187500e+02
1.558076477050781250e+02
1.556963806152343750e+02
1.551777648925781250e+02
1.555620269775390625e+02
1.555774841308593750e+02
1.577722015380859375e+02
1.557728881835937500e+02
1.567158508300781250e+02
1.561899261474609375e+02
1.565376739501953125e+02
1.540797882080078125e+02
1.520586090087890625e+02
1.514714202880859375e+02
1.514339599609375000e+02
1.536246337890625000e+02
1.535322418212890625e+02
1.535971527099609375e+02
1.532180786132812500e+02
1.538571929931640625e+02
1.552167663574218750e+02
1.549700622558593750e+02
1.552290954589843750e+02
1.528026580810546875e+02
1.552403717041015625e+02
1.547063293457031250e+02
1.557867584228515625e+02
1.522178344726562500e+02
1.498515167236328125e+02
1.483884429931640625e+02
1.483096160888671875e+02
1.496227264404296875e+02
1.519811859130859375e+02
1.526634521484375000e+02
1.515996398925781250e+02
1.506997528076171875e+02
1.497949829101562500e+02
1.495999298095703125e+02
1.492624664306640625e+02
1.466657867431640625e+02
1.477417297363281250e+02
1.493549346923828125e+02
1.524064483642578125e+02
1.542133636474609375e+02
1.517238769531250000e+02
1.514367218017578125e+02
1.523654632568359375e+02
1.541046447753906250e+02
1.547468872070312500e+02
1.533906250000000000e+02
1.507279510498046875e+02
1.482378845214843750e+02
1.474386749267578125e+02
1.510332641601562500e+02
1.540404815673828125e+02
1.548715972900390625e+02
1.554248962402343750e+02
1.546058502197265625e+02
1.551922454833984375e+02
1.553073730468750000e+02
1.540001068115234375e+02
1.526499786376953125e+02
1.523954162597656250e+02
1.517706909179687500e+02
1.517197875976562500e+02
1.512785034179687500e+02
1.533999328613281250e+02
1.543634643554687500e+02
1.551079406738281250e+02
1.554761352539062500e+02
1.565452728271484375e+02
1.547689971923828125e+02
1.542442321777343750e+02
1.532123413085937500e+02
1.527318725585937500e+02
1.498103027343750000e+02
1.501106872558593750e+02
1.502188110351562500e+02
1.509344482421875000e+02
1.519009704589843750e+02
1.550472717285156250e+02
1.570198364257812500e+02
1.550026092529296875e+02
1.522785644531250000e+02
1.532521820068359375e+02
1.544799499511718750e+02
1.548796539306640625e+02
1.547045593261718750e+02
1.549129180908203125e+02
1.552170867919921875e+02
1.538251495361328125e+02
1.530801696777343750e+02
1.538048706054687500e+02
1.548593139648437500e+02
1.546845550537109375e+02
1.540993347167968750e+02
1.550442199707031250e+02
1.542984466552734375e+02
1.539756927490234375e+02
1.515352020263671875e+02
1.515099792480468750e+02
1.538135681152343750e+02
1.548809356689453125e+02
1.578012390136718750e+02
1.580793609619140625e+02
1.585892028808593750e+02
1.580372772216796875e+02
1.561804351806640625e+02
1.537058563232421875e+02
1.522849426269531250e+02
1.512805175781250000e+02
1.522253112792968750e+02
1.531655273437500000e+02
1.544816436767578125e+02
1.546287536621093750e+02
1.538025360107421875e+02
1.510892333984375000e+02
1.507745513916015625e+02
1.506912384033203125e+02
1.521755828857421875e+02
1.522719421386718750e+02
1.528204193115234375e+02
1.542729187011718750e+02
1.544104156494140625e+02
1.536325225830078125e+02
1.520162048339843750e+02
1.520814514160156250e+02
1.521012573242187500e+02
1.531355743408203125e+02
1.545888519287109375e+02
1.555716247558593750e+02
1.554853363037109375e+02
1.526097412109375000e+02
1.507483215332031250e+02
1.511417236328125000e+02
1.525439453125000000e+02
1.534107055664062500e+02
1.531239929199218750e+02
1.524220123291015625e+02
1.518977813720703125e+02
1.509407806396484375e+02
1.511955718994140625e+02
1.500649108886718750e+02
1.505448455810546875e+02
1.491947784423828125e+02
1.497881774902343750e+02
1.499123840332031250e+02
1.518472442626953125e+02
1.530522308349609375e+02
1.536691436767578125e+02
1.522883453369140625e+02
1.498346862792968750e+02
1.481827697753906250e+02
1.481676483154296875e+02
1.492109985351562500e+02
1.517873535156250000e+02
1.533068542480468750e+02
1.516891632080078125e+02
1.504463043212890625e+02
1.501905212402343750e+02
1.503789215087890625e+02
1.510722351074218750e+02
1.507102203369140625e+02
1.498100891113281250e+02
1.502163543701171875e+02
1.504884338378906250e+02
1.525123138427734375e+02
1.532114715576171875e+02
1.540398406982421875e+02
1.528071594238281250e+02
1.516226501464843750e+02
1.513275756835937500e+02
1.523598785400390625e+02
1.527359313964843750e+02
1.529836730957031250e+02
1.517136383056640625e+02
1.519986267089843750e+02
1.518729858398437500e+02
1.521358795166015625e+02
1.522749481201171875e+02
1.523280944824218750e+02
1.525965270996093750e+02
1.521831970214843750e+02
1.529521331787109375e+02
1.553089141845703125e+02
1.560662689208984375e+02
1.540721282958984375e+02
1.507661132812500000e+02
1.507956390380859375e+02
1.520941619873046875e+02
1.519059753417968750e+02
1.509977569580078125e+02
1.510839385986328125e+02
1.527008056640625000e+02
1.541630554199218750e+02
1.551672668457031250e+02
1.540282745361328125e+02
1.533822174072265625e+02
1.528489837646484375e+02
1.519928741455078125e+02
1.522298278808593750e+02
1.520378723144531250e+02
1.533987731933593750e+02
1.529954681396484375e+02
1.522435760498046875e+02
1.516845550537109375e+02
1.506851959228515625e+02
1.496801910400390625e+02
1.500373229980468750e+02
1.527725524902343750e+02
1.555004425048828125e+02
1.545931549072265625e+02
1.550888061523437500e+02
1.530502166748046875e+02
1.516998291015625000e+02
1.497359771728515625e+02
1.509825592041015625e+02
1.510802764892578125e+02
1.543153228759765625e+02
1.558495483398437500e+02
1.562031707763671875e+02
1.548028106689453125e+02
1.540901031494140625e+02
1.546505737304687500e+02
1.533771820068359375e+02
1.541320190429687500e+02
1.535972900390625000e+02
1.542576599121093750e+02
1.524315338134765625e+02
1.507845916748046875e+02
1.498394927978515625e+02
1.495759277343750000e+02
1.520992431640625000e+02
1.552599487304687500e+02
1.561234130859375000e+02
1.545553131103515625e+02
1.529201965332031250e+02
1.517323913574218750e+02
1.533298950195312500e+02
1.543093109130859375e+02
1.555197296142578125e+02
1.544307098388671875e+02
1.507369232177734375e+02
1.495876617431640625e+02
1.505117340087890625e+02
1.526006164550781250e+02
1.529708862304687500e+02
1.524610900878906250e+02
1.515772705078125000e+02
1.507498931884765625e+02
1.516953582763671875e+02
1.536835174560546875e+02
1.520520172119140625e+02
1.503865814208984375e+02
1.491081695556640625e+02
1.516586151123046875e+02
1.538375091552734375e+02
1.558420562744140625e+02
1.545120239257812500e+02
1.511764678955078125e+02
1.498398895263671875e+02
1.499680480957031250e+02
1.514155731201171875e+02
1.528341827392578125e+02
1.529970245361328125e+02
1.529656372070312500e+02
1.534183807373046875e+02
1.524921569824218750e+02
1.510254211425781250e+02
1.510227661132812500e+02
1.533336181640625000e+02
1.544056243896484375e+02
1.536810760498046875e+02
1.529799957275390625e+02
1.548019866943359375e+02
1.560642700195312500e+02
1.558988800048828125e+02
1.542779693603515625e+02
1.524288024902343750e+02
1.521337738037109375e+02
1.525294342041015625e+02
1.517908935546875000e+02
1.510757446289062500e+02
1.505085144042968750e+02
1.514996185302734375e+02
1.516359252929687500e+02
1.527295379638671875e+02
1.544973602294921875e+02
1.551955261230468750e+02
1.550581512451171875e+02
1.539930267333984375e+02
1.527910614013671875e+02
1.506441192626953125e+02
1.510282135009765625e+02
1.518678131103515625e+02
1.526539611816406250e+02
1.519703826904296875e+02
1.516038055419921875e+02
1.512228088378906250e+02
1.526679992675781250e+02
1.528708343505859375e+02
1.534303131103515625e+02
1.506040954589843750e+02
1.497743988037109375e+02
1.487049560546875000e+02
1.495230865478515625e+02
1.513454742431640625e+02
1.520701599121093750e+02
1.532570190429687500e+02
1.528660278320312500e+02
1.526051483154296875e+02
1.521868286132812500e+02
1.507486877441406250e+02
1.493067016601562500e+02
1.479884796142578125e+02
1.483885803222656250e+02
1.495343170166015625e+02
1.497404022216796875e+02
1.491617279052734375e+02
1.495464935302734375e+02
1.493710937500000000e+02
1.484242706298828125e+02
1.497400360107421875e+02
1.513678436279296875e+02
1.506482238769531250e+02
1.486585540771484375e+02
1.479647521972656250e+02
1.482600097656250000e+02
1.472535858154296875e+02
1.474960937500000000e+02
1.488183746337890625e+02
1.488245697021484375e+02
1.480249023437500000e+02
1.498168792724609375e+02
1.515071868896484375e+02
1.516781158447265625e+02
1.507688903808593750e+02
1.505077209472656250e+02
1.497076721191406250e+02
1.494819183349609375e+02
1.505199279785156250e+02
1.497907104492187500e+02
1.497354278564453125e+02
1.507073059082031250e+02
1.520795288085937500e+02
1.512385864257812500e+02
1.509564208984375000e+02
1.499857940673828125e+02
1.489001617431640625e+02
1.484959716796875000e+02
1.507741546630859375e+02
1.524946289062500000e+02
1.530947418212890625e+02
1.536883239746093750e+02
1.557198028564453125e+02
1.561383972167968750e+02
1.553069000244140625e+02
1.534381256103515625e+02
1.512789306640625000e+02
1.493705749511718750e+02
1.496428680419921875e+02
1.513584747314453125e+02
1.503306427001953125e+02
1.500302276611328125e+02
1.502496490478515625e+02
1.506355438232421875e+02
1.504076232910156250e+02
1.523253173828125000e+02
1.535760650634765625e+02
1.539244995117187500e+02
1.524965972900390625e+02
1.526710357666015625e+02
1.510951843261718750e+02
1.505984344482421875e+02
1.506206817626953125e+02
1.491890106201171875e+02
1.490592803955078125e+02
1.486449584960937500e+02
1.498820953369140625e+02
1.507448425292968750e+02
1.503966064453125000e+02
1.489394226074218750e+02
1.496106567382812500e+02
1.509469757080078125e+02
1.506920471191406250e+02
1.476694488525390625e+02
1.486399078369140625e+02
1.511712493896484375e+02
1.533550415039062500e+02
1.528307952880859375e+02
1.524116210937500000e+02
1.530748443603515625e+02
1.513441314697265625e+02
1.504189453125000000e+02
1.498099517822265625e+02
1.496994476318359375e+02
1.490226135253906250e+02
1.484864959716796875e+02
1.494805755615234375e+02
1.492036132812500000e+02
1.502075042724609375e+02
1.501324615478515625e+02
1.501197967529296875e+02
1.508409881591796875e+02
1.518294982910156250e+02
1.523594360351562500e+02
1.532984161376953125e+02
1.527675933837890625e+02
1.522445831298828125e+02
1.515217437744140625e+02
1.495321350097656250e+02
1.494841918945312500e+02
1.507644042968750000e+02
1.499381713867187500e+02
1.496235504150390625e+02
1.495238494873046875e+02
1.507033843994140625e+02
1.496787261962890625e+02
1.507727966308593750e+02
1.528656005859375000e+02
1.549263458251953125e+02
1.535476531982421875e+02
1.512917938232421875e+02
1.508108367919921875e+02
1.506888732910156250e+02
1.497717132568359375e+02
1.508500213623046875e+02
1.519609680175781250e+02
1.545497131347656250e+02
1.566800231933593750e+02
1.549994049072265625e+02
1.541169433593750000e+02
1.515240478515625000e+02
1.509937286376953125e+02
1.482569885253906250e+02
1.478013610839843750e+02
1.462082519531250000e+02
1.460845489501953125e+02
1.471470642089843750e+02
1.508398742675781250e+02
1.511855163574218750e+02
1.505318145751953125e+02
1.485454406738281250e+02
1.476855926513671875e+02
1.463573303222656250e+02
1.469177551269531250e+02
1.468076324462890625e+02
1.460195922851562500e+02
1.460065765380859375e+02
1.470778808593750000e+02
1.484595031738281250e+02
1.468790893554687500e+02
1.462743377685546875e+02
1.451825561523437500e+02
1.472764892578125000e+02
1.478459014892578125e+02
1.481352996826171875e+02
1.480848846435546875e+02
1.496726531982421875e+02
1.486455841064453125e+02
1.497560577392578125e+02
1.520147399902343750e+02
1.538169250488281250e+02
1.527953796386718750e+02
1.505962219238281250e+02
1.492300415039062500e+02
1.503585205078125000e+02
1.508262634277343750e+02
1.524579467773437500e+02
1.525798645019531250e+02
1.533477783203125000e+02
1.518123474121093750e+02
1.522791595458984375e+02
1.529556121826171875e+02
1.551777648925781250e+02
1.551351013183593750e+02
1.543127899169921875e+02
1.535295410156250000e+02
1.562481536865234375e+02
1.570798187255859375e+02
1.560325469970703125e+02
1.548652343750000000e+02
1.547250671386718750e+02
1.553525695800781250e+02
1.572834930419921875e+02
1.568222503662109375e+02
1.591159515380859375e+02
1.579992828369140625e+02
1.578065338134765625e+02
1.540675659179687500e+02
1.534566650390625000e+02
1.513387451171875000e+02
1.531804656982421875e+02
1.536537475585937500e+02
1.539445800781250000e+02
1.530160217285156250e+02
1.519375610351562500e+02
1.507638702392578125e+02
1.500740814208984375e+02
1.504118041992187500e+02
1.505951080322265625e+02
1.480739898681640625e+02
1.471433105468750000e+02
1.446028900146484375e+02
1.447781066894531250e+02
1.433154449462890625e+02
1.452485656738281250e+02
1.447828063964843750e+02
1.462179260253906250e+02
1.471900787353515625e+02
1.467605133056640625e+02
1.444357910156250000e+02
1.448962249755859375e+02
1.449898834228515625e+02
1.459149169921875000e+02
1.449844818115234375e+02
1.448643951416015625e+02
1.438983459472656250e+02
1.456813507080078125e+02
1.449957885742187500e+02
1.459983062744140625e+02
1.479170074462890625e+02
1.496849670410156250e+02
1.483480072021484375e+02
1.482102203369140625e+02
1.491703643798828125e+02
1.528073425292968750e+02
1.527578430175781250e+02
1.524956665039062500e+02
1.487231140136718750e+02
1.468061981201171875e+02
1.451550598144531250e+02
1.457446899414062500e+02
1.454382324218750000e+02
1.446277008056640625e+02
1.443828430175781250e+02
1.424132232666015625e+02
1.438844909667968750e+02
1.434767608642578125e+02
1.448788299560546875e+02
1.443841400146484375e+02
1.452783355712890625e+02
1.467164154052734375e+02
1.457339477539062500e+02
1.440256500244140625e+02
1.422308044433593750e+02
1.468308105468750000e+02
1.498494720458984375e+02
1.505381774902343750e+02
1.479717254638671875e+02
1.465269012451171875e+02
1.457220458984375000e+02
1.473296813964843750e+02
1.485862426757812500e+02
1.503674926757812500e+02
1.499196319580078125e+02
1.470150604248046875e+02
1.457621917724609375e+02
1.440230712890625000e+02
1.461058197021484375e+02
1.454700317382812500e+02
1.444861297607421875e+02
1.451255950927734375e+02
1.475965118408203125e+02
1.482792816162109375e+02
1.471703643798828125e+02
1.435081939697265625e+02
1.436244354248046875e+02
1.448164520263671875e+02
1.495835266113281250e+02
1.530865020751953125e+02
1.539375305175781250e+02
1.511951904296875000e+02
1.493708496093750000e+02
1.494567260742187500e+02
1.487038269042968750e+02
1.469010467529296875e+02
1.425303039550781250e+02
1.407048950195312500e+02
1.372173614501953125e+02
1.400488586425781250e+02
1.412313537597656250e+02
1.410754394531250000e+02
1.393105621337890625e+02
1.422718658447265625e+02
1.456186218261718750e+02
1.450139007568359375e+02
1.406953277587890625e+02
1.385452728271484375e+02
1.380900421142578125e+02
1.390278930664062500e+02
1.397089996337890625e+02
1.387599945068359375e+02
1.382546691894531250e+02
1.361902770996093750e+02
1.337662048339843750e+02
1.340258789062500000e+02
1.374975585937500000e+02
1.415822296142578125e+02
1.393621978759765625e+02
1.367959747314453125e+02
1.358312377929687500e+02
1.424756469726562500e+02
1.488620147705078125e+02
1.482487640380859375e+02
1.438044433593750000e+02
1.393374023437500000e+02
1.410477752685546875e+02
1.421647644042968750e+02
1.451369171142578125e+02
1.425359039306640625e+02
1.401696014404296875e+02
1.390233154296875000e+02
1.377817230224609375e+02
1.339737396240234375e+02
1.318764648437500000e+02
1.362735137939453125e+02
1.422359619140625000e+02
1.433068084716796875e+02
1.399947662353515625e+02
1.354801025390625000e+02
1.390224609375000000e+02
1.398913879394531250e+02
1.414281311035156250e+02
1.335745239257812500e+02
1.346916198730468750e+02
1.364493865966796875e+02
1.421519622802734375e+02
1.407594299316406250e+02
1.407655181884765625e+02
1.430768737792968750e+02
1.418852691650390625e+02
1.416960906982421875e+02
1.400268859863281250e+02
1.420970458984375000e+02
1.379577789306640625e+02
1.317228851318359375e+02
1.334994506835937500e+02
1.390218811035156250e+02
1.431960906982421875e+02
1.431917419433593750e+02
1.430043182373046875e+02
1.485315551757812500e+02
1.494952392578125000e+02
1.482247924804687500e+02
1.539900360107421875e+02
1.582009887695312500e+02
1.615319976806640625e+02
1.600058135986328125e+02
1.617502593994140625e+02
1.603552246093750000e+02
1.614961547851562500e+02
1.640671691894531250e+02
1.636446685791015625e+02
1.613331909179687500e+02
1.593251190185546875e+02
1.572830657958984375e+02
1.563447723388671875e+02
1.530572052001953125e+02
1.522242279052734375e+02
1.535962066650390625e+02
1.548845977783203125e+02
1.529557189941406250e+02
1.541137237548828125e+02
1.585269317626953125e+02
1.597359161376953125e+02
1.576291503906250000e+02
1.555159606933593750e+02
1.541223602294921875e+02
1.532022857666015625e+02
1.510154418945312500e+02
1.506824798583984375e+02
1.510023193359375000e+02
1.511914978027343750e+02
1.491791076660156250e+02
1.527985076904296875e+02
1.530294189453125000e+02
1.520380554199218750e+02
1.522829437255859375e+02
1.539731750488281250e+02
1.517731933593750000e+02
1.514571685791015625e+02
1.515505371093750000e+02
1.531849975585937500e+02
1.542867584228515625e+02
1.528104095458984375e+02
1.487364349365234375e+02
1.503082122802734375e+02
1.503785400390625000e+02
1.525434265136718750e+02
1.518126678466796875e+02
1.503270568847656250e+02
1.481339721679687500e+02
1.470354919433593750e+02
1.471713104248046875e+02
1.467057342529296875e+02
1.510507354736328125e+02
1.518635406494140625e+02
1.507298431396484375e+02
1.494366912841796875e+02
1.478168334960937500e+02
1.483944244384765625e+02
1.514152526855468750e+02
1.507689971923828125e+02
1.475422668457031250e+02
1.485373840332031250e+02
1.505501403808593750e+02
1.513483886718750000e+02
1.505841827392578125e+02
1.476528930664062500e+02
1.457440795898437500e+02
1.477351531982421875e+02
1.488605804443359375e+02
1.487169189453125000e+02
1.505357208251953125e+02
1.543540039062500000e+02
1.538519897460937500e+02
1.485495758056640625e+02
1.473273162841796875e+02
1.506619873046875000e+02
1.532914886474609375e+02
1.507526855468750000e+02
1.498656005859375000e+02
1.494549255371093750e+02
1.461620941162109375e+02
1.448146362304687500e+02
1.448576507568359375e+02
1.491855773925781250e+02
1.525020446777343750e+02
1.496812896728515625e+02
1.478302917480468750e+02
1.495360870361328125e+02
1.473763580322265625e+02
1.461655120849609375e+02
1.475154266357421875e+02
1.506995391845703125e+02
1.487341918945312500e+02
1.468013610839843750e+02
1.464961700439453125e+02
1.446313018798828125e+02
1.440476379394531250e+02
1.463898925781250000e+02
1.483544158935546875e+02
1.463862609863281250e+02
1.458271331787109375e+02
1.463013916015625000e+02
1.467388153076171875e+02
1.463055572509765625e+02
1.476320495605468750e+02
1.474268493652343750e+02
1.487111511230468750e+02
1.463702850341796875e+02
1.463560485839843750e+02
1.479916839599609375e+02
1.483295288085937500e+02
1.467682495117187500e+02
1.457818450927734375e+02
1.460169525146484375e+02
1.451761779785156250e+02
1.448621368408203125e+02
1.442060546875000000e+02
1.453090972900390625e+02
1.490192871093750000e+02
1.518354339599609375e+02
1.491149139404296875e+02
1.462648162841796875e+02
1.439193878173828125e+02
1.443154144287109375e+02
1.455185089111328125e+02
1.478706207275390625e+02
1.506732940673828125e+02
1.517134552001953125e+02
1.470892181396484375e+02
1.464832458496093750e+02
1.471900634765625000e+02
1.494384918212890625e+02
1.454591674804687500e+02
1.436538696289062500e+02
1.424762268066406250e+02
1.432227783203125000e+02
1.438599395751953125e+02
1.457469329833984375e+02
1.448627471923828125e+02
1.408248443603515625e+02
1.391503143310546875e+02
1.442178955078125000e+02
1.468453826904296875e+02
1.439387359619140625e+02
1.434705963134765625e+02
1.451714324951171875e+02
1.472457885742187500e+02
1.461455078125000000e+02
1.466317749023437500e+02
1.483275756835937500e+02
1.479612731933593750e+02
1.484491271972656250e+02
1.469551391601562500e+02
1.460318603515625000e+02
1.443121795654296875e+02
1.446136474609375000e+02
1.438954925537109375e+02
1.420891265869140625e+02
1.405445709228515625e+02
1.395182647705078125e+02
1.389140167236328125e+02
1.371908416748046875e+02
1.414413299560546875e+02
1.434626770019531250e+02
1.439439086914062500e+02
1.429094848632812500e+02
1.424086761474609375e+02
1.413816528320312500e+02
1.413695373535156250e+02
1.417604522705078125e+02
1.431615600585937500e+02
1.446269836425781250e+02
1.449364776611328125e+02
1.425060882568359375e+02
1.394710388183593750e+02
1.387414703369140625e+02
1.385314788818359375e+02
1.411913604736328125e+02
1.449149780273437500e+02
1.452849578857421875e+02
1.433052825927734375e+02
1.428752288818359375e+02
1.433511962890625000e+02
1.429845886230468750e+02
1.422729644775390625e+02
1.418119354248046875e+02
1.406791839599609375e+02
1.396414184570312500e+02
1.411887664794921875e+02
1.419893798828125000e+02
1.424394531250000000e+02
1.407572937011718750e+02
1.418026428222656250e+02
1.435888519287109375e+02
1.455250396728515625e+02
1.461164398193359375e+02
1.448985595703125000e+02
1.427976379394531250e+02
1.406353912353515625e+02
1.377354278564453125e+02
1.369679412841796875e+02
1.370191345214843750e+02
1.380841369628906250e+02
1.394920043945312500e+02
1.397771606445312500e+02
1.400053710937500000e+02
1.399044952392578125e+02
1.408419799804687500e+02
1.392385406494140625e+02
1.390579376220703125e+02
1.381451568603515625e+02
1.380070648193359375e+02
1.381721343994140625e+02
1.408651275634765625e+02
1.402675323486328125e+02
1.404727783203125000e+02
1.421409606933593750e+02
1.434104919433593750e+02
1.397046356201171875e+02
1.406055145263671875e+02
1.407057037353515625e+02
1.405368804931640625e+02
1.401999053955078125e+02
1.407584075927734375e+02
1.414961547851562500e+02
1.399412384033203125e+02
1.391329498291015625e+02
1.385516204833984375e+02
1.412225494384765625e+02
1.384272918701171875e+02
1.363874816894531250e+02
1.380775909423828125e+02
1.413825225830078125e+02
1.405292816162109375e+02
1.386048431396484375e+02
1.383445434570312500e+02
1.395403442382812500e+02
1.395732879638671875e+02
1.398976135253906250e+02
1.407876892089843750e+02
1.412562103271484375e+02
1.420026245117187500e+02
1.415437469482421875e+02
1.402428131103515625e+02
1.379290313720703125e+02
1.397760009765625000e+02
1.433330230712890625e+02
1.440773468017578125e+02
1.416921386718750000e+02
1.407028350830078125e+02
1.390023345947265625e+02
1.396139984130859375e+02
1.411001434326171875e+02
1.414350280761718750e+02
1.395963592529296875e+02
1.390238647460937500e+02
1.386291198730468750e+02
1.382452239990234375e+02
1.387113189697265625e+02
1.396277008056640625e+02
1.388599090576171875e+02
1.369095764160156250e+02
1.368331756591796875e+02
1.382703399658203125e+02
1.379679565429687500e+02
1.369433898925781250e+02
1.363121032714843750e+02
1.354806365966796875e+02
1.342626342773437500e+02
1.355497436523437500e+02
1.370258483886718750e+02
1.379150695800781250e+02
1.376173706054687500e+02
1.377473754882812500e+02
1.378636169433593750e+02
1.390481262207031250e+02
1.386422424316406250e+02
1.396856231689453125e+02
1.382713012695312500e+02
1.369597015380859375e+02
1.357838439941406250e+02
1.372920532226562500e+02
1.365369110107421875e+02
1.367551727294921875e+02
1.381673126220703125e+02
1.362218780517578125e+02
1.346775665283203125e+02
1.360375823974609375e+02
1.369157867431640625e+02
1.385880737304687500e+02
1.385642242431640625e+02
1.346388397216796875e+02
1.329157104492187500e+02
1.334894256591796875e+02
1.337855834960937500e+02
1.337287292480468750e+02
1.352571105957031250e+02
1.350245208740234375e+02
1.374638061523437500e+02
1.400495605468750000e+02
1.390086822509765625e+02
1.373232879638671875e+02
1.361809844970703125e+02
1.367536773681640625e+02
1.360346527099609375e+02
1.373880767822265625e+02
1.383633117675781250e+02
1.394535064697265625e+02
1.383648529052734375e+02
1.366219787597656250e+02
1.354895172119140625e+02
1.353081512451171875e+02
1.351495513916015625e+02
1.320975646972656250e+02
1.322224426269531250e+02
1.337791900634765625e+02
1.375030822753906250e+02
1.382490234375000000e+02
1.388647918701171875e+02
1.387925567626953125e+02
1.374082183837890625e+02
1.347525329589843750e+02
1.354362487792968750e+02
1.369686279296875000e+02
1.376630249023437500e+02
1.393134460449218750e+02
1.392178039550781250e+02
1.386083984375000000e+02
1.385563964843750000e+02
1.382014770507812500e+02
1.369311676025390625e+02
1.345101318359375000e+02
1.319495544433593750e+02
1.357134552001953125e+02
1.399654846191406250e+02
1.403846435546875000e+02
1.393134613037109375e+02
1.386826019287109375e+02
1.362548675537109375e+02
1.338683166503906250e+02
1.346352233886718750e+02
1.372357940673828125e+02
1.364068908691406250e+02
1.339663085937500000e+02
1.328437957763671875e+02
1.339694213867187500e+02
1.347749938964843750e+02
1.360162963867187500e+02
1.360533294677734375e+02
1.368996887207031250e+02
1.351053314208984375e+02
1.328235321044921875e+02
1.340877532958984375e+02
1.350012512207031250e+02
1.353004455566406250e+02
1.353172760009765625e+02
1.354053649902343750e+02
1.340446014404296875e+02
1.327442474365234375e+02
1.327910919189453125e+02
1.330551300048828125e+02
1.326817626953125000e+02
1.318091278076171875e+02
1.309798583984375000e+02
1.320380249023437500e+02
1.348568115234375000e+02
1.329960937500000000e+02
1.328132324218750000e+02
1.343362884521484375e+02
1.366798400878906250e+02
1.375950775146484375e+02
1.373596496582031250e+02
1.371126251220703125e+02
1.364885711669921875e+02
1.355072021484375000e+02
1.343464355468750000e+02
1.318556518554687500e+02
1.321967315673828125e+02
1.330566558837890625e+02
1.363999328613281250e+02
1.371754913330078125e+02
1.361289978027343750e+02
1.350450439453125000e+02
1.336492614746093750e+02
1.337093048095703125e+02
1.345187530517578125e+02
1.335861816406250000e+02
1.337667846679687500e+02
1.333049621582031250e+02
1.301360626220703125e+02
1.307499542236328125e+02
1.324676361083984375e+02
1.322601318359375000e+02
1.336847381591796875e+02
1.339564666748046875e+02
1.317692718505859375e+02
1.280420989990234375e+02
1.312321624755859375e+02
1.344461212158203125e+02
1.352793426513671875e+02
1.346267547607421875e+02
1.347815246582031250e+02
1.314853363037109375e+02
1.315405273437500000e+02
1.324114685058593750e+02
1.321162261962890625e+02
1.291982116699218750e+02
1.271362380981445312e+02
1.252519302368164062e+02
1.258992691040039062e+02
1.270232391357421875e+02
1.266666412353515625e+02
1.281722259521484375e+02
1.304349670410156250e+02
1.317339477539062500e+02
1.311293182373046875e+02
1.329748229980468750e+02
1.329384765625000000e+02
1.268359146118164062e+02
1.263113784790039062e+02
1.287392120361328125e+02
1.300163879394531250e+02
1.322498168945312500e+02
1.329386901855468750e+02
1.324541015625000000e+02
1.325749206542968750e+02
1.305566558837890625e+02
1.302340240478515625e+02
1.329288635253906250e+02
1.322762603759765625e+02
1.306102752685546875e+02
1.299561004638671875e+02
1.322253112792968750e+02
1.335540771484375000e+02
1.347770385742187500e+02
1.365359344482421875e+02
1.369592742919921875e+02
1.366951446533203125e+02
1.373168334960937500e+02
1.345450134277343750e+02
1.328729858398437500e+02
1.346656494140625000e+02
1.380246734619140625e+02
1.410533752441406250e+02
1.399381713867187500e+02
1.380931701660156250e+02
1.402278137207031250e+02
1.410942840576171875e+02
1.365777740478515625e+02
1.340073242187500000e+02
1.354264984130859375e+02
1.378988342285156250e+02
1.362201843261718750e+02
1.340475463867187500e+02
1.346019287109375000e+02
1.367415618896484375e+02
1.357701110839843750e+02
1.352840423583984375e+02
1.332112884521484375e+02
1.314276428222656250e+02
1.332153167724609375e+02
1.339101562500000000e+02
1.342483978271484375e+02
1.342498931884765625e+02
1.340403594970703125e+02
1.319099273681640625e+02
1.318391265869140625e+02
1.328438720703125000e+02
1.330680236816406250e+02
1.329397125244140625e+02
1.318795166015625000e+02
1.323335571289062500e+02
1.337057800292968750e+02
1.338213653564453125e+02
1.327382049560546875e+02
1.323352050781250000e+02
1.312109069824218750e+02
1.314484100341796875e+02
1.332204589843750000e+02
1.336410827636718750e+02
1.328728179931640625e+02
1.330194549560546875e+02
1.313430175781250000e+02
1.287905883789062500e+02
1.261573486328125000e+02
1.248400955200195312e+02
1.275060958862304688e+02
1.324364318847656250e+02
1.370342254638671875e+02
1.353889160156250000e+02
1.301349029541015625e+02
1.281852569580078125e+02
1.295924835205078125e+02
1.303398132324218750e+02
1.268628082275390625e+02
1.278237533569335938e+02
1.303823394775390625e+02
1.310584716796875000e+02
1.313233032226562500e+02
1.315366516113281250e+02
1.323260040283203125e+02
1.316624908447265625e+02
1.291271972656250000e+02
1.298681182861328125e+02
1.309213409423828125e+02
1.319363555908203125e+02
1.320317077636718750e+02
1.326308746337890625e+02
1.361628112792968750e+02
1.353171539306640625e+02
1.337658843994140625e+02
1.332132415771484375e+02
1.307506866455078125e+02
1.283584594726562500e+02
1.272801818847656250e+02
1.297539367675781250e+02
1.317908935546875000e+02
1.309993133544921875e+02
1.309786071777343750e+02
1.309161071777343750e+02
1.315231628417968750e+02
1.340684204101562500e+02
1.351846618652343750e+02
1.322325897216796875e+02
1.300615386962890625e+02
1.298897552490234375e+02
1.307140350341796875e+02
1.315129699707031250e+02
1.308346252441406250e+02
1.299818115234375000e+02
1.299960021972656250e+02
1.297713470458984375e+02
1.280919189453125000e+02
1.258215103149414062e+02
1.262363662719726562e+02
1.262012634277343750e+02
1.268944549560546875e+02
1.258063964843750000e+02
1.257772674560546875e+02
1.286256103515625000e+02
1.310227050781250000e+02
1.328471527099609375e+02
1.333247375488281250e+02
1.337856140136718750e+02
1.313190155029296875e+02
1.292347412109375000e+02
1.297401733398437500e+02
1.311299591064453125e+02
1.315280303955078125e+02
1.276688156127929688e+02
1.279753036499023438e+02
1.297618408203125000e+02
1.291911315917968750e+02
1.285808868408203125e+02
1.268544387817382812e+02
1.268257217407226562e+02
1.271501007080078125e+02
1.279337387084960938e+02
1.283499145507812500e+02
1.281568603515625000e+02
1.269942016601562500e+02
1.289839782714843750e+02
1.284807891845703125e+02
1.277311096191406250e+02
1.275964050292968750e+02
1.287754058837890625e+02
1.310915832519531250e+02
1.288653869628906250e+02
1.244228057861328125e+02
1.235158767700195312e+02
1.247661132812500000e+02
1.253641433715820312e+02
1.275083541870117188e+02
1.279257507324218750e+02
1.271912689208984375e+02
1.276170196533203125e+02
1.271877517700195312e+02
1.293446502685546875e+02
1.296197967529296875e+02
1.281164703369140625e+02
1.259334182739257812e+02
1.273115310668945312e+02
1.290901031494140625e+02
1.275615158081054688e+02
1.261670455932617188e+02
1.248112030029296875e+02
1.252557601928710938e+02
1.280820312500000000e+02
1.276339645385742188e+02
1.244575729370117188e+02
1.241495666503906250e+02
1.265374908447265625e+02
1.273474655151367188e+02
1.277603454589843750e+02
1.279411163330078125e+02
1.264560928344726562e+02
1.234831542968750000e+02
1.244443511962890625e+02
1.268554763793945312e+02
1.285239715576171875e+02
1.298073120117187500e+02
1.287208557128906250e+02
1.257744827270507812e+02
1.243465194702148438e+02
1.265326309204101562e+02
1.268553390502929688e+02
1.245591125488281250e+02
1.234590835571289062e+02
1.245215377807617188e+02
1.252840805053710938e+02
1.266379089355468750e+02
1.280287017822265625e+02
1.274411621093750000e+02
1.281201019287109375e+02
1.271835327148437500e+02
1.243415679931640625e+02
1.218938598632812500e+02
1.237772827148437500e+02
1.253069458007812500e+02
1.246368713378906250e+02
1.246066284179687500e+02
1.273991928100585938e+02
1.283568572998046875e+02
1.233065185546875000e+02
1.209818801879882812e+02
1.246794509887695312e+02
1.255303497314453125e+02
1.252059936523437500e+02
1.258713226318359375e+02
1.255804443359375000e+02
1.247691268920898438e+02
1.261930770874023438e+02
1.264962997436523438e+02
1.255826110839843750e+02
1.247531433105468750e+02
1.220954666137695312e+02
1.201302490234375000e+02
1.214227752685546875e+02
1.246009140014648438e+02
1.254779357910156250e+02
1.264942626953125000e+02
1.247112426757812500e+02
1.222554092407226562e+02
1.237485809326171875e+02
1.238756790161132812e+02
1.255671310424804688e+02
1.274458084106445312e+02
1.259563217163085938e+02
1.245220413208007812e+02
1.255088500976562500e+02
1.252396545410156250e+02
1.265528182983398438e+02
1.283169097900390625e+02
1.267844238281250000e+02
1.232967071533203125e+02
1.232747955322265625e+02
1.253371887207031250e+02
1.254950561523437500e+02
1.248702087402343750e+02
1.241028976440429688e+02
1.267240219116210938e+02
1.277912521362304688e+02
1.262903976440429688e+02
1.252546997070312500e+02
1.227905960083007812e+02
1.230739898681640625e+02
1.248931732177734375e+02
1.242493362426757812e+02
1.251443862915039062e+02
1.259002151489257812e+02
1.251617431640625000e+02
1.270260238647460938e+02
1.277313232421875000e+02
1.281484527587890625e+02
1.276958999633789062e+02
1.243049240112304688e+02
1.240145645141601562e+02
1.261065597534179688e+02
1.266258010864257812e+02
1.251933670043945312e+02
1.274175415039062500e+02
1.277690811157226562e+02
1.248775558471679688e+02
1.244148483276367188e+02
1.257874755859375000e+02
1.259958190917968750e+02
1.254869613647460938e+02
1.259862594604492188e+02
1.288061218261718750e+02
1.264495010375976562e+02
1.256409149169921875e+02
1.278391876220703125e+02
1.259314117431640625e+02
1.222841033935546875e+02
1.230748672485351562e+02
1.250330352783203125e+02
1.242171478271484375e+02
1.251362991333007812e+02
1.230540390014648438e+02
1.229150848388671875e+02
1.263440551757812500e+02
1.246751708984375000e+02
1.234964752197265625e+02
1.253062438964843750e+02
1.262043533325195312e+02
1.260307083129882812e+02
1.253412017822265625e+02
1.241209182739257812e+02
1.252678909301757812e+02
1.242492218017578125e+02
1.230946426391601562e+02
1.219576721191406250e+02
1.223492889404296875e+02
1.257753524780273438e+02
1.284036865234375000e+02
1.257799530029296875e+02
1.235976409912109375e+02
1.235950317382812500e+02
1.243808212280273438e+02
1.256697540283203125e+02
1.261972732543945312e+02
1.260544052124023438e+02
1.250545120239257812e+02
1.246858520507812500e+02
1.238489608764648438e+02
1.221242218017578125e+02
1.218824310302734375e+02
1.232419509887695312e+02
1.243097229003906250e+02
1.279574661254882812e+02
1.275018768310546875e+02
1.211725158691406250e+02
1.189773330688476562e+02
1.195279083251953125e+02
1.209929733276367188e+02
1.236954650878906250e+02
1.232508392333984375e+02
1.211104202270507812e+02
1.232890090942382812e+02
1.243147125244140625e+02
1.228009033203125000e+02
1.243468093872070312e+02
1.261055221557617188e+02
1.269424514770507812e+02
1.260808715820312500e+02
1.264798583984375000e+02
1.261574783325195312e+02
1.263104248046875000e+02
1.261105575561523438e+02
1.249972839355468750e+02
1.226637268066406250e+02
1.192940444946289062e+02
1.182474441528320312e+02
1.192959365844726562e+02
1.207927169799804688e+02
1.216396789550781250e+02
1.184089431762695312e+02
1.153510360717773438e+02
1.185789871215820312e+02
1.188764877319335938e+02
1.169652633666992188e+02
1.204655761718750000e+02
1.204473419189453125e+02
1.177046051025390625e+02
1.184392776489257812e+02
1.198189163208007812e+02
1.194889450073242188e+02
1.186120147705078125e+02
1.182085266113281250e+02
1.181067504882812500e+02
1.208858032226562500e+02
1.202689895629882812e+02
1.208760910034179688e+02
1.225742111206054688e+02
1.180364227294921875e+02
1.195305252075195312e+02
1.216230850219726562e+02
1.206267776489257812e+02
1.223927154541015625e+02
1.254624099731445312e+02
1.231051788330078125e+02
1.177524337768554688e+02
1.214340133666992188e+02
1.215646057128906250e+02
1.176564941406250000e+02
1.182516021728515625e+02
1.181853485107421875e+02
1.186942672729492188e+02
1.206355056762695312e+02
1.254389114379882812e+02
1.270571060180664062e+02
1.196354980468750000e+02
1.169753189086914062e+02
1.215587997436523438e+02
1.208959274291992188e+02
1.159559402465820312e+02
1.182245407104492188e+02
1.216599044799804688e+02
1.200877838134765625e+02
1.199471206665039062e+02
1.184312286376953125e+02
1.166745071411132812e+02
1.188150939941406250e+02
1.243940658569335938e+02
1.227108612060546875e+02
1.152965927124023438e+02
1.167751312255859375e+02
1.181947937011718750e+02
1.141411590576171875e+02
1.148151931762695312e+02
1.212188949584960938e+02
1.246011734008789062e+02
1.205072097778320312e+02
1.206871566772460938e+02
1.191799316406250000e+02
1.144459304809570312e+02
1.170804672241210938e+02
1.267432098388671875e+02
1.245727310180664062e+02
1.191625061035156250e+02
1.176018371582031250e+02
1.185287399291992188e+02
1.249619369506835938e+02
1.283232269287109375e+02
1.233541641235351562e+02
1.138124389648437500e+02
1.159975357055664062e+02
1.179273529052734375e+02
1.161453018188476562e+02
1.188852157592773438e+02
1.215841598510742188e+02
1.223535537719726562e+02
1.295067901611328125e+02
1.360002441406250000e+02
1.273812789916992188e+02
1.176003875732421875e+02
1.271397018432617188e+02
1.314076538085937500e+02
1.270043869018554688e+02
1.219965896606445312e+02
1.202737731933593750e+02
1.334688568115234375e+02
1.480662994384765625e+02
1.515791473388671875e+02
1.468399353027343750e+02
1.442727661132812500e+02
1.400501556396484375e+02
1.284739379882812500e+02
1.082438659667968750e+02
1.338099975585937500e+02
1.558359832763671875e+02
1.231028900146484375e+02
1.166449356079101562e+02
1.238351516723632812e+02
1.370834808349609375e+02
1.412857971191406250e+02
1.595783996582031250e+02
1.512919616699218750e+02
1.345487060546875000e+02
1.190916519165039062e+02
1.254371337890625000e+02
1.508028411865234375e+02
1.532360382080078125e+02
1.701660156250000000e+02
1.744925842285156250e+02
1.326854248046875000e+02
1.142325897216796875e+02
1.321223297119140625e+02
1.770886383056640625e+02
nan
nan
