nan
nan
nan
nan
nan
nan
nan
nan
nan
nan
nan
nan
nan
nan
nan
nan
nan
nan
nan
nan
nan
nan
nan
3.819770812988281250e+01
2.917740058898925781e+01
1.998726844787597656e+01
1.563567924499511719e+01
1.189518928527832031e+01
1.009660434722900391e+01
9.851074218750000000e+00
1.066218566894531250e+01
3.282274627685546875e+01
3.796037292480468750e+01
2.735809516906738281e+01
1.849333572387695312e+01
2.021423149108886719e+01
1.697857093811035156e+01
1.158852577209472656e+01
1.044513893127441406e+01
1.046253204345703125e+01
1.009004116058349609e+01
8.486970901489257812e+00
9.592812538146972656e+00
1.149021244049072266e+01
1.150959300994873047e+01
1.084422683715820312e+01
1.090405273437500000e+01
1.125324916839599609e+01
1.050055694580078125e+01
9.631334304809570312e+00
1.098201084136962891e+01
1.390508747100830078e+01
1.465676879882812500e+01
1.471086692810058594e+01
1.334500503540039062e+01
1.346259784698486328e+01
1.361156654357910156e+01
1.093697261810302734e+01
9.258294105529785156e+00
9.274321556091308594e+00
1.074835491180419922e+01
1.231320476531982422e+01
1.352700805664062500e+01
1.305500125885009766e+01
1.283956909179687500e+01
1.207482051849365234e+01
1.174541091918945312e+01
1.118587493896484375e+01
1.012957572937011719e+01
1.033553123474121094e+01
1.093696594238281250e+01
1.138708496093750000e+01
1.224186420440673828e+01
1.181083679199218750e+01
1.173054885864257812e+01
1.388630199432373047e+01
1.424091815948486328e+01
1.227997684478759766e+01
1.058995628356933594e+01
1.102811908721923828e+01
1.211953830718994141e+01
1.292644786834716797e+01
1.245572376251220703e+01
1.101415634155273438e+01
1.123585700988769531e+01
1.207154560089111328e+01
1.159821701049804688e+01
1.083567714691162109e+01
1.238888740539550781e+01
1.313713741302490234e+01
1.199328517913818359e+01
1.255233573913574219e+01
1.296759605407714844e+01
1.387146949768066406e+01
1.446967124938964844e+01
1.501456069946289062e+01
1.358444309234619141e+01
1.233310985565185547e+01
1.096622467041015625e+01
1.079882049560546875e+01
1.009630489349365234e+01
1.145774745941162109e+01
1.108557128906250000e+01
1.143642711639404297e+01
1.178647708892822266e+01
1.279036331176757812e+01
1.156356239318847656e+01
1.047469711303710938e+01
9.248661041259765625e+00
9.211365699768066406e+00
1.084260082244873047e+01
1.200773811340332031e+01
1.254005432128906250e+01
1.264993000030517578e+01
1.246891880035400391e+01
1.190035629272460938e+01
1.128213405609130859e+01
1.104371356964111328e+01
1.239181613922119141e+01
1.288917827606201172e+01
1.336625003814697266e+01
1.337577152252197266e+01
1.280097103118896484e+01
1.240913772583007812e+01
1.241194057464599609e+01
1.224696445465087891e+01
1.255803012847900391e+01
1.282763767242431641e+01
1.232898044586181641e+01
1.175073814392089844e+01
1.280491828918457031e+01
1.296494674682617188e+01
1.242393302917480469e+01
1.170765876770019531e+01
1.254703235626220703e+01
1.318682098388671875e+01
1.337287712097167969e+01
1.336708259582519531e+01
1.321454620361328125e+01
1.367734622955322266e+01
1.240077972412109375e+01
1.181672000885009766e+01
1.168124008178710938e+01
1.264554977416992188e+01
1.359322834014892578e+01
1.227669429779052734e+01
1.078860569000244141e+01
1.170642852783203125e+01
1.327538967132568359e+01
1.313911151885986328e+01
1.283169364929199219e+01
1.309365463256835938e+01
1.342636394500732422e+01
1.191716003417968750e+01
1.069400691986083984e+01
1.129346561431884766e+01
1.345404243469238281e+01
1.479753971099853516e+01
1.352193927764892578e+01
1.265446186065673828e+01
1.369782352447509766e+01
1.398889827728271484e+01
1.314398574829101562e+01
1.290100288391113281e+01
1.362840080261230469e+01
1.400511932373046875e+01
1.321029758453369141e+01
1.217396831512451172e+01
1.229270267486572266e+01
1.357487010955810547e+01
1.513648033142089844e+01
1.475140285491943359e+01
1.384524536132812500e+01
1.312748813629150391e+01
1.289682865142822266e+01
1.274836826324462891e+01
1.257700347900390625e+01
1.255340576171875000e+01
1.291118240356445312e+01
1.302973175048828125e+01
1.345932388305664062e+01
1.344783210754394531e+01
1.355679893493652344e+01
1.336733722686767578e+01
1.354567718505859375e+01
1.301842021942138672e+01
1.247256183624267578e+01
1.327966308593750000e+01
1.392442798614501953e+01
1.404044437408447266e+01
1.302818775177001953e+01
1.277566051483154297e+01
1.165082740783691406e+01
1.157221508026123047e+01
1.261694431304931641e+01
1.333204364776611328e+01
1.298903846740722656e+01
1.246024894714355469e+01
1.310428714752197266e+01
1.368041419982910156e+01
1.296403884887695312e+01
1.174620723724365234e+01
1.140538501739501953e+01
1.232192039489746094e+01
1.318844318389892578e+01
1.396335601806640625e+01
1.377644634246826172e+01
1.258783626556396484e+01
1.199382209777832031e+01
1.219653701782226562e+01
1.250329399108886719e+01
1.270064830780029297e+01
1.231438922882080078e+01
1.130384826660156250e+01
1.118741798400878906e+01
1.145361042022705078e+01
1.204403114318847656e+01
1.227750110626220703e+01
1.239665317535400391e+01
1.265962219238281250e+01
1.289250564575195312e+01
1.281615066528320312e+01
1.319017696380615234e+01
1.296141624450683594e+01
1.272360706329345703e+01
1.239407539367675781e+01
1.231756687164306641e+01
1.295700073242187500e+01
1.362103557586669922e+01
1.306580066680908203e+01
1.272577476501464844e+01
1.240276908874511719e+01
1.291751861572265625e+01
1.264241123199462891e+01
1.188521480560302734e+01
1.182448959350585938e+01
1.191138458251953125e+01
1.206197071075439453e+01
1.191975879669189453e+01
1.288939380645751953e+01
1.365253543853759766e+01
1.302543449401855469e+01
1.223968696594238281e+01
1.195245838165283203e+01
1.169301414489746094e+01
1.139210700988769531e+01
1.172413539886474609e+01
1.189644622802734375e+01
1.271755886077880859e+01
1.334545612335205078e+01
1.269193744659423828e+01
1.214883232116699219e+01
1.210258007049560547e+01
1.213723087310791016e+01
1.210793876647949219e+01
1.214684200286865234e+01
1.145831489562988281e+01
1.104015922546386719e+01
1.142142391204833984e+01
1.185292053222656250e+01
1.184081935882568359e+01
1.144989967346191406e+01
1.062051773071289062e+01
1.059970378875732422e+01
1.007650184631347656e+01
1.001250553131103516e+01
1.097004318237304688e+01
1.233878040313720703e+01
1.233125209808349609e+01
1.188075542449951172e+01
1.192918109893798828e+01
1.188128852844238281e+01
1.223877906799316406e+01
1.221602249145507812e+01
1.181615829467773438e+01
1.151094722747802734e+01
1.151696395874023438e+01
1.115151786804199219e+01
1.108509349822998047e+01
1.039007282257080078e+01
1.031226253509521484e+01
1.015289020538330078e+01
1.033698081970214844e+01
1.100168228149414062e+01
1.141610622406005859e+01
1.142289447784423828e+01
1.146877861022949219e+01
1.157926082611083984e+01
1.072287654876708984e+01
1.060937595367431641e+01
1.080649185180664062e+01
1.121260261535644531e+01
1.047668075561523438e+01
1.003030204772949219e+01
1.008213233947753906e+01
1.073721599578857422e+01
1.134758472442626953e+01
1.093131446838378906e+01
1.125074386596679688e+01
1.187828731536865234e+01
1.140593624114990234e+01
1.014943408966064453e+01
9.525506019592285156e+00
9.807211875915527344e+00
1.040637397766113281e+01
1.090041065216064453e+01
1.132242488861083984e+01
1.128678798675537109e+01
1.082851505279541016e+01
1.069528293609619141e+01
1.060796642303466797e+01
1.075615310668945312e+01
1.056778907775878906e+01
1.031548690795898438e+01
1.065511226654052734e+01
1.130967903137207031e+01
1.183580780029296875e+01
1.108173465728759766e+01
1.002110290527343750e+01
9.795610427856445312e+00
1.075074005126953125e+01
1.114018344879150391e+01
1.047384262084960938e+01
1.046312522888183594e+01
1.074756526947021484e+01
1.102155208587646484e+01
1.083636474609375000e+01
1.025342178344726562e+01
9.985597610473632812e+00
1.020186519622802734e+01
9.433827400207519531e+00
9.283129692077636719e+00
9.995265007019042969e+00
1.024878692626953125e+01
1.024150180816650391e+01
1.021064090728759766e+01
1.014026451110839844e+01
9.522073745727539062e+00
9.543720245361328125e+00
9.963397026062011719e+00
1.031754875183105469e+01
1.071936511993408203e+01
1.050555896759033203e+01
9.840407371520996094e+00
9.160753250122070312e+00
9.763481140136718750e+00
9.676109313964843750e+00
9.528955459594726562e+00
9.316332817077636719e+00
9.773755073547363281e+00
1.016549301147460938e+01
9.624210357666015625e+00
8.714504241943359375e+00
8.314722061157226562e+00
8.716033935546875000e+00
8.587315559387207031e+00
9.484563827514648438e+00
9.835468292236328125e+00
9.697763442993164062e+00
9.001139640808105469e+00
9.536969184875488281e+00
9.653583526611328125e+00
9.269919395446777344e+00
8.429612159729003906e+00
8.550102233886718750e+00
8.968566894531250000e+00
1.030030059814453125e+01
1.051962471008300781e+01
1.049299144744873047e+01
1.026830101013183594e+01
1.039602756500244141e+01
9.639279365539550781e+00
9.322087287902832031e+00
8.748202323913574219e+00
8.867701530456542969e+00
8.445340156555175781e+00
8.634477615356445312e+00
9.213171005249023438e+00
9.558371543884277344e+00
1.019750213623046875e+01
1.042055416107177734e+01
1.048346900939941406e+01
1.042236709594726562e+01
1.036168289184570312e+01
1.015292644500732422e+01
1.017862319946289062e+01
1.061279582977294922e+01
1.026690864562988281e+01
9.959827423095703125e+00
1.011303710937500000e+01
9.883954048156738281e+00
9.623220443725585938e+00
9.424561500549316406e+00
9.010489463806152344e+00
8.771594047546386719e+00
8.128577232360839844e+00
8.418472290039062500e+00
8.869201660156250000e+00
9.179287910461425781e+00
8.902894020080566406e+00
9.295601844787597656e+00
9.551801681518554688e+00
9.313383102416992188e+00
8.513756752014160156e+00
8.129446029663085938e+00
8.423171043395996094e+00
8.567266464233398438e+00
8.900910377502441406e+00
9.105114936828613281e+00
9.019515037536621094e+00
8.581433296203613281e+00
8.285700798034667969e+00
8.450041770935058594e+00
8.721718788146972656e+00
9.415213584899902344e+00
9.268315315246582031e+00
8.767221450805664062e+00
8.554911613464355469e+00
9.281051635742187500e+00
9.061027526855468750e+00
8.654448509216308594e+00
8.664361000061035156e+00
8.981948852539062500e+00
9.532955169677734375e+00
9.977051734924316406e+00
1.017460727691650391e+01
9.818217277526855469e+00
9.191192626953125000e+00
9.326569557189941406e+00
9.532642364501953125e+00
9.647743225097656250e+00
8.705717086791992188e+00
8.603161811828613281e+00
8.577132225036621094e+00
8.285377502441406250e+00
8.140055656433105469e+00
8.351000785827636719e+00
8.589796066284179688e+00
9.095552444458007812e+00
9.609182357788085938e+00
9.496670722961425781e+00
9.425702095031738281e+00
9.418036460876464844e+00
9.425024032592773438e+00
9.167140960693359375e+00
8.913622856140136719e+00
9.480742454528808594e+00
9.474055290222167969e+00
9.480645179748535156e+00
9.048388481140136719e+00
9.010282516479492188e+00
8.939973831176757812e+00
9.017679214477539062e+00
9.599455833435058594e+00
9.831102371215820312e+00
9.798703193664550781e+00
9.507287979125976562e+00
9.449055671691894531e+00
9.260892868041992188e+00
9.163884162902832031e+00
9.464190483093261719e+00
9.824342727661132812e+00
9.632698059082031250e+00
9.035320281982421875e+00
8.956944465637207031e+00
9.282480239868164062e+00
9.479408264160156250e+00
9.658321380615234375e+00
9.630414009094238281e+00
9.623888015747070312e+00
1.021422863006591797e+01
1.052723884582519531e+01
1.021052265167236328e+01
9.829878807067871094e+00
9.864385604858398438e+00
1.037056255340576172e+01
1.030360889434814453e+01
9.890223503112792969e+00
9.514860153198242188e+00
8.787774085998535156e+00
8.570095062255859375e+00
9.183234214782714844e+00
9.104097366333007812e+00
9.597706794738769531e+00
1.036765956878662109e+01
1.098143863677978516e+01
1.026535606384277344e+01
1.011171340942382812e+01
9.385372161865234375e+00
8.695722579956054688e+00
8.992321014404296875e+00
9.889268875122070312e+00
1.035670852661132812e+01
1.010305786132812500e+01
9.979195594787597656e+00
9.816452026367187500e+00
1.032322692871093750e+01
9.732573509216308594e+00
9.987885475158691406e+00
1.009961414337158203e+01
1.007697010040283203e+01
1.049167346954345703e+01
1.079556846618652344e+01
1.016695690155029297e+01
9.693120956420898438e+00
1.035713100433349609e+01
1.047147178649902344e+01
1.025925636291503906e+01
1.029155540466308594e+01
1.092651557922363281e+01
1.114871788024902344e+01
1.091328811645507812e+01
1.009907150268554688e+01
9.378859519958496094e+00
9.626686096191406250e+00
9.916539192199707031e+00
1.011276054382324219e+01
1.046648788452148438e+01
1.106309700012207031e+01
1.094086265563964844e+01
1.082451438903808594e+01
1.073007011413574219e+01
1.031450080871582031e+01
1.014869403839111328e+01
1.009226989746093750e+01
1.003542327880859375e+01
9.830759048461914062e+00
9.868041038513183594e+00
1.040364933013916016e+01
1.075102424621582031e+01
1.108348846435546875e+01
1.065671157836914062e+01
1.000288200378417969e+01
1.028900527954101562e+01
1.078116607666015625e+01
1.120868587493896484e+01
1.055678844451904297e+01
1.069427871704101562e+01
1.085542869567871094e+01
1.088420009613037109e+01
1.062444496154785156e+01
1.078063011169433594e+01
1.079306602478027344e+01
1.046916770935058594e+01
1.075915431976318359e+01
1.119730281829833984e+01
1.118917942047119141e+01
1.094052028656005859e+01
1.167701721191406250e+01
1.191872406005859375e+01
1.107732295989990234e+01
1.051302051544189453e+01
1.074232006072998047e+01
1.085027980804443359e+01
1.122814464569091797e+01
1.157406711578369141e+01
1.155781269073486328e+01
1.149274349212646484e+01
1.173580741882324219e+01
1.157296180725097656e+01
1.110077381134033203e+01
1.010070323944091797e+01
1.041679763793945312e+01
1.082917213439941406e+01
1.049233531951904297e+01
1.025937175750732422e+01
1.043758487701416016e+01
1.080874633789062500e+01
1.144964408874511719e+01
1.206551933288574219e+01
1.223853683471679688e+01
1.204053688049316406e+01
1.224897098541259766e+01
1.225869083404541016e+01
1.160691928863525391e+01
1.163738441467285156e+01
1.188509368896484375e+01
1.196916294097900391e+01
1.147848987579345703e+01
1.163789367675781250e+01
1.151675796508789062e+01
1.144150066375732422e+01
1.120473766326904297e+01
1.132600975036621094e+01
1.161070442199707031e+01
1.219577312469482422e+01
1.248105621337890625e+01
1.261297988891601562e+01
1.310335826873779297e+01
1.296074104309082031e+01
1.247542953491210938e+01
1.212459182739257812e+01
1.160110855102539062e+01
1.146285057067871094e+01
1.141636276245117188e+01
1.159804916381835938e+01
1.131978225708007812e+01
1.156906032562255859e+01
1.158609962463378906e+01
1.141493797302246094e+01
1.149411010742187500e+01
1.136038208007812500e+01
1.166051578521728516e+01
1.154731273651123047e+01
1.177171230316162109e+01
1.152903366088867188e+01
1.116469669342041016e+01
1.074702548980712891e+01
1.117166805267333984e+01
1.168049240112304688e+01
1.186702060699462891e+01
1.179689788818359375e+01
1.167832183837890625e+01
1.131312179565429688e+01
1.119892311096191406e+01
1.164764881134033203e+01
1.150947284698486328e+01
1.102584552764892578e+01
1.084885597229003906e+01
1.119257640838623047e+01
1.102639579772949219e+01
1.079780578613281250e+01
1.102242374420166016e+01
1.139713859558105469e+01
1.124996185302734375e+01
1.138727188110351562e+01
1.137612247467041016e+01
1.192034530639648438e+01
1.161155128479003906e+01
1.181228637695312500e+01
1.214811229705810547e+01
1.215967655181884766e+01
1.180071067810058594e+01
1.181120777130126953e+01
1.208522415161132812e+01
1.208008575439453125e+01
1.176563358306884766e+01
1.132512760162353516e+01
1.103711318969726562e+01
1.130250263214111328e+01
1.112625980377197266e+01
1.125642395019531250e+01
1.185702133178710938e+01
1.197206497192382812e+01
1.165722274780273438e+01
1.146108627319335938e+01
1.168598556518554688e+01
1.185667991638183594e+01
1.198951816558837891e+01
1.201810169219970703e+01
1.164664936065673828e+01
1.126403045654296875e+01
1.123537540435791016e+01
1.128352832794189453e+01
1.128332805633544922e+01
1.093175029754638672e+01
1.094213294982910156e+01
1.088167667388916016e+01
1.120437908172607422e+01
1.094299697875976562e+01
1.038459682464599609e+01
1.078001308441162109e+01
1.152341747283935547e+01
1.203090667724609375e+01
1.221345806121826172e+01
1.214974498748779297e+01
1.228749942779541016e+01
1.213385677337646484e+01
1.221277618408203125e+01
1.174872875213623047e+01
1.095702552795410156e+01
1.060608196258544922e+01
1.043131256103515625e+01
1.036575222015380859e+01
1.009422492980957031e+01
1.049203586578369141e+01
1.100664806365966797e+01
1.151043224334716797e+01
1.134189414978027344e+01
1.093773651123046875e+01
1.094308948516845703e+01
1.125584316253662109e+01
1.151126861572265625e+01
1.170530509948730469e+01
1.222144412994384766e+01
1.221014308929443359e+01
1.160411548614501953e+01
1.114226531982421875e+01
1.108352375030517578e+01
1.145272064208984375e+01
1.147137355804443359e+01
1.178226280212402344e+01
1.203148651123046875e+01
1.185409545898437500e+01
1.155851078033447266e+01
1.112372589111328125e+01
1.102137565612792969e+01
1.146600341796875000e+01
1.204386520385742188e+01
1.238901996612548828e+01
1.213419246673583984e+01
1.206983280181884766e+01
1.180750560760498047e+01
1.184222507476806641e+01
1.154352855682373047e+01
1.135648345947265625e+01
1.113388156890869141e+01
1.111759376525878906e+01
1.104177474975585938e+01
1.095872783660888672e+01
1.135125637054443359e+01
1.159729290008544922e+01
1.134063243865966797e+01
1.106937408447265625e+01
1.085233688354492188e+01
1.102060794830322266e+01
1.089398384094238281e+01
1.132940387725830078e+01
1.131970119476318359e+01
1.102098178863525391e+01
1.080046081542968750e+01
1.116279411315917969e+01
1.134634113311767578e+01
1.111898803710937500e+01
1.104283428192138672e+01
1.095930480957031250e+01
1.053263759613037109e+01
1.025788784027099609e+01
1.068403148651123047e+01
1.112508773803710938e+01
1.158843135833740234e+01
1.144940185546875000e+01
1.110380744934082031e+01
1.048760318756103516e+01
1.045777797698974609e+01
1.056200027465820312e+01
1.079115200042724609e+01
1.078055191040039062e+01
1.087326240539550781e+01
1.050083732604980469e+01
1.110394668579101562e+01
1.133258056640625000e+01
1.104385566711425781e+01
1.081628990173339844e+01
1.104063415527343750e+01
1.067779254913330078e+01
9.804917335510253906e+00
9.868931770324707031e+00
1.029171085357666016e+01
1.049932003021240234e+01
1.075004386901855469e+01
1.085576534271240234e+01
1.096496963500976562e+01
1.069791603088378906e+01
1.084042835235595703e+01
1.058005237579345703e+01
1.027872371673583984e+01
1.035112667083740234e+01
1.116231536865234375e+01
1.172377014160156250e+01
1.154665279388427734e+01
1.056669616699218750e+01
9.688676834106445312e+00
9.331707954406738281e+00
9.199179649353027344e+00
9.552502632141113281e+00
9.741476058959960938e+00
9.810585021972656250e+00
9.931309700012207031e+00
1.024033832550048828e+01
1.027511215209960938e+01
1.061569976806640625e+01
1.034445953369140625e+01
1.059973621368408203e+01
1.028919506072998047e+01
1.036008739471435547e+01
1.021888637542724609e+01
1.037696170806884766e+01
1.045993328094482422e+01
1.040025806427001953e+01
1.070077037811279297e+01
1.099363040924072266e+01
1.113336658477783203e+01
1.076526165008544922e+01
1.043843746185302734e+01
1.018107795715332031e+01
9.983928680419921875e+00
9.710041046142578125e+00
9.801393508911132812e+00
9.866856575012207031e+00
1.015576839447021484e+01
1.066289234161376953e+01
1.047786712646484375e+01
1.048383903503417969e+01
1.042819023132324219e+01
9.940602302551269531e+00
9.484544754028320312e+00
9.876855850219726562e+00
1.035357856750488281e+01
1.048168373107910156e+01
1.010390949249267578e+01
9.900296211242675781e+00
1.001159000396728516e+01
1.044956111907958984e+01
1.023991489410400391e+01
9.811664581298828125e+00
9.295979499816894531e+00
9.262906074523925781e+00
9.413509368896484375e+00
9.438493728637695312e+00
9.327733039855957031e+00
9.432411193847656250e+00
9.806403160095214844e+00
9.527956962585449219e+00
9.480239868164062500e+00
1.007934474945068359e+01
1.031285572052001953e+01
1.006999588012695312e+01
9.840459823608398438e+00
9.812545776367187500e+00
9.646302223205566406e+00
9.452534675598144531e+00
9.776291847229003906e+00
9.765995025634765625e+00
9.964220046997070312e+00
1.010476779937744141e+01
1.029077911376953125e+01
1.020457172393798828e+01
9.908050537109375000e+00
1.005983257293701172e+01
1.019134521484375000e+01
1.013982486724853516e+01
9.721621513366699219e+00
9.615242004394531250e+00
9.455209732055664062e+00
9.445531845092773438e+00
9.781311988830566406e+00
1.019834613800048828e+01
1.021401596069335938e+01
9.863653182983398438e+00
9.742621421813964844e+00
9.395362854003906250e+00
8.976922988891601562e+00
8.784001350402832031e+00
9.215252876281738281e+00
9.570862770080566406e+00
9.257456779479980469e+00
9.210585594177246094e+00
9.193444252014160156e+00
9.545102119445800781e+00
9.533246040344238281e+00
9.256735801696777344e+00
9.012082099914550781e+00
9.337290763854980469e+00
9.418074607849121094e+00
9.137243270874023438e+00
9.156718254089355469e+00
9.405911445617675781e+00
9.446759223937988281e+00
9.333010673522949219e+00
8.791639328002929688e+00
8.956521987915039062e+00
9.082241058349609375e+00
9.282966613769531250e+00
9.347059249877929688e+00
9.149176597595214844e+00
9.018092155456542969e+00
8.595322608947753906e+00
7.956486225128173828e+00
7.963545799255371094e+00
8.523269653320312500e+00
9.173265457153320312e+00
9.118552207946777344e+00
8.658041954040527344e+00
8.223459243774414062e+00
8.489361763000488281e+00
8.876562118530273438e+00
8.827913284301757812e+00
8.862462997436523438e+00
9.241542816162109375e+00
9.992691040039062500e+00
1.026926422119140625e+01
9.755274772644042969e+00
9.176758766174316406e+00
8.611919403076171875e+00
8.467464447021484375e+00
8.313676834106445312e+00
8.652668952941894531e+00
8.528077125549316406e+00
8.648421287536621094e+00
9.005774497985839844e+00
9.658722877502441406e+00
9.545340538024902344e+00
9.363232612609863281e+00
9.601922988891601562e+00
9.884737968444824219e+00
9.605150222778320312e+00
9.275542259216308594e+00
8.755674362182617188e+00
8.386884689331054688e+00
8.795335769653320312e+00
8.847862243652343750e+00
8.325765609741210938e+00
7.795003890991210938e+00
8.023079872131347656e+00
8.551308631896972656e+00
8.670769691467285156e+00
8.654077529907226562e+00
8.244602203369140625e+00
8.175274848937988281e+00
7.763731956481933594e+00
7.769813060760498047e+00
8.003914833068847656e+00
8.531891822814941406e+00
8.471175193786621094e+00
7.770495414733886719e+00
7.747967243194580078e+00
8.477675437927246094e+00
8.933217048645019531e+00
9.056151390075683594e+00
9.044799804687500000e+00
8.992554664611816406e+00
8.939668655395507812e+00
8.478816032409667969e+00
8.146458625793457031e+00
8.572484970092773438e+00
8.768350601196289062e+00
8.711090087890625000e+00
8.421936988830566406e+00
8.651871681213378906e+00
8.874045372009277344e+00
8.882846832275390625e+00
8.738838195800781250e+00
8.640790939331054688e+00
9.034900665283203125e+00
9.154307365417480469e+00
9.230101585388183594e+00
9.060327529907226562e+00
8.941950798034667969e+00
8.485614776611328125e+00
8.566928863525390625e+00
8.814810752868652344e+00
8.957839012145996094e+00
8.884041786193847656e+00
8.688814163208007812e+00
8.533041000366210938e+00
8.467103958129882812e+00
8.687379837036132812e+00
9.057964324951171875e+00
8.993536949157714844e+00
8.942234039306640625e+00
9.020464897155761719e+00
8.791331291198730469e+00
8.627413749694824219e+00
8.675075531005859375e+00
8.694403648376464844e+00
8.350417137145996094e+00
8.224595069885253906e+00
8.281512260437011719e+00
8.410015106201171875e+00
8.435441017150878906e+00
8.680539131164550781e+00
8.654482841491699219e+00
8.718685150146484375e+00
8.659204483032226562e+00
8.459789276123046875e+00
8.217204093933105469e+00
8.417288780212402344e+00
8.382179260253906250e+00
8.320982933044433594e+00
8.431950569152832031e+00
8.666748046875000000e+00
8.594073295593261719e+00
8.584896087646484375e+00
8.615889549255371094e+00
8.766411781311035156e+00
8.831825256347656250e+00
8.650995254516601562e+00
8.357649803161621094e+00
8.518824577331542969e+00
8.828646659851074219e+00
9.162319183349609375e+00
8.976621627807617188e+00
8.604552268981933594e+00
8.340782165527343750e+00
8.622227668762207031e+00
8.763002395629882812e+00
8.761878013610839844e+00
8.916290283203125000e+00
9.279087066650390625e+00
9.130530357360839844e+00
8.299121856689453125e+00
7.927438735961914062e+00
8.380854606628417969e+00
8.786820411682128906e+00
9.004084587097167969e+00
8.991336822509765625e+00
8.964015007019042969e+00
8.625586509704589844e+00
8.573116302490234375e+00
8.718111991882324219e+00
8.811820983886718750e+00
9.321643829345703125e+00
9.169621467590332031e+00
8.733262062072753906e+00
8.199705123901367188e+00
8.178539276123046875e+00
7.998466968536376953e+00
8.039711952209472656e+00
8.074367523193359375e+00
8.495491027832031250e+00
8.722690582275390625e+00
8.668753623962402344e+00
8.548563003540039062e+00
8.153966903686523438e+00
8.370420455932617188e+00
8.477705955505371094e+00
8.450758934020996094e+00
8.163265228271484375e+00
8.367605209350585938e+00
8.283347129821777344e+00
8.214553833007812500e+00
8.214744567871093750e+00
8.487562179565429688e+00
8.805756568908691406e+00
9.065703392028808594e+00
9.079913139343261719e+00
8.839381217956542969e+00
8.445901870727539062e+00
8.280312538146972656e+00
8.323075294494628906e+00
8.520944595336914062e+00
8.502840042114257812e+00
8.422686576843261719e+00
8.658839225769042969e+00
8.888128280639648438e+00
8.859578132629394531e+00
8.887290954589843750e+00
8.587489128112792969e+00
8.273939132690429688e+00
7.837498664855957031e+00
7.986641407012939453e+00
8.346432685852050781e+00
8.441397666931152344e+00
8.476715087890625000e+00
8.632964134216308594e+00
8.834645271301269531e+00
8.436944007873535156e+00
7.868078231811523438e+00
7.700850009918212891e+00
7.811485290527343750e+00
7.682253837585449219e+00
7.541399955749511719e+00
7.580383777618408203e+00
8.039169311523437500e+00
8.215538024902343750e+00
7.727714538574218750e+00
7.571669578552246094e+00
8.143805503845214844e+00
8.761178016662597656e+00
8.854020118713378906e+00
9.008460044860839844e+00
8.775629043579101562e+00
8.220638275146484375e+00
7.757034301757812500e+00
7.924530029296875000e+00
8.438751220703125000e+00
8.636715888977050781e+00
8.330940246582031250e+00
8.343950271606445312e+00
8.266729354858398438e+00
8.377282142639160156e+00
8.733363151550292969e+00
8.343314170837402344e+00
8.141541481018066406e+00
8.375061035156250000e+00
8.522449493408203125e+00
8.434524536132812500e+00
8.025953292846679688e+00
8.056511878967285156e+00
8.321170806884765625e+00
8.438610076904296875e+00
8.571441650390625000e+00
8.852490425109863281e+00
8.833397865295410156e+00
8.155625343322753906e+00
8.146242141723632812e+00
8.750794410705566406e+00
8.957852363586425781e+00
8.944839477539062500e+00
8.774640083312988281e+00
8.155451774597167969e+00
7.871256828308105469e+00
7.862857818603515625e+00
7.538036823272705078e+00
7.756599426269531250e+00
8.182326316833496094e+00
8.437476158142089844e+00
8.435570716857910156e+00
8.241985321044921875e+00
8.015323638916015625e+00
7.753273963928222656e+00
8.025487899780273438e+00
8.287120819091796875e+00
8.820229530334472656e+00
8.720046043395996094e+00
8.288723945617675781e+00
8.200609207153320312e+00
8.351359367370605469e+00
8.389097213745117188e+00
8.559203147888183594e+00
8.455126762390136719e+00
8.520108222961425781e+00
8.584344863891601562e+00
8.572223663330078125e+00
8.174876213073730469e+00
7.886074542999267578e+00
7.742564201354980469e+00
7.776760578155517578e+00
7.930988788604736328e+00
7.709300994873046875e+00
7.585350990295410156e+00
7.809253692626953125e+00
8.212572097778320312e+00
8.147818565368652344e+00
8.150169372558593750e+00
7.711686134338378906e+00
7.705413818359375000e+00
8.053293228149414062e+00
8.275241851806640625e+00
8.073586463928222656e+00
7.933845043182373047e+00
7.934530735015869141e+00
8.188785552978515625e+00
8.473533630371093750e+00
8.300464630126953125e+00
7.961654663085937500e+00
8.144330024719238281e+00
8.643677711486816406e+00
8.904669761657714844e+00
8.631835937500000000e+00
8.622055053710937500e+00
8.258631706237792969e+00
8.282451629638671875e+00
8.254754066467285156e+00
8.171140670776367188e+00
7.999958992004394531e+00
8.063035964965820312e+00
8.009872436523437500e+00
8.032305717468261719e+00
8.418475151062011719e+00
8.708426475524902344e+00
8.765784263610839844e+00
8.463581085205078125e+00
8.380573272705078125e+00
8.587097167968750000e+00
8.470958709716796875e+00
8.697923660278320312e+00
8.741419792175292969e+00
8.664136886596679688e+00
8.286867141723632812e+00
8.237119674682617188e+00
8.252294540405273438e+00
8.049102783203125000e+00
8.130537033081054688e+00
8.128798484802246094e+00
7.748108863830566406e+00
7.675714492797851562e+00
8.308691978454589844e+00
8.455441474914550781e+00
8.030599594116210938e+00
8.222128868103027344e+00
8.398064613342285156e+00
8.522582054138183594e+00
8.781703948974609375e+00
8.597255706787109375e+00
8.242741584777832031e+00
8.121960639953613281e+00
8.396386146545410156e+00
8.689425468444824219e+00
8.673691749572753906e+00
8.363451004028320312e+00
8.522666931152343750e+00
8.032793998718261719e+00
8.018260955810546875e+00
8.251999855041503906e+00
8.246187210083007812e+00
8.397980690002441406e+00
8.797344207763671875e+00
8.936998367309570312e+00
8.840411186218261719e+00
8.740123748779296875e+00
8.797876358032226562e+00
8.823901176452636719e+00
8.760676383972167969e+00
8.304717063903808594e+00
8.063735961914062500e+00
8.056717872619628906e+00
8.753532409667968750e+00
9.008172988891601562e+00
8.869959831237792969e+00
8.637674331665039062e+00
8.874647140502929688e+00
8.593852043151855469e+00
8.533539772033691406e+00
8.374855041503906250e+00
8.283966064453125000e+00
8.253569602966308594e+00
8.555510520935058594e+00
9.276156425476074219e+00
9.598606109619140625e+00
9.220868110656738281e+00
8.865135192871093750e+00
8.717494010925292969e+00
8.553144454956054688e+00
8.427749633789062500e+00
7.983986377716064453e+00
7.785738945007324219e+00
7.655709743499755859e+00
7.464636325836181641e+00
7.357628822326660156e+00
7.637022018432617188e+00
8.030753135681152344e+00
8.319467544555664062e+00
8.475447654724121094e+00
8.380104064941406250e+00
8.656114578247070312e+00
8.799376487731933594e+00
8.818710327148437500e+00
8.173696517944335938e+00
8.163103103637695312e+00
8.655278205871582031e+00
8.950323104858398438e+00
8.641197204589843750e+00
8.653840065002441406e+00
8.745105743408203125e+00
8.431113243103027344e+00
8.236537933349609375e+00
8.564625740051269531e+00
8.937523841857910156e+00
9.036259651184082031e+00
8.625659942626953125e+00
8.624977111816406250e+00
8.365689277648925781e+00
7.888799667358398438e+00
7.861979961395263672e+00
8.342522621154785156e+00
8.652003288269042969e+00
8.681752204895019531e+00
8.470196723937988281e+00
8.208765983581542969e+00
7.831372261047363281e+00
8.030067443847656250e+00
8.350651741027832031e+00
8.207494735717773438e+00
8.421011924743652344e+00
8.293191909790039062e+00
8.183253288269042969e+00
8.045428276062011719e+00
8.235671997070312500e+00
8.657822608947753906e+00
8.837869644165039062e+00
8.773827552795410156e+00
8.952351570129394531e+00
8.842645645141601562e+00
8.396019935607910156e+00
8.040020942687988281e+00
8.052047729492187500e+00
7.870419025421142578e+00
7.968797683715820312e+00
8.166666984558105469e+00
8.287059783935546875e+00
8.089827537536621094e+00
8.443324089050292969e+00
8.392702102661132812e+00
8.275496482849121094e+00
8.181144714355468750e+00
8.453545570373535156e+00
8.262104988098144531e+00
8.172361373901367188e+00
8.150238990783691406e+00
8.115435600280761719e+00
8.341686248779296875e+00
8.697341918945312500e+00
9.211818695068359375e+00
8.788208007812500000e+00
8.479406356811523438e+00
8.338865280151367188e+00
8.022139549255371094e+00
8.099007606506347656e+00
8.383790016174316406e+00
8.129864692687988281e+00
8.008019447326660156e+00
8.750235557556152344e+00
8.943308830261230469e+00
8.537652015686035156e+00
8.430756568908691406e+00
8.511523246765136719e+00
8.433271408081054688e+00
8.369421005249023438e+00
8.357739448547363281e+00
8.628135681152343750e+00
8.893575668334960938e+00
8.723090171813964844e+00
8.639929771423339844e+00
8.736709594726562500e+00
8.837298393249511719e+00
8.776122093200683594e+00
8.523426055908203125e+00
8.249485015869140625e+00
8.382891654968261719e+00
8.445214271545410156e+00
8.756738662719726562e+00
8.591279983520507812e+00
8.663599967956542969e+00
8.878241539001464844e+00
8.859950065612792969e+00
8.686833381652832031e+00
8.537281990051269531e+00
8.388374328613281250e+00
7.930015087127685547e+00
8.563081741333007812e+00
9.238883018493652344e+00
9.364980697631835938e+00
8.982707977294921875e+00
8.580496788024902344e+00
7.986600875854492188e+00
8.074751853942871094e+00
8.409005165100097656e+00
8.752868652343750000e+00
8.765542030334472656e+00
8.572083473205566406e+00
8.839563369750976562e+00
8.958565711975097656e+00
9.289924621582031250e+00
9.023508071899414062e+00
8.591006278991699219e+00
8.767896652221679688e+00
8.937343597412109375e+00
8.543264389038085938e+00
8.533776283264160156e+00
8.584358215332031250e+00
8.354439735412597656e+00
8.630732536315917969e+00
8.903184890747070312e+00
9.045332908630371094e+00
9.066398620605468750e+00
8.595541000366210938e+00
8.259209632873535156e+00
8.092557907104492188e+00
7.791153907775878906e+00
7.618168354034423828e+00
7.751022815704345703e+00
8.217193603515625000e+00
7.983187675476074219e+00
7.761372566223144531e+00
7.890705108642578125e+00
8.392555236816406250e+00
8.686959266662597656e+00
8.803743362426757812e+00
8.674868583679199219e+00
8.844585418701171875e+00
8.617055892944335938e+00
8.354811668395996094e+00
8.223619461059570312e+00
8.592380523681640625e+00
8.699432373046875000e+00
8.244143486022949219e+00
8.013986587524414062e+00
7.963625431060791016e+00
7.652922153472900391e+00
7.610061645507812500e+00
8.158581733703613281e+00
8.351743698120117188e+00
8.309661865234375000e+00
8.248620033264160156e+00
8.040322303771972656e+00
7.986582756042480469e+00
8.220489501953125000e+00
8.123953819274902344e+00
8.169445991516113281e+00
8.107861518859863281e+00
8.343837738037109375e+00
8.389001846313476562e+00
8.254059791564941406e+00
8.412084579467773438e+00
8.000263214111328125e+00
8.096468925476074219e+00
8.125049591064453125e+00
8.231871604919433594e+00
8.325852394104003906e+00
8.596884727478027344e+00
8.633516311645507812e+00
8.714165687561035156e+00
8.494206428527832031e+00
7.823276042938232422e+00
7.733824729919433594e+00
8.090863227844238281e+00
8.339149475097656250e+00
8.211956977844238281e+00
7.938065052032470703e+00
8.139625549316406250e+00
8.101744651794433594e+00
8.246404647827148438e+00
8.402653694152832031e+00
8.690963745117187500e+00
8.921553611755371094e+00
8.811630249023437500e+00
8.555077552795410156e+00
8.444929122924804688e+00
8.145413398742675781e+00
7.917644023895263672e+00
7.801830291748046875e+00
7.564385890960693359e+00
7.256357669830322266e+00
7.548515796661376953e+00
8.158342361450195312e+00
8.370625495910644531e+00
8.184926986694335938e+00
8.467655181884765625e+00
8.542505264282226562e+00
8.589354515075683594e+00
8.623303413391113281e+00
8.391560554504394531e+00
8.523582458496093750e+00
8.216153144836425781e+00
7.757600784301757812e+00
7.971541404724121094e+00
8.577809333801269531e+00
8.812408447265625000e+00
8.938892364501953125e+00
8.515260696411132812e+00
7.788859844207763672e+00
7.355803012847900391e+00
7.621767997741699219e+00
7.934782505035400391e+00
8.318633079528808594e+00
8.747827529907226562e+00
9.077643394470214844e+00
8.769956588745117188e+00
8.819717407226562500e+00
9.263738632202148438e+00
9.116720199584960938e+00
8.608606338500976562e+00
8.067362785339355469e+00
8.000941276550292969e+00
8.519602775573730469e+00
8.584980010986328125e+00
8.576040267944335938e+00
8.350290298461914062e+00
8.422778129577636719e+00
8.324172973632812500e+00
8.615927696228027344e+00
8.330453872680664062e+00
8.099334716796875000e+00
8.137992858886718750e+00
8.273320198059082031e+00
8.315243721008300781e+00
8.395139694213867188e+00
8.520438194274902344e+00
8.408251762390136719e+00
8.243196487426757812e+00
7.835692882537841797e+00
7.613758563995361328e+00
7.705183029174804688e+00
8.120560646057128906e+00
8.292659759521484375e+00
8.280067443847656250e+00
8.219566345214843750e+00
8.505318641662597656e+00
8.710067749023437500e+00
8.587764739990234375e+00
8.393470764160156250e+00
8.260050773620605469e+00
8.396645545959472656e+00
8.463081359863281250e+00
8.305073738098144531e+00
8.062490463256835938e+00
8.004265785217285156e+00
7.939760684967041016e+00
7.503205776214599609e+00
7.569782733917236328e+00
7.902614116668701172e+00
8.072991371154785156e+00
7.893988609313964844e+00
7.417088031768798828e+00
7.700214862823486328e+00
7.550674915313720703e+00
7.429388523101806641e+00
7.484782695770263672e+00
8.002116203308105469e+00
8.339177131652832031e+00
8.355207443237304688e+00
8.083314895629882812e+00
7.982695102691650391e+00
7.931096076965332031e+00
7.825788021087646484e+00
8.153823852539062500e+00
7.915066719055175781e+00
7.625654697418212891e+00
7.519074440002441406e+00
7.798595905303955078e+00
7.877743721008300781e+00
7.714725971221923828e+00
7.583540916442871094e+00
8.111494064331054688e+00
8.392068862915039062e+00
8.394006729125976562e+00
8.118029594421386719e+00
8.202301979064941406e+00
8.249165534973144531e+00
8.089744567871093750e+00
8.103487014770507812e+00
8.115486145019531250e+00
8.010354995727539062e+00
7.808916091918945312e+00
7.715291500091552734e+00
7.412846088409423828e+00
6.947158813476562500e+00
7.325855255126953125e+00
7.770674705505371094e+00
8.158079147338867188e+00
8.548424720764160156e+00
8.575327873229980469e+00
7.994501113891601562e+00
7.590484619140625000e+00
7.846729755401611328e+00
8.173366546630859375e+00
8.128129005432128906e+00
7.745952129364013672e+00
7.891741752624511719e+00
8.048952102661132812e+00
8.063439369201660156e+00
7.886567115783691406e+00
8.265281677246093750e+00
8.734719276428222656e+00
8.191658973693847656e+00
7.706194877624511719e+00
7.581962108612060547e+00
7.417544841766357422e+00
7.261353015899658203e+00
7.765470504760742188e+00
7.840165138244628906e+00
7.552225589752197266e+00
7.218998908996582031e+00
7.145170211791992188e+00
7.069128990173339844e+00
7.691827297210693359e+00
7.852683544158935547e+00
7.751611232757568359e+00
7.236947059631347656e+00
6.921617984771728516e+00
7.147744178771972656e+00
7.764195919036865234e+00
7.962827205657958984e+00
7.610566616058349609e+00
7.391165256500244141e+00
7.352926254272460938e+00
7.544009208679199219e+00
7.959228992462158203e+00
8.451496124267578125e+00
8.736108779907226562e+00
8.424442291259765625e+00
7.784478664398193359e+00
7.850613594055175781e+00
7.544464588165283203e+00
7.620047092437744141e+00
7.788221359252929688e+00
8.013932228088378906e+00
8.081392288208007812e+00
7.969724655151367188e+00
7.831511497497558594e+00
7.487636089324951172e+00
7.389807701110839844e+00
7.646322250366210938e+00
7.751672267913818359e+00
7.218984603881835938e+00
7.237705707550048828e+00
7.362502574920654297e+00
7.028374195098876953e+00
7.015471935272216797e+00
6.924251556396484375e+00
7.508602619171142578e+00
7.831676006317138672e+00
8.395228385925292969e+00
8.597898483276367188e+00
8.651436805725097656e+00
8.339913368225097656e+00
8.516249656677246094e+00
8.541791915893554688e+00
8.131324768066406250e+00
7.800719738006591797e+00
7.637842178344726562e+00
7.698846340179443359e+00
7.792220115661621094e+00
7.586214065551757812e+00
6.937825202941894531e+00
6.686442852020263672e+00
7.214279174804687500e+00
7.964080810546875000e+00
7.984539031982421875e+00
7.533280849456787109e+00
7.123749256134033203e+00
7.313077926635742188e+00
7.637790679931640625e+00
8.125529289245605469e+00
8.270092010498046875e+00
7.717926502227783203e+00
7.250618457794189453e+00
7.358347892761230469e+00
7.625689983367919922e+00
8.008575439453125000e+00
8.056262016296386719e+00
8.231920242309570312e+00
8.047315597534179688e+00
8.001859664916992188e+00
7.991760730743408203e+00
8.129873275756835938e+00
8.292634010314941406e+00
7.854719638824462891e+00
7.862572193145751953e+00
8.020031929016113281e+00
8.309616088867187500e+00
7.910105705261230469e+00
7.747324943542480469e+00
7.512439727783203125e+00
8.083286285400390625e+00
8.498284339904785156e+00
8.561295509338378906e+00
8.075857162475585938e+00
8.061533927917480469e+00
8.024886131286621094e+00
7.707192897796630859e+00
7.604412555694580078e+00
7.923727512359619141e+00
8.022247314453125000e+00
7.736047267913818359e+00
7.179278850555419922e+00
7.619690418243408203e+00
7.946408271789550781e+00
7.653990745544433594e+00
7.835721492767333984e+00
7.989159584045410156e+00
8.353493690490722656e+00
8.329383850097656250e+00
8.036085128784179688e+00
7.672871112823486328e+00
7.188495635986328125e+00
7.291456222534179688e+00
7.351768970489501953e+00
7.481138229370117188e+00
7.998548030853271484e+00
8.527665138244628906e+00
8.564513206481933594e+00
7.847023963928222656e+00
7.208442211151123047e+00
7.096621513366699219e+00
7.280195236206054688e+00
7.369665145874023438e+00
7.795586585998535156e+00
8.324344635009765625e+00
8.085445404052734375e+00
7.759257793426513672e+00
7.523829460144042969e+00
7.368269443511962891e+00
7.953084945678710938e+00
8.044321060180664062e+00
8.118781089782714844e+00
8.357645988464355469e+00
8.232242584228515625e+00
6.941113471984863281e+00
7.033904075622558594e+00
7.749301910400390625e+00
8.122248649597167969e+00
7.550256252288818359e+00
7.552642345428466797e+00
7.325319766998291016e+00
7.529211521148681641e+00
7.302025794982910156e+00
7.303482532501220703e+00
7.145136356353759766e+00
8.195721626281738281e+00
7.838822841644287109e+00
6.733461380004882812e+00
6.239952564239501953e+00
6.670933246612548828e+00
7.559876441955566406e+00
7.859084129333496094e+00
7.831007957458496094e+00
7.846703052520751953e+00
7.448252677917480469e+00
7.089326381683349609e+00
6.988508701324462891e+00
6.987458705902099609e+00
7.110330104827880859e+00
6.634877681732177734e+00
6.659547328948974609e+00
7.211274147033691406e+00
7.901568412780761719e+00
8.279681205749511719e+00
7.757223606109619141e+00
8.035855293273925781e+00
7.991782665252685547e+00
7.873708724975585938e+00
7.315059185028076172e+00
7.556713104248046875e+00
7.512311935424804688e+00
7.695825099945068359e+00
8.002700805664062500e+00
8.159690856933593750e+00
7.659409046173095703e+00
7.597188949584960938e+00
7.518475532531738281e+00
7.520524501800537109e+00
7.622138500213623047e+00
8.352834701538085938e+00
7.885920047760009766e+00
7.765901088714599609e+00
7.531563758850097656e+00
7.810197353363037109e+00
8.171422958374023438e+00
7.620894432067871094e+00
7.192107677459716797e+00
7.538264751434326172e+00
8.181822776794433594e+00
8.518593788146972656e+00
8.211543083190917969e+00
7.695258140563964844e+00
6.950268745422363281e+00
6.484057426452636719e+00
6.167903900146484375e+00
6.337340354919433594e+00
6.548724174499511719e+00
6.516147613525390625e+00
6.642927169799804688e+00
7.335972785949707031e+00
7.468979835510253906e+00
7.432814598083496094e+00
7.699473381042480469e+00
7.950956821441650391e+00
7.540636539459228516e+00
6.783375740051269531e+00
7.161458015441894531e+00
7.205557823181152344e+00
6.872463703155517578e+00
6.906692504882812500e+00
7.291610240936279297e+00
7.097089767456054688e+00
6.949403285980224609e+00
7.654098033905029297e+00
8.144170761108398438e+00
8.496392250061035156e+00
8.262181282043457031e+00
7.908442020416259766e+00
7.707864761352539062e+00
7.538435935974121094e+00
7.064337253570556641e+00
6.881002902984619141e+00
7.014487266540527344e+00
7.625555515289306641e+00
7.881005764007568359e+00
8.264952659606933594e+00
7.861752986907958984e+00
6.953636169433593750e+00
6.491974830627441406e+00
6.782959938049316406e+00
6.728635787963867188e+00
6.599807739257812500e+00
6.812135696411132812e+00
7.387212753295898438e+00
7.981171607971191406e+00
8.495523452758789062e+00
8.055305480957031250e+00
7.145007610321044922e+00
6.608569145202636719e+00
6.175932407379150391e+00
5.804940700531005859e+00
5.109835147857666016e+00
5.556738853454589844e+00
6.813066959381103516e+00
7.580668926239013672e+00
7.857132911682128906e+00
7.471431255340576172e+00
7.488821983337402344e+00
7.363733768463134766e+00
7.715589046478271484e+00
7.688751697540283203e+00
8.249998092651367188e+00
8.254638671875000000e+00
8.939226150512695312e+00
8.341747283935546875e+00
7.140882492065429688e+00
7.853902816772460938e+00
8.208784103393554688e+00
8.487557411193847656e+00
7.787528038024902344e+00
7.665773868560791016e+00
6.851527690887451172e+00
6.733317852020263672e+00
7.203968524932861328e+00
7.848611354827880859e+00
7.067730426788330078e+00
5.994040489196777344e+00
6.140916347503662109e+00
7.316308021545410156e+00
8.108835220336914062e+00
8.633249282836914062e+00
8.240517616271972656e+00
7.851491451263427734e+00
7.286962985992431641e+00
7.409852027893066406e+00
7.241105079650878906e+00
6.072033405303955078e+00
6.450445175170898438e+00
6.518630981445312500e+00
7.286114692687988281e+00
7.493534564971923828e+00
7.135236263275146484e+00
6.689407348632812500e+00
5.872119903564453125e+00
6.395904541015625000e+00
7.119976520538330078e+00
7.744524002075195312e+00
7.276524066925048828e+00
7.349086284637451172e+00
7.299210548400878906e+00
7.072309017181396484e+00
6.703514575958251953e+00
6.989764690399169922e+00
6.606227874755859375e+00
5.746061325073242188e+00
5.200109481811523438e+00
4.820191860198974609e+00
4.877899169921875000e+00
5.475490570068359375e+00
6.528330802917480469e+00
7.473677158355712891e+00
7.866689682006835938e+00
7.986434936523437500e+00
7.956207275390625000e+00
6.496272563934326172e+00
5.421755313873291016e+00
6.090082645416259766e+00
6.729494094848632812e+00
6.550681114196777344e+00
5.804934501647949219e+00
6.164494514465332031e+00
6.793004512786865234e+00
6.242835044860839844e+00
6.872790336608886719e+00
7.058901309967041016e+00
6.317485809326171875e+00
5.114251613616943359e+00
5.108537197113037109e+00
5.943111896514892578e+00
7.698764801025390625e+00
8.589899063110351562e+00
7.078178882598876953e+00
6.493222713470458984e+00
6.520743370056152344e+00
6.549913406372070312e+00
5.865674495697021484e+00
5.776709556579589844e+00
6.350356101989746094e+00
6.902626037597656250e+00
8.166768074035644531e+00
7.746418476104736328e+00
7.375322818756103516e+00
5.912343978881835938e+00
6.032522678375244141e+00
6.266297340393066406e+00
6.325063705444335938e+00
6.883076190948486328e+00
7.123344421386718750e+00
6.630990505218505859e+00
5.826275825500488281e+00
4.258665084838867188e+00
5.388574600219726562e+00
6.058331966400146484e+00
6.992334842681884766e+00
6.590163230895996094e+00
5.484483242034912109e+00
5.412088394165039062e+00
7.704181671142578125e+00
8.643571853637695312e+00
7.958853244781494141e+00
5.605280876159667969e+00
5.155782699584960938e+00
7.907978534698486328e+00
9.630350112915039062e+00
1.003445243835449219e+01
8.086423873901367188e+00
6.441891193389892578e+00
3.855638504028320312e+00
3.343107223510742188e+00
2.762722730636596680e+00
2.158972263336181641e+00
5.860008597373962402e-01
8.593243360519409180e-01
1.366190433502197266e+00
2.002330541610717773e+00
3.110583066940307617e+00
3.193333625793457031e+00
1.197973251342773438e+00
-6.267151981592178345e-02
-1.958542615175247192e-01
-1.048437878489494324e-01
nan
nan
nan
nan
nan
nan
nan
nan
nan
nan
nan
nan
nan
nan
nan
nan
nan
nan
nan
nan
nan
nan
nan
nan
nan
nan
nan
nan
nan
nan
nan
nan
nan
nan
nan
nan
nan
nan
nan
nan
nan
nan
nan
nan
nan
nan
nan
nan
nan
nan
nan
nan
nan
nan
nan
nan
nan
nan
nan
nan
nan
nan
nan
nan
nan
nan
nan
nan
nan
nan
nan
nan
nan
nan
nan
nan
nan
nan
nan
nan
nan
nan
nan
nan
nan
nan
nan
nan
nan
nan
nan
nan
nan
