nan
nan
nan
nan
nan
nan
nan
nan
nan
nan
nan
nan
nan
nan
nan
nan
nan
nan
2.798228073120117188e+01
2.454395103454589844e+01
2.662027740478515625e+01
2.629794692993164062e+01
2.761536026000976562e+01
2.740298843383789062e+01
2.091649627685546875e+01
2.256049919128417969e+01
2.374608230590820312e+01
2.068304634094238281e+01
2.016200637817382812e+01
2.284159088134765625e+01
2.721024131774902344e+01
2.849646759033203125e+01
2.750276756286621094e+01
2.843422698974609375e+01
2.563544273376464844e+01
2.539704895019531250e+01
2.659319496154785156e+01
2.497260093688964844e+01
2.573179435729980469e+01
2.482630920410156250e+01
2.262114143371582031e+01
2.363466072082519531e+01
2.492473983764648438e+01
2.466296195983886719e+01
2.461709976196289062e+01
2.718096733093261719e+01
2.944274330139160156e+01
2.768407440185546875e+01
2.530998611450195312e+01
2.292303276062011719e+01
2.509066390991210938e+01
2.722355651855468750e+01
2.818599128723144531e+01
2.958975219726562500e+01
2.789111900329589844e+01
2.535966300964355469e+01
2.596830368041992188e+01
2.776614189147949219e+01
2.775401878356933594e+01
2.517016792297363281e+01
2.386096382141113281e+01
2.492615127563476562e+01
2.602344512939453125e+01
2.891210174560546875e+01
2.899528312683105469e+01
2.793922805786132812e+01
2.787505531311035156e+01
2.902213859558105469e+01
2.922686767578125000e+01
2.745693969726562500e+01
2.725849342346191406e+01
2.755459022521972656e+01
2.695482826232910156e+01
2.632919502258300781e+01
2.666100692749023438e+01
2.703413581848144531e+01
2.539187622070312500e+01
2.520718955993652344e+01
2.694478416442871094e+01
2.907380294799804688e+01
3.157492256164550781e+01
3.180311393737792969e+01
2.986413955688476562e+01
3.016576957702636719e+01
2.929775619506835938e+01
2.865869712829589844e+01
2.862022399902343750e+01
2.734631729125976562e+01
2.677649497985839844e+01
2.877097320556640625e+01
2.772452545166015625e+01
2.688665390014648438e+01
2.843226623535156250e+01
2.775831985473632812e+01
2.554490089416503906e+01
2.771515083312988281e+01
2.919327926635742188e+01
2.876918029785156250e+01
2.914832496643066406e+01
2.987685966491699219e+01
2.976952743530273438e+01
2.847299003601074219e+01
2.802555084228515625e+01
3.002832221984863281e+01
3.132275581359863281e+01
3.117537307739257812e+01
2.837495803833007812e+01
2.642817497253417969e+01
2.955548286437988281e+01
3.245126342773437500e+01
3.195050239562988281e+01
3.035715293884277344e+01
2.816689491271972656e+01
2.721514701843261719e+01
2.798148345947265625e+01
2.869213294982910156e+01
2.939579200744628906e+01
2.894975471496582031e+01
2.887817382812500000e+01
2.887137413024902344e+01
3.029309272766113281e+01
3.195472526550292969e+01
3.082369613647460938e+01
2.901102256774902344e+01
2.734457015991210938e+01
2.749117469787597656e+01
2.780841255187988281e+01
2.910236167907714844e+01
2.981250572204589844e+01
2.960831642150878906e+01
2.869432640075683594e+01
2.816827964782714844e+01
2.760022163391113281e+01
2.848894882202148438e+01
2.861929893493652344e+01
2.857511711120605469e+01
2.872238922119140625e+01
3.060437583923339844e+01
3.196891975402832031e+01
3.094755172729492188e+01
2.810778427124023438e+01
2.542249870300292969e+01
2.581137657165527344e+01
2.845642662048339844e+01
2.976188468933105469e+01
3.076559066772460938e+01
3.111874961853027344e+01
3.161297607421875000e+01
3.086053848266601562e+01
2.909636306762695312e+01
2.972661399841308594e+01
3.158027839660644531e+01
3.135877418518066406e+01
3.045448493957519531e+01
3.015032577514648438e+01
2.941424560546875000e+01
2.945660591125488281e+01
3.028608512878417969e+01
2.954619216918945312e+01
2.952390480041503906e+01
2.823402214050292969e+01
2.964809608459472656e+01
3.053268432617187500e+01
3.222800827026367188e+01
3.174530410766601562e+01
2.936620903015136719e+01
2.855236053466796875e+01
2.909292984008789062e+01
2.951779174804687500e+01
2.927942848205566406e+01
2.904701995849609375e+01
3.037188339233398438e+01
3.093541526794433594e+01
2.989215278625488281e+01
2.940149307250976562e+01
2.861907005310058594e+01
2.846384239196777344e+01
2.881848526000976562e+01
2.919530868530273438e+01
2.833728027343750000e+01
2.864708137512207031e+01
2.855246162414550781e+01
2.954703140258789062e+01
2.965166282653808594e+01
2.995175743103027344e+01
3.083283042907714844e+01
3.084507942199707031e+01
2.885096740722656250e+01
2.812486267089843750e+01
2.878207397460937500e+01
2.947076034545898438e+01
2.990870857238769531e+01
2.982529640197753906e+01
2.971985054016113281e+01
2.996538925170898438e+01
2.775082778930664062e+01
2.780145835876464844e+01
2.889991760253906250e+01
2.982941436767578125e+01
3.163404464721679688e+01
3.237981033325195312e+01
3.033263397216796875e+01
2.897492027282714844e+01
3.022576332092285156e+01
3.107905197143554688e+01
2.989198303222656250e+01
2.940861701965332031e+01
3.032449913024902344e+01
3.043359565734863281e+01
2.964120864868164062e+01
2.887995529174804688e+01
2.807794380187988281e+01
2.937600326538085938e+01
2.981096649169921875e+01
2.925094223022460938e+01
2.871803665161132812e+01
2.858254432678222656e+01
2.838358306884765625e+01
2.908495140075683594e+01
2.969239044189453125e+01
2.979567146301269531e+01
2.913076972961425781e+01
2.904362297058105469e+01
2.913124275207519531e+01
2.918540000915527344e+01
2.944758987426757812e+01
2.855156707763671875e+01
2.822860336303710938e+01
3.043609619140625000e+01
3.110932540893554688e+01
2.993396949768066406e+01
2.886054420471191406e+01
2.848735618591308594e+01
2.980752372741699219e+01
3.056428909301757812e+01
2.838070869445800781e+01
2.759548568725585938e+01
2.765866470336914062e+01
2.965563392639160156e+01
3.081769371032714844e+01
3.095226287841796875e+01
3.061788940429687500e+01
2.998102760314941406e+01
3.006140327453613281e+01
3.074933624267578125e+01
3.016005516052246094e+01
2.892340469360351562e+01
2.942464447021484375e+01
3.066214942932128906e+01
2.965985488891601562e+01
2.918386077880859375e+01
2.832763099670410156e+01
2.951126861572265625e+01
2.949739456176757812e+01
2.823923873901367188e+01
2.852266502380371094e+01
2.951278305053710938e+01
2.953786277770996094e+01
2.864496231079101562e+01
2.943765640258789062e+01
3.047964477539062500e+01
3.093044471740722656e+01
2.952571105957031250e+01
3.014982032775878906e+01
3.055204200744628906e+01
3.031860351562500000e+01
3.059812355041503906e+01
3.006303405761718750e+01
2.986056709289550781e+01
2.994112586975097656e+01
2.926370620727539062e+01
2.993835639953613281e+01
3.044233894348144531e+01
3.097365760803222656e+01
3.041319274902343750e+01
2.938224411010742188e+01
2.902270317077636719e+01
2.898085403442382812e+01
2.875057220458984375e+01
2.945556068420410156e+01
3.068367958068847656e+01
3.035801506042480469e+01
3.018333435058593750e+01
2.995119476318359375e+01
2.840166282653808594e+01
2.745241355895996094e+01
2.682898902893066406e+01
2.729796600341796875e+01
2.826275825500488281e+01
2.911112022399902344e+01
3.015866661071777344e+01
2.959216880798339844e+01
2.912211799621582031e+01
2.915599441528320312e+01
2.960079956054687500e+01
2.929000473022460938e+01
2.896176147460937500e+01
2.791786384582519531e+01
2.813537979125976562e+01
2.882631111145019531e+01
2.912296295166015625e+01
2.864866256713867188e+01
2.854678153991699219e+01
2.902743339538574219e+01
2.921058082580566406e+01
2.895287895202636719e+01
2.900440979003906250e+01
2.808277702331542969e+01
2.822171020507812500e+01
2.867703819274902344e+01
2.955052185058593750e+01
3.101813125610351562e+01
3.078256607055664062e+01
2.926198196411132812e+01
2.769078063964843750e+01
2.746224212646484375e+01
2.756598854064941406e+01
2.790086746215820312e+01
2.880035781860351562e+01
2.817281150817871094e+01
2.846525573730468750e+01
2.981056594848632812e+01
2.880009460449218750e+01
2.907769203186035156e+01
3.041214752197265625e+01
3.058954048156738281e+01
2.998832893371582031e+01
3.155024337768554688e+01
3.306685638427734375e+01
3.234535980224609375e+01
3.054437446594238281e+01
2.977796173095703125e+01
2.809531211853027344e+01
2.790317344665527344e+01
2.829505729675292969e+01
2.863699340820312500e+01
2.893532180786132812e+01
2.968993949890136719e+01
2.937023735046386719e+01
2.881977653503417969e+01
2.874968910217285156e+01
2.921432876586914062e+01
2.975988960266113281e+01
2.861174774169921875e+01
2.737320518493652344e+01
2.748241615295410156e+01
2.795307731628417969e+01
2.810662651062011719e+01
2.868790817260742188e+01
3.039050674438476562e+01
3.091153144836425781e+01
2.863569068908691406e+01
2.729744911193847656e+01
2.700736236572265625e+01
2.806179618835449219e+01
2.914488983154296875e+01
2.961624908447265625e+01
2.969794464111328125e+01
2.952010345458984375e+01
2.795541954040527344e+01
2.764451980590820312e+01
2.827640914916992188e+01
2.783453559875488281e+01
2.753136825561523438e+01
2.713721466064453125e+01
2.819824409484863281e+01
2.815739440917968750e+01
2.737959098815917969e+01
2.717126274108886719e+01
2.807833671569824219e+01
2.858480644226074219e+01
2.882670021057128906e+01
2.858706092834472656e+01
2.801446914672851562e+01
2.744159698486328125e+01
2.649160766601562500e+01
2.634717178344726562e+01
2.750850868225097656e+01
2.867515754699707031e+01
2.802491188049316406e+01
2.645076179504394531e+01
2.625980377197265625e+01
2.634488487243652344e+01
2.660450363159179688e+01
2.656633758544921875e+01
2.706748390197753906e+01
2.578657913208007812e+01
2.517713928222656250e+01
2.577926254272460938e+01
2.651850509643554688e+01
2.805570793151855469e+01
2.793413543701171875e+01
2.717989730834960938e+01
2.583692741394042969e+01
2.693593406677246094e+01
2.728793334960937500e+01
2.617617416381835938e+01
2.542343139648437500e+01
2.557068824768066406e+01
2.676194572448730469e+01
2.679282760620117188e+01
2.606683921813964844e+01
2.603569412231445312e+01
2.612677383422851562e+01
2.583050537109375000e+01
2.667643737792968750e+01
2.596346282958984375e+01
2.608971977233886719e+01
2.684441947937011719e+01
2.783500862121582031e+01
2.859495925903320312e+01
2.775545120239257812e+01
2.637515068054199219e+01
2.524045753479003906e+01
2.518374252319335938e+01
2.688312339782714844e+01
2.756474685668945312e+01
2.775123977661132812e+01
2.761058425903320312e+01
2.710950279235839844e+01
2.622742271423339844e+01
2.549401283264160156e+01
2.469829559326171875e+01
2.411904907226562500e+01
2.530770874023437500e+01
2.559348869323730469e+01
2.480037498474121094e+01
2.363723564147949219e+01
2.353269195556640625e+01
2.414815330505371094e+01
2.483852195739746094e+01
2.488551330566406250e+01
2.447312927246093750e+01
2.452809715270996094e+01
2.491771316528320312e+01
2.565415763854980469e+01
2.579807281494140625e+01
2.519010734558105469e+01
2.427472686767578125e+01
2.417058181762695312e+01
2.504151153564453125e+01
2.454383277893066406e+01
2.476074600219726562e+01
2.477485466003417969e+01
2.492112731933593750e+01
2.481171226501464844e+01
2.500460624694824219e+01
2.422792625427246094e+01
2.499443244934082031e+01
2.603353500366210938e+01
2.547648811340332031e+01
2.551475715637207031e+01
2.583667945861816406e+01
2.560900306701660156e+01
2.413215065002441406e+01
2.414763641357421875e+01
2.422086524963378906e+01
2.538354110717773438e+01
2.592256164550781250e+01
2.527927589416503906e+01
2.482249450683593750e+01
2.453280448913574219e+01
2.400819969177246094e+01
2.454098320007324219e+01
2.619630622863769531e+01
2.592604446411132812e+01
2.509167098999023438e+01
2.531542587280273438e+01
2.537681770324707031e+01
2.578157424926757812e+01
2.609328079223632812e+01
2.642012214660644531e+01
2.562443923950195312e+01
2.538382339477539062e+01
2.450490760803222656e+01
2.437740135192871094e+01
2.465845489501953125e+01
2.495833015441894531e+01
2.490012741088867188e+01
2.408566284179687500e+01
2.383367347717285156e+01
2.451405715942382812e+01
2.522294616699218750e+01
2.524838447570800781e+01
2.510441207885742188e+01
2.468222236633300781e+01
2.451964187622070312e+01
2.416035079956054688e+01
2.425070381164550781e+01
2.413178825378417969e+01
2.400630760192871094e+01
2.384965896606445312e+01
2.487823104858398438e+01
2.530951309204101562e+01
2.451589584350585938e+01
2.398913383483886719e+01
2.433708572387695312e+01
2.420984649658203125e+01
2.448514747619628906e+01
2.405526351928710938e+01
2.429720306396484375e+01
2.442515945434570312e+01
2.310060691833496094e+01
2.208093833923339844e+01
2.298690414428710938e+01
2.398311805725097656e+01
2.370648193359375000e+01
2.346040725708007812e+01
2.440358734130859375e+01
2.494865036010742188e+01
2.492939567565917969e+01
2.378092002868652344e+01
2.371626853942871094e+01
2.474361801147460938e+01
2.530575180053710938e+01
2.556138038635253906e+01
2.467794227600097656e+01
2.351429367065429688e+01
2.265404129028320312e+01
2.270320129394531250e+01
2.318367004394531250e+01
2.325151252746582031e+01
2.369137001037597656e+01
2.307987594604492188e+01
2.310316848754882812e+01
2.236651039123535156e+01
2.170816230773925781e+01
2.209629631042480469e+01
2.297690963745117188e+01
2.274053382873535156e+01
2.251748847961425781e+01
2.291143226623535156e+01
2.340472602844238281e+01
2.402164268493652344e+01
2.331524276733398438e+01
2.302412414550781250e+01
2.272721862792968750e+01
2.222979545593261719e+01
2.252753448486328125e+01
2.288191223144531250e+01
2.345021057128906250e+01
2.319019126892089844e+01
2.260850906372070312e+01
2.307681274414062500e+01
2.392508316040039062e+01
2.446367263793945312e+01
2.302619934082031250e+01
2.209676170349121094e+01
2.183733177185058594e+01
2.285585403442382812e+01
2.246558952331542969e+01
2.216985893249511719e+01
2.208771133422851562e+01
2.246177673339843750e+01
2.300296592712402344e+01
2.323074150085449219e+01
2.317248153686523438e+01
2.235269165039062500e+01
2.188696861267089844e+01
2.180818367004394531e+01
2.119131851196289062e+01
2.117983818054199219e+01
2.116483879089355469e+01
2.156227684020996094e+01
2.154482841491699219e+01
2.110430717468261719e+01
2.071920776367187500e+01
2.075094604492187500e+01
2.076660346984863281e+01
2.146340370178222656e+01
2.121985435485839844e+01
2.145736694335937500e+01
2.113608932495117188e+01
2.065027999877929688e+01
2.132498550415039062e+01
2.266780090332031250e+01
2.333600997924804688e+01
2.306977653503417969e+01
2.304614639282226562e+01
2.300472640991210938e+01
2.272325325012207031e+01
2.228792190551757812e+01
2.171475410461425781e+01
2.124880218505859375e+01
2.180887222290039062e+01
2.223389053344726562e+01
2.172945976257324219e+01
2.201702690124511719e+01
2.216846466064453125e+01
2.185450172424316406e+01
2.109742164611816406e+01
2.099658775329589844e+01
2.170281028747558594e+01
2.214488601684570312e+01
2.197957801818847656e+01
2.146238708496093750e+01
2.108828926086425781e+01
2.100726318359375000e+01
2.057180023193359375e+01
2.073904800415039062e+01
2.142281150817871094e+01
2.213511848449707031e+01
2.131114387512207031e+01
2.079555702209472656e+01
2.155130004882812500e+01
2.201215934753417969e+01
2.216789817810058594e+01
2.151013374328613281e+01
2.100874519348144531e+01
2.003136634826660156e+01
2.008441734313964844e+01
2.095551872253417969e+01
2.190182685852050781e+01
2.122623062133789062e+01
2.032458496093750000e+01
2.059716796875000000e+01
2.089792823791503906e+01
2.093722534179687500e+01
2.075307846069335938e+01
2.107981681823730469e+01
2.051336097717285156e+01
1.958804512023925781e+01
1.893582344055175781e+01
1.899675369262695312e+01
1.992226791381835938e+01
2.081754493713378906e+01
2.133783721923828125e+01
2.164974784851074219e+01
2.108093833923339844e+01
2.055434036254882812e+01
2.028864097595214844e+01
2.049086761474609375e+01
2.010222816467285156e+01
2.034938621520996094e+01
2.046277999877929688e+01
1.987974548339843750e+01
1.940135192871093750e+01
2.016255760192871094e+01
2.030068778991699219e+01
2.021533584594726562e+01
1.948805618286132812e+01
1.960285377502441406e+01
1.956806182861328125e+01
2.007611274719238281e+01
1.998380279541015625e+01
1.976976966857910156e+01
1.951653099060058594e+01
1.972180175781250000e+01
2.017294120788574219e+01
2.028387260437011719e+01
2.012985992431640625e+01
1.945220947265625000e+01
1.825697135925292969e+01
1.807213592529296875e+01
1.873282432556152344e+01
1.937669754028320312e+01
2.001219177246093750e+01
1.993886756896972656e+01
1.943191528320312500e+01
1.903108024597167969e+01
1.918416213989257812e+01
1.885264015197753906e+01
1.875968170166015625e+01
1.896818161010742188e+01
1.948796081542968750e+01
1.963445663452148438e+01
1.926431083679199219e+01
1.894355392456054688e+01
1.919494247436523438e+01
1.908342742919921875e+01
1.924497222900390625e+01
1.966400337219238281e+01
1.989893150329589844e+01
1.957845115661621094e+01
1.902835464477539062e+01
1.883020782470703125e+01
1.873694801330566406e+01
1.867070770263671875e+01
1.819973182678222656e+01
1.781383895874023438e+01
1.769994354248046875e+01
1.851244163513183594e+01
1.913069915771484375e+01
1.992863273620605469e+01
1.973859024047851562e+01
1.945459365844726562e+01
1.923277091979980469e+01
1.846598434448242188e+01
1.779177856445312500e+01
1.736952018737792969e+01
1.726392555236816406e+01
1.764989852905273438e+01
1.839332771301269531e+01
1.912849235534667969e+01
1.894990348815917969e+01
1.894360351562500000e+01
1.834134674072265625e+01
1.779467391967773438e+01
1.805528068542480469e+01
1.821761322021484375e+01
1.860109138488769531e+01
1.792884063720703125e+01
1.785335731506347656e+01
1.807409286499023438e+01
1.867384147644042969e+01
1.848807716369628906e+01
1.851832580566406250e+01
1.914065551757812500e+01
1.914975738525390625e+01
1.887001419067382812e+01
1.834329605102539062e+01
1.825125312805175781e+01
1.858861923217773438e+01
1.913652420043945312e+01
1.945156478881835938e+01
1.914092254638671875e+01
1.960188865661621094e+01
1.862948608398437500e+01
1.773256301879882812e+01
1.686747550964355469e+01
1.713590621948242188e+01
1.720069694519042969e+01
1.765307235717773438e+01
1.760439300537109375e+01
1.756061363220214844e+01
1.733639526367187500e+01
1.659410476684570312e+01
1.604325675964355469e+01
1.632898330688476562e+01
1.667635726928710938e+01
1.690978813171386719e+01
1.694823074340820312e+01
1.755466270446777344e+01
1.755748558044433594e+01
1.725592231750488281e+01
1.636838150024414062e+01
1.674847793579101562e+01
1.692344474792480469e+01
1.708647727966308594e+01
1.653867721557617188e+01
1.648731231689453125e+01
1.656041145324707031e+01
1.666729545593261719e+01
1.719906616210937500e+01
1.760110282897949219e+01
1.790691757202148438e+01
1.785015869140625000e+01
1.792239570617675781e+01
1.728791999816894531e+01
1.644530677795410156e+01
1.614253425598144531e+01
1.673902511596679688e+01
1.648519325256347656e+01
1.716161918640136719e+01
1.693649482727050781e+01
1.700565528869628906e+01
1.640128135681152344e+01
1.652557945251464844e+01
1.627385330200195312e+01
1.652283477783203125e+01
1.616372871398925781e+01
1.609414100646972656e+01
1.645924568176269531e+01
1.706787109375000000e+01
1.745721054077148438e+01
1.664334678649902344e+01
1.658304405212402344e+01
1.579943180084228516e+01
1.636695480346679688e+01
1.651445770263671875e+01
1.651585006713867188e+01
1.564141941070556641e+01
1.536355686187744141e+01
1.566892337799072266e+01
1.614961242675781250e+01
1.650024414062500000e+01
1.642451095581054688e+01
1.659449386596679688e+01
1.609319114685058594e+01
1.575878906250000000e+01
1.558713245391845703e+01
1.551644229888916016e+01
1.610536384582519531e+01
1.587352180480957031e+01
1.579187965393066406e+01
1.547871494293212891e+01
1.633256721496582031e+01
1.685667419433593750e+01
1.630204582214355469e+01
1.557613849639892578e+01
1.553702735900878906e+01
1.622477912902832031e+01
1.588651084899902344e+01
1.589501667022705078e+01
1.585547351837158203e+01
1.595434284210205078e+01
1.634990692138671875e+01
1.632006454467773438e+01
1.635000419616699219e+01
1.612618827819824219e+01
1.656251335144042969e+01
1.597697353363037109e+01
1.505787754058837891e+01
1.470717144012451172e+01
1.520561504364013672e+01
1.604290771484375000e+01
1.612742805480957031e+01
1.591764736175537109e+01
1.614916801452636719e+01
1.659849929809570312e+01
1.679009819030761719e+01
1.592437934875488281e+01
1.515354442596435547e+01
1.462271308898925781e+01
1.464253330230712891e+01
1.459823703765869141e+01
1.501794433593750000e+01
1.540001773834228516e+01
1.537533092498779297e+01
1.590016078948974609e+01
1.591700839996337891e+01
1.567482757568359375e+01
1.492457580566406250e+01
1.459943962097167969e+01
1.456177425384521484e+01
1.514304447174072266e+01
1.530257892608642578e+01
1.508957862854003906e+01
1.513528156280517578e+01
1.474671077728271484e+01
1.421918392181396484e+01
1.419616603851318359e+01
1.462160491943359375e+01
1.475069904327392578e+01
1.495859146118164062e+01
1.509766387939453125e+01
1.472197723388671875e+01
1.406385707855224609e+01
1.428018760681152344e+01
1.432921028137207031e+01
1.525759315490722656e+01
1.540769863128662109e+01
1.507411384582519531e+01
1.476816844940185547e+01
1.420928478240966797e+01
1.393920040130615234e+01
1.342499256134033203e+01
1.293315315246582031e+01
1.250536441802978516e+01
1.321353435516357422e+01
1.421152877807617188e+01
1.434240341186523438e+01
1.451653099060058594e+01
1.538367938995361328e+01
1.578326702117919922e+01
1.505641365051269531e+01
1.395642185211181641e+01
1.385477066040039062e+01
1.383328056335449219e+01
1.421267604827880859e+01
1.455503082275390625e+01
1.443401241302490234e+01
1.471295070648193359e+01
1.431656074523925781e+01
1.408621883392333984e+01
1.398836803436279297e+01
1.406257152557373047e+01
1.396949768066406250e+01
1.309699821472167969e+01
1.272728538513183594e+01
1.269369506835937500e+01
1.308013439178466797e+01
1.362324619293212891e+01
1.440600585937500000e+01
1.479340076446533203e+01
1.416643905639648438e+01
1.417045497894287109e+01
1.480309200286865234e+01
1.455427169799804688e+01
1.336343193054199219e+01
1.320222568511962891e+01
1.377611827850341797e+01
1.417355442047119141e+01
1.427970123291015625e+01
1.414765262603759766e+01
1.405747795104980469e+01
1.469098281860351562e+01
1.550757789611816406e+01
1.621433639526367188e+01
1.630768585205078125e+01
1.635593223571777344e+01
1.648203086853027344e+01
1.650210571289062500e+01
1.621657562255859375e+01
1.636076736450195312e+01
1.640744018554687500e+01
1.583245563507080078e+01
1.485507392883300781e+01
1.431889247894287109e+01
1.448304843902587891e+01
1.447960662841796875e+01
1.443500900268554688e+01
1.493217849731445312e+01
1.548955059051513672e+01
1.590836143493652344e+01
1.624357795715332031e+01
1.648613357543945312e+01
1.674492454528808594e+01
1.647424125671386719e+01
1.582066535949707031e+01
1.602326965332031250e+01
1.665287590026855469e+01
1.676396179199218750e+01
1.602105140686035156e+01
1.489370441436767578e+01
1.459219741821289062e+01
1.369142055511474609e+01
1.411764144897460938e+01
1.436652946472167969e+01
1.415338325500488281e+01
1.413956642150878906e+01
1.366902065277099609e+01
1.332752799987792969e+01
1.346697235107421875e+01
1.339142322540283203e+01
1.305422115325927734e+01
1.269748020172119141e+01
1.329269027709960938e+01
1.379642200469970703e+01
1.367907238006591797e+01
1.304159832000732422e+01
1.283144474029541016e+01
1.252139282226562500e+01
1.283093833923339844e+01
1.311396503448486328e+01
1.334516048431396484e+01
1.345903778076171875e+01
1.313977241516113281e+01
1.251771831512451172e+01
1.208728790283203125e+01
1.257060718536376953e+01
1.330823230743408203e+01
1.361833000183105469e+01
1.357590675354003906e+01
1.326432132720947266e+01
1.325208854675292969e+01
1.338561534881591797e+01
1.321525573730468750e+01
1.320082759857177734e+01
1.302904510498046875e+01
1.277584362030029297e+01
1.302631759643554688e+01
1.304986858367919922e+01
1.291810798645019531e+01
1.324359226226806641e+01
1.377884006500244141e+01
1.391061782836914062e+01
1.336312770843505859e+01
1.312002468109130859e+01
1.301481628417968750e+01
1.315008735656738281e+01
1.320299911499023438e+01
1.327754688262939453e+01
1.307265567779541016e+01
1.364620590209960938e+01
1.373287010192871094e+01
1.344928359985351562e+01
1.303983402252197266e+01
1.281917476654052734e+01
1.289982604980468750e+01
1.290690708160400391e+01
1.378461742401123047e+01
1.459270763397216797e+01
1.419529914855957031e+01
1.285079288482666016e+01
1.240062141418457031e+01
1.258333110809326172e+01
1.345000457763671875e+01
1.328929615020751953e+01
1.356671714782714844e+01
1.388340759277343750e+01
1.411619091033935547e+01
1.379114437103271484e+01
1.351283645629882812e+01
1.376454067230224609e+01
1.355431938171386719e+01
1.340899467468261719e+01
1.316209697723388672e+01
1.282995891571044922e+01
1.296895027160644531e+01
1.310364627838134766e+01
1.381845378875732422e+01
1.421083354949951172e+01
1.416828823089599609e+01
1.356981468200683594e+01
1.342227935791015625e+01
1.340372753143310547e+01
1.331828022003173828e+01
1.310362625122070312e+01
1.333080005645751953e+01
1.369033622741699219e+01
1.370523643493652344e+01
1.385448265075683594e+01
1.372820091247558594e+01
1.313310718536376953e+01
1.258293724060058594e+01
1.266664218902587891e+01
1.294801998138427734e+01
1.299143981933593750e+01
1.362761402130126953e+01
1.440590476989746094e+01
1.461014652252197266e+01
1.438833618164062500e+01
1.407106304168701172e+01
1.392643547058105469e+01
1.416009902954101562e+01
1.395453643798828125e+01
1.400502872467041016e+01
1.377228736877441406e+01
1.407506847381591797e+01
1.349472618103027344e+01
1.281504154205322266e+01
1.327270984649658203e+01
1.396223068237304688e+01
1.403630733489990234e+01
1.340063285827636719e+01
1.317816925048828125e+01
1.330612087249755859e+01
1.387547683715820312e+01
1.410294055938720703e+01
1.394638252258300781e+01
1.364972400665283203e+01
1.380512523651123047e+01
1.381545162200927734e+01
1.346501636505126953e+01
1.304004192352294922e+01
1.289093112945556641e+01
1.345775222778320312e+01
1.404760360717773438e+01
1.415233230590820312e+01
1.391178703308105469e+01
1.397665977478027344e+01
1.414050769805908203e+01
1.409709072113037109e+01
1.348549461364746094e+01
1.285887718200683594e+01
1.329662036895751953e+01
1.419906425476074219e+01
1.463563537597656250e+01
1.448893451690673828e+01
1.414838027954101562e+01
1.346497917175292969e+01
1.267277812957763672e+01
1.234325885772705078e+01
1.328442478179931641e+01
1.411672496795654297e+01
1.406765174865722656e+01
1.302854251861572266e+01
1.226820755004882812e+01
1.264859771728515625e+01
1.304705238342285156e+01
1.326781368255615234e+01
1.324007034301757812e+01
1.343108654022216797e+01
1.377002716064453125e+01
1.402893638610839844e+01
1.417895030975341797e+01
1.430618858337402344e+01
1.435307502746582031e+01
1.421721744537353516e+01
1.365360736846923828e+01
1.341841697692871094e+01
1.410564422607421875e+01
1.411891460418701172e+01
1.396394348144531250e+01
1.428497695922851562e+01
1.455470848083496094e+01
1.450982666015625000e+01
1.410131740570068359e+01
1.404879093170166016e+01
1.395234107971191406e+01
1.432797718048095703e+01
1.441705417633056641e+01
1.354131507873535156e+01
1.255377769470214844e+01
1.212359905242919922e+01
1.271811389923095703e+01
1.316779708862304688e+01
1.348556327819824219e+01
1.315103721618652344e+01
1.355024623870849609e+01
1.389075469970703125e+01
1.443511486053466797e+01
1.419193267822265625e+01
1.397715473175048828e+01
1.356675434112548828e+01
1.322083759307861328e+01
1.374135589599609375e+01
1.392264842987060547e+01
1.396128177642822266e+01
1.411690807342529297e+01
1.394480991363525391e+01
1.405399703979492188e+01
1.393278884887695312e+01
1.353773593902587891e+01
1.295185184478759766e+01
1.252830314636230469e+01
1.277638816833496094e+01
1.376860713958740234e+01
1.412068367004394531e+01
1.374284362792968750e+01
1.350861930847167969e+01
1.388492774963378906e+01
1.420172977447509766e+01
1.395836544036865234e+01
1.350040531158447266e+01
1.341287612915039062e+01
1.361948108673095703e+01
1.368277740478515625e+01
1.322205162048339844e+01
1.286567878723144531e+01
1.330175304412841797e+01
1.354932117462158203e+01
1.358183097839355469e+01
1.299287700653076172e+01
1.359955215454101562e+01
1.407821083068847656e+01
1.452755641937255859e+01
1.461245727539062500e+01
1.385629367828369141e+01
1.388962745666503906e+01
1.390044021606445312e+01
1.397726345062255859e+01
1.373351287841796875e+01
1.379744052886962891e+01
1.346233749389648438e+01
1.360895061492919922e+01
1.434675693511962891e+01
1.470053482055664062e+01
1.452356433868408203e+01
1.419953346252441406e+01
1.474121952056884766e+01
1.487170028686523438e+01
1.477908134460449219e+01
1.407758712768554688e+01
1.427738761901855469e+01
1.420464801788330078e+01
1.446012306213378906e+01
1.444034099578857422e+01
1.445562362670898438e+01
1.438964653015136719e+01
1.438329887390136719e+01
1.453046607971191406e+01
1.435678672790527344e+01
1.466019439697265625e+01
1.466648674011230469e+01
1.438997745513916016e+01
1.445652580261230469e+01
1.396179199218750000e+01
1.342248535156250000e+01
1.352099800109863281e+01
1.355330657958984375e+01
1.379336452484130859e+01
1.387508296966552734e+01
1.361456108093261719e+01
1.351991271972656250e+01
1.407626056671142578e+01
1.505987262725830078e+01
1.546858406066894531e+01
1.494656944274902344e+01
1.448746967315673828e+01
1.424417591094970703e+01
1.461408901214599609e+01
1.492893409729003906e+01
1.533714675903320312e+01
1.556842517852783203e+01
1.530050563812255859e+01
1.557949829101562500e+01
1.594955825805664062e+01
1.641483688354492188e+01
1.653176689147949219e+01
1.569050598144531250e+01
1.502270412445068359e+01
1.496494293212890625e+01
1.541162776947021484e+01
1.557501983642578125e+01
1.540262317657470703e+01
1.534333038330078125e+01
1.561579418182373047e+01
1.550215530395507812e+01
1.553270053863525391e+01
1.603486251831054688e+01
1.644546127319335938e+01
1.611870384216308594e+01
1.564008140563964844e+01
1.486108016967773438e+01
1.445042228698730469e+01
1.412330913543701172e+01
1.451269340515136719e+01
1.490648841857910156e+01
1.514005947113037109e+01
1.510396289825439453e+01
1.498599243164062500e+01
1.492447090148925781e+01
1.457642936706542969e+01
1.441782760620117188e+01
1.425958538055419922e+01
1.405307102203369141e+01
1.371337223052978516e+01
1.346215057373046875e+01
1.325546932220458984e+01
1.320824623107910156e+01
1.360356330871582031e+01
1.383095169067382812e+01
1.457745265960693359e+01
1.513783359527587891e+01
1.475974178314208984e+01
1.428318405151367188e+01
1.421234703063964844e+01
1.407116413116455078e+01
1.443190765380859375e+01
1.432971954345703125e+01
1.405326938629150391e+01
1.388349914550781250e+01
1.431936073303222656e+01
1.416166687011718750e+01
1.446772670745849609e+01
1.481458473205566406e+01
1.436352157592773438e+01
1.406419467926025391e+01
1.437367534637451172e+01
1.461322498321533203e+01
1.489719486236572266e+01
1.527367591857910156e+01
1.522387409210205078e+01
1.513425827026367188e+01
1.453431606292724609e+01
1.401214408874511719e+01
1.368769264221191406e+01
1.361263942718505859e+01
1.362165546417236328e+01
1.375472831726074219e+01
1.387939071655273438e+01
1.425356006622314453e+01
1.402789497375488281e+01
1.387659835815429688e+01
1.423288345336914062e+01
1.412999629974365234e+01
1.388603210449218750e+01
1.409627914428710938e+01
1.418177700042724609e+01
1.406959247589111328e+01
1.370959949493408203e+01
1.292193698883056641e+01
1.316855144500732422e+01
1.385557556152343750e+01
1.367991161346435547e+01
1.363705539703369141e+01
1.373918724060058594e+01
1.373542022705078125e+01
1.361597728729248047e+01
1.346838665008544922e+01
1.317547893524169922e+01
1.303475856781005859e+01
1.301900482177734375e+01
1.369896793365478516e+01
1.471437358856201172e+01
1.473153877258300781e+01
1.429857635498046875e+01
1.359586620330810547e+01
1.316930294036865234e+01
1.314503669738769531e+01
1.323008060455322266e+01
1.361360645294189453e+01
1.432265281677246094e+01
1.479736042022705078e+01
1.441967773437500000e+01
1.423449230194091797e+01
1.371086406707763672e+01
1.318214988708496094e+01
1.306062030792236328e+01
1.345697689056396484e+01
1.373305988311767578e+01
1.367077827453613281e+01
1.343775177001953125e+01
1.363960933685302734e+01
1.363265800476074219e+01
1.382238006591796875e+01
1.420388412475585938e+01
1.427909564971923828e+01
1.397659301757812500e+01
1.409120750427246094e+01
1.384800434112548828e+01
1.337751960754394531e+01
1.319775199890136719e+01
1.364094543457031250e+01
1.397380161285400391e+01
1.402886390686035156e+01
1.409539508819580078e+01
1.389035892486572266e+01
1.376229190826416016e+01
1.362291431427001953e+01
1.326920986175537109e+01
1.245461559295654297e+01
1.255985450744628906e+01
1.284205436706542969e+01
1.315601825714111328e+01
1.356279945373535156e+01
1.373916912078857422e+01
1.368729591369628906e+01
1.290445327758789062e+01
1.263482856750488281e+01
1.282807350158691406e+01
1.342461204528808594e+01
1.356997585296630859e+01
1.323411273956298828e+01
1.289537906646728516e+01
1.277311134338378906e+01
1.316941165924072266e+01
1.311920452117919922e+01
1.338013458251953125e+01
1.304002761840820312e+01
1.301735877990722656e+01
1.325591182708740234e+01
1.347594356536865234e+01
1.355141353607177734e+01
1.364140415191650391e+01
1.351929759979248047e+01
1.359585285186767578e+01
1.350405311584472656e+01
1.347076892852783203e+01
1.341268920898437500e+01
1.304405021667480469e+01
1.316379070281982422e+01
1.359809684753417969e+01
1.362487030029296875e+01
1.346751785278320312e+01
1.324314689636230469e+01
1.337190532684326172e+01
1.350786304473876953e+01
1.361356258392333984e+01
1.354847812652587891e+01
1.303935241699218750e+01
1.304219818115234375e+01
1.339664363861083984e+01
1.391024208068847656e+01
1.359026718139648438e+01
1.353845310211181641e+01
1.330821132659912109e+01
1.328100585937500000e+01
1.311929035186767578e+01
1.306929588317871094e+01
1.336091613769531250e+01
1.334641456604003906e+01
1.305473899841308594e+01
1.284605407714843750e+01
1.322973823547363281e+01
1.383921146392822266e+01
1.373660182952880859e+01
1.340002441406250000e+01
1.308740139007568359e+01
1.321465587615966797e+01
1.324705028533935547e+01
1.308645248413085938e+01
1.288962841033935547e+01
1.303528404235839844e+01
1.327821826934814453e+01
1.335286045074462891e+01
1.337048339843750000e+01
1.339648914337158203e+01
1.349968814849853516e+01
1.373414134979248047e+01
1.345889663696289062e+01
1.364826774597167969e+01
1.349636650085449219e+01
1.286477279663085938e+01
1.246006298065185547e+01
1.279680824279785156e+01
1.307854843139648438e+01
1.291512107849121094e+01
1.258943367004394531e+01
1.247056674957275391e+01
1.292664146423339844e+01
1.313515281677246094e+01
1.296628952026367188e+01
1.337035179138183594e+01
1.376353168487548828e+01
1.369796371459960938e+01
1.317049312591552734e+01
1.298731708526611328e+01
1.274596595764160156e+01
1.331339168548583984e+01
1.360424137115478516e+01
1.374674224853515625e+01
1.360110569000244141e+01
1.329987239837646484e+01
1.331224918365478516e+01
1.367261028289794922e+01
1.419722938537597656e+01
1.400789833068847656e+01
1.371757125854492188e+01
1.289180850982666016e+01
1.299614048004150391e+01
1.344287586212158203e+01
1.349707126617431641e+01
1.278100967407226562e+01
1.244974327087402344e+01
1.269392108917236328e+01
1.275245285034179688e+01
1.280241775512695312e+01
1.319119644165039062e+01
1.360319519042968750e+01
1.353133296966552734e+01
1.338929176330566406e+01
1.367239475250244141e+01
1.362024688720703125e+01
1.332990837097167969e+01
1.285727977752685547e+01
1.298680114746093750e+01
1.337219715118408203e+01
1.352896118164062500e+01
1.323465919494628906e+01
1.302885437011718750e+01
1.257854366302490234e+01
1.223275947570800781e+01
1.261974811553955078e+01
1.285005760192871094e+01
1.311289024353027344e+01
1.353646469116210938e+01
1.319664192199707031e+01
1.334190845489501953e+01
1.324536895751953125e+01
1.294163322448730469e+01
1.281976604461669922e+01
1.278642082214355469e+01
1.303603076934814453e+01
1.315009403228759766e+01
1.291282176971435547e+01
1.287806320190429688e+01
1.295946502685546875e+01
1.317797660827636719e+01
1.299879550933837891e+01
1.296666049957275391e+01
1.321770572662353516e+01
1.271197700500488281e+01
1.226044750213623047e+01
1.209393978118896484e+01
1.205468368530273438e+01
1.264475917816162109e+01
1.314342403411865234e+01
1.313219833374023438e+01
1.271046161651611328e+01
1.247658538818359375e+01
1.270948314666748047e+01
1.290603446960449219e+01
1.310660362243652344e+01
1.311740875244140625e+01
1.284807968139648438e+01
1.268641757965087891e+01
1.322049140930175781e+01
1.354651355743408203e+01
1.339163017272949219e+01
1.274629116058349609e+01
1.256104564666748047e+01
1.266918468475341797e+01
1.331217575073242188e+01
1.326383876800537109e+01
1.313655471801757812e+01
1.314039897918701172e+01
1.336860179901123047e+01
1.325266456604003906e+01
1.305809879302978516e+01
1.289827537536621094e+01
1.295674896240234375e+01
1.296335315704345703e+01
1.278454589843750000e+01
1.314860916137695312e+01
1.312504863739013672e+01
1.287132740020751953e+01
1.274261283874511719e+01
1.289278984069824219e+01
1.338483905792236328e+01
1.328496646881103516e+01
1.319869899749755859e+01
1.302438640594482422e+01
1.293789863586425781e+01
1.258530616760253906e+01
1.249055862426757812e+01
1.281637001037597656e+01
1.321434783935546875e+01
1.315216064453125000e+01
1.280909538269042969e+01
1.275939750671386719e+01
1.295130729675292969e+01
1.276357650756835938e+01
1.290218544006347656e+01
1.293524932861328125e+01
1.301688003540039062e+01
1.297092342376708984e+01
1.350099372863769531e+01
1.352091884613037109e+01
1.345666313171386719e+01
1.303283977508544922e+01
1.261774730682373047e+01
1.281168842315673828e+01
1.295661067962646484e+01
1.278979301452636719e+01
1.266100692749023438e+01
1.321116733551025391e+01
1.344722557067871094e+01
1.363915157318115234e+01
1.332970142364501953e+01
1.278177833557128906e+01
1.205734443664550781e+01
1.173208045959472656e+01
1.236285305023193359e+01
1.296754932403564453e+01
1.352708625793457031e+01
1.347512435913085938e+01
1.333249092102050781e+01
1.288976955413818359e+01
1.287510013580322266e+01
1.320102500915527344e+01
1.304641819000244141e+01
1.284018611907958984e+01
1.265719318389892578e+01
1.281334590911865234e+01
1.286402797698974609e+01
1.272293853759765625e+01
1.309346103668212891e+01
1.293366527557373047e+01
1.291121959686279297e+01
1.254063606262207031e+01
1.247133827209472656e+01
1.263131904602050781e+01
1.269231128692626953e+01
1.269691085815429688e+01
1.211898517608642578e+01
1.248853397369384766e+01
1.359840488433837891e+01
1.405916690826416016e+01
1.375698852539062500e+01
1.354815959930419922e+01
1.369123458862304688e+01
1.357074260711669922e+01
1.313946914672851562e+01
1.264162349700927734e+01
1.259029769897460938e+01
1.305053043365478516e+01
1.348247909545898438e+01
1.328296756744384766e+01
1.287614345550537109e+01
1.238126087188720703e+01
1.279701995849609375e+01
1.323826789855957031e+01
1.339994812011718750e+01
1.312437820434570312e+01
1.352121829986572266e+01
1.366818904876708984e+01
1.309892559051513672e+01
1.253542423248291016e+01
1.268149757385253906e+01
1.369143676757812500e+01
1.387896823883056641e+01
1.367311668395996094e+01
1.348112678527832031e+01
1.313173484802246094e+01
1.263021469116210938e+01
1.247355365753173828e+01
1.262748336791992188e+01
1.268351173400878906e+01
1.265802860260009766e+01
1.320130825042724609e+01
1.352651596069335938e+01
1.341425800323486328e+01
1.318841743469238281e+01
1.322024631500244141e+01
1.367320632934570312e+01
1.397497558593750000e+01
1.364290809631347656e+01
1.309869384765625000e+01
1.268682384490966797e+01
1.253876209259033203e+01
1.274564933776855469e+01
1.302163124084472656e+01
1.297680377960205078e+01
1.216986846923828125e+01
1.236878013610839844e+01
1.304254150390625000e+01
1.314192962646484375e+01
1.268795871734619141e+01
1.242202281951904297e+01
1.253971099853515625e+01
1.262156677246093750e+01
1.316336822509765625e+01
1.337093162536621094e+01
1.346730995178222656e+01
1.280697727203369141e+01
1.291139507293701172e+01
1.301161956787109375e+01
1.390648078918457031e+01
1.378891563415527344e+01
1.328652000427246094e+01
1.261461162567138672e+01
1.244577121734619141e+01
1.257094860076904297e+01
1.278041267395019531e+01
1.332791709899902344e+01
1.378193664550781250e+01
1.361256408691406250e+01
1.317428493499755859e+01
1.330138301849365234e+01
1.324565315246582031e+01
1.336596870422363281e+01
1.298090839385986328e+01
1.333992958068847656e+01
1.320862007141113281e+01
1.283574390411376953e+01
1.261184215545654297e+01
1.276643276214599609e+01
1.320145606994628906e+01
1.331977081298828125e+01
1.323577404022216797e+01
1.343531799316406250e+01
1.290949726104736328e+01
1.274247932434082031e+01
1.272061920166015625e+01
1.266370677947998047e+01
1.252570724487304688e+01
1.277870273590087891e+01
1.330848407745361328e+01
1.305256652832031250e+01
1.255595302581787109e+01
1.316198921203613281e+01
1.387400817871093750e+01
1.440898418426513672e+01
1.412253093719482422e+01
1.419057559967041016e+01
1.358389186859130859e+01
1.271320152282714844e+01
1.223799991607666016e+01
1.248864650726318359e+01
1.242469406127929688e+01
1.227047729492187500e+01
1.219663333892822266e+01
1.217171764373779297e+01
1.162581348419189453e+01
1.137415218353271484e+01
1.181599235534667969e+01
1.208277320861816406e+01
1.209883308410644531e+01
1.284165954589843750e+01
1.331517887115478516e+01
1.357228660583496094e+01
1.313993167877197266e+01
1.315752029418945312e+01
1.285860824584960938e+01
1.309812355041503906e+01
1.358727550506591797e+01
1.365451622009277344e+01
1.329849243164062500e+01
1.281892204284667969e+01
1.290091705322265625e+01
1.251474666595458984e+01
1.221383571624755859e+01
1.227118492126464844e+01
1.240964317321777344e+01
1.232257556915283203e+01
1.251399612426757812e+01
1.270728588104248047e+01
1.372879028320312500e+01
1.339807128906250000e+01
1.302177429199218750e+01
1.234626102447509766e+01
1.250736904144287109e+01
1.266713142395019531e+01
1.254089641571044922e+01
1.255363750457763672e+01
1.227900600433349609e+01
1.194906139373779297e+01
1.205837535858154297e+01
1.257629871368408203e+01
1.293162536621093750e+01
1.234952259063720703e+01
1.169519233703613281e+01
1.162044048309326172e+01
1.191279125213623047e+01
1.227628135681152344e+01
1.273716068267822266e+01
1.339888191223144531e+01
1.349193000793457031e+01
1.308550930023193359e+01
1.261660957336425781e+01
1.254774093627929688e+01
1.308497428894042969e+01
1.322220706939697266e+01
1.340559577941894531e+01
1.318197441101074219e+01
1.312589168548583984e+01
1.328005123138427734e+01
1.327349758148193359e+01
1.324418640136718750e+01
1.321974945068359375e+01
1.335442161560058594e+01
1.344425487518310547e+01
1.341645145416259766e+01
1.362865829467773438e+01
1.366376876831054688e+01
1.390917873382568359e+01
1.427748012542724609e+01
1.452282142639160156e+01
1.387957382202148438e+01
1.322534465789794922e+01
1.320548820495605469e+01
1.365971565246582031e+01
1.415037631988525391e+01
1.430026435852050781e+01
1.390867233276367188e+01
1.339148235321044922e+01
1.323646545410156250e+01
1.311320590972900391e+01
1.325986671447753906e+01
1.311539268493652344e+01
1.280941104888916016e+01
1.226180267333984375e+01
1.230887603759765625e+01
1.239188480377197266e+01
1.296728706359863281e+01
1.295446300506591797e+01
1.328404998779296875e+01
1.340024852752685547e+01
1.360701274871826172e+01
1.213920402526855469e+01
1.175081920623779297e+01
1.216016483306884766e+01
1.339570713043212891e+01
1.334689331054687500e+01
1.339202213287353516e+01
1.301515293121337891e+01
1.260126113891601562e+01
1.256800746917724609e+01
1.328400135040283203e+01
1.369989967346191406e+01
1.337337207794189453e+01
1.277582073211669922e+01
1.296797943115234375e+01
1.309595870971679688e+01
1.315862083435058594e+01
1.258622932434082031e+01
1.234980201721191406e+01
1.209701156616210938e+01
1.286437225341796875e+01
1.291857337951660156e+01
1.376457881927490234e+01
1.381767940521240234e+01
1.370205688476562500e+01
1.347193050384521484e+01
1.271124458312988281e+01
1.324398040771484375e+01
1.375929260253906250e+01
1.406659412384033203e+01
1.412303256988525391e+01
1.393412208557128906e+01
1.428111648559570312e+01
1.356067657470703125e+01
1.360607528686523438e+01
1.305691337585449219e+01
1.329246997833251953e+01
1.370022487640380859e+01
1.419693088531494141e+01
1.399524784088134766e+01
1.342296314239501953e+01
1.276748371124267578e+01
1.266872406005859375e+01
1.255045700073242188e+01
1.227647399902343750e+01
1.148087120056152344e+01
1.156844043731689453e+01
1.248866271972656250e+01
1.300247001647949219e+01
1.267458534240722656e+01
1.241134452819824219e+01
1.227015876770019531e+01
1.208088397979736328e+01
1.225295066833496094e+01
1.201086616516113281e+01
1.209231853485107422e+01
1.291110229492187500e+01
1.386769008636474609e+01
1.459105491638183594e+01
1.333007717132568359e+01
1.316694545745849609e+01
1.341187191009521484e+01
1.369474315643310547e+01
1.283631992340087891e+01
1.171837234497070312e+01
1.212825965881347656e+01
1.269560432434082031e+01
1.309096622467041016e+01
1.333925247192382812e+01
1.297817516326904297e+01
1.343934440612792969e+01
1.252915191650390625e+01
1.287462997436523438e+01
1.321266841888427734e+01
1.324843406677246094e+01
1.217812538146972656e+01
1.095012664794921875e+01
1.202026367187500000e+01
1.351087093353271484e+01
1.393646621704101562e+01
1.309971237182617188e+01
1.287492847442626953e+01
1.278636741638183594e+01
1.352134609222412109e+01
1.383049774169921875e+01
1.360307788848876953e+01
1.278497219085693359e+01
1.241046428680419922e+01
1.325525856018066406e+01
1.310518550872802734e+01
1.367001247406005859e+01
1.356402206420898438e+01
1.414136219024658203e+01
1.361066246032714844e+01
1.337405204772949219e+01
1.340508937835693359e+01
1.371625518798828125e+01
1.361466693878173828e+01
1.302057266235351562e+01
1.312602615356445312e+01
1.302999114990234375e+01
1.314653110504150391e+01
1.271951198577880859e+01
1.247406387329101562e+01
1.273819065093994141e+01
1.268720531463623047e+01
1.313386058807373047e+01
1.277827644348144531e+01
1.245711708068847656e+01
1.268068122863769531e+01
1.220216751098632812e+01
1.251216411590576172e+01
1.247823524475097656e+01
1.305725383758544922e+01
1.328391551971435547e+01
1.228077125549316406e+01
1.173547077178955078e+01
1.060832691192626953e+01
1.080093574523925781e+01
1.132438564300537109e+01
1.223397064208984375e+01
1.267021942138671875e+01
1.227423572540283203e+01
1.314366149902343750e+01
1.339164257049560547e+01
1.404113101959228516e+01
1.331796741485595703e+01
1.388159847259521484e+01
1.329344272613525391e+01
1.352846145629882812e+01
1.341145420074462891e+01
1.351701831817626953e+01
1.331377029418945312e+01
1.307908439636230469e+01
1.276187801361083984e+01
1.343556308746337891e+01
1.346777248382568359e+01
1.386057567596435547e+01
1.237436676025390625e+01
1.141681289672851562e+01
1.040374755859375000e+01
1.183998489379882812e+01
1.370790100097656250e+01
1.521717834472656250e+01
1.541469478607177734e+01
1.521594715118408203e+01
1.513747310638427734e+01
1.325763702392578125e+01
1.157617187500000000e+01
1.056016635894775391e+01
1.066183376312255859e+01
1.231005668640136719e+01
1.265888500213623047e+01
1.346514511108398438e+01
1.222519779205322266e+01
1.297630691528320312e+01
1.249832820892333984e+01
1.218289279937744141e+01
1.186988449096679688e+01
1.254011058807373047e+01
1.312423706054687500e+01
1.322780799865722656e+01
1.300742912292480469e+01
1.283283042907714844e+01
1.242940521240234375e+01
1.199849796295166016e+01
1.191346645355224609e+01
1.126110744476318359e+01
1.090222263336181641e+01
1.165505886077880859e+01
1.281084537506103516e+01
1.305528831481933594e+01
1.324844455718994141e+01
1.265058803558349609e+01
1.153092288970947266e+01
1.041845417022705078e+01
1.160244464874267578e+01
1.176756477355957031e+01
1.270223617553710938e+01
1.314567852020263672e+01
1.288687229156494141e+01
1.268590354919433594e+01
1.329691696166992188e+01
1.240113162994384766e+01
1.145614910125732422e+01
1.051117801666259766e+01
1.265408134460449219e+01
1.254865837097167969e+01
1.306226539611816406e+01
1.201857757568359375e+01
1.198023509979248047e+01
1.093472099304199219e+01
1.144988250732421875e+01
1.370237159729003906e+01
1.415425395965576172e+01
1.411037635803222656e+01
1.322835540771484375e+01
1.374701118469238281e+01
1.337354660034179688e+01
1.366946125030517578e+01
1.246331787109375000e+01
1.260210800170898438e+01
1.224160289764404297e+01
1.342043304443359375e+01
1.311699104309082031e+01
1.451432514190673828e+01
1.453117752075195312e+01
1.522816085815429688e+01
1.463587284088134766e+01
1.555666446685791016e+01
1.577021408081054688e+01
1.444735050201416016e+01
1.372610282897949219e+01
1.560718059539794922e+01
1.639423179626464844e+01
1.542539024353027344e+01
1.355274581909179688e+01
1.354837226867675781e+01
1.249994754791259766e+01
1.284251213073730469e+01
1.030499649047851562e+01
9.292324066162109375e+00
1.045095157623291016e+01
1.204790878295898438e+01
1.214771270751953125e+01
1.360006141662597656e+01
1.481075859069824219e+01
1.305698490142822266e+01
1.276054763793945312e+01
1.194510364532470703e+01
1.413892650604248047e+01
1.564626789093017578e+01
1.887234878540039062e+01
1.957198715209960938e+01
1.908072662353515625e+01
2.084613609313964844e+01
2.031114959716796875e+01
2.661078453063964844e+01
2.924351119995117188e+01
3.527534103393554688e+01
3.673281860351562500e+01
3.650285720825195312e+01
2.577848625183105469e+01
1.002379608154296875e+01
7.729708194732666016e+00
1.650754737854003906e+01
1.510210132598876953e+01
1.361802673339843750e+01
8.383654594421386719e+00
1.491421222686767578e+01
1.760101318359375000e+01
1.454036903381347656e+01
1.118246936798095703e+01
9.836586952209472656e+00
5.219895362854003906e+00
6.068394184112548828e+00
1.531391143798828125e+01
2.354177284240722656e+01
3.308377075195312500e+01
nan
nan
nan
nan
nan
nan
nan
nan
nan
nan
