nan
nan
nan
nan
nan
nan
nan
nan
nan
nan
nan
nan
nan
nan
nan
nan
nan
nan
nan
nan
nan
nan
nan
8.857682800292968750e+01
8.304221343994140625e+01
7.430609130859375000e+01
7.082426452636718750e+01
7.079853057861328125e+01
6.611774444580078125e+01
6.429230499267578125e+01
7.637857055664062500e+01
7.882249450683593750e+01
6.910111999511718750e+01
7.258337402343750000e+01
7.653348541259765625e+01
6.563372802734375000e+01
5.712251663208007812e+01
6.103384399414062500e+01
6.042214965820312500e+01
5.825602340698242188e+01
5.988758850097656250e+01
5.594179534912109375e+01
5.361750793457031250e+01
5.286353683471679688e+01
5.111894989013671875e+01
4.968434906005859375e+01
5.306551361083984375e+01
5.443504714965820312e+01
5.355280685424804688e+01
5.885205841064453125e+01
5.988873672485351562e+01
5.676146316528320312e+01
5.541907501220703125e+01
5.849087905883789062e+01
5.784674072265625000e+01
5.730554199218750000e+01
5.355064010620117188e+01
5.407860183715820312e+01
5.548859405517578125e+01
5.592598342895507812e+01
5.640656661987304688e+01
5.659734344482421875e+01
5.665513610839843750e+01
5.528587341308593750e+01
5.369837570190429688e+01
5.163844299316406250e+01
5.085484695434570312e+01
5.277825927734375000e+01
5.525695037841796875e+01
5.807639694213867188e+01
6.013497924804687500e+01
5.476816177368164062e+01
5.087209320068359375e+01
4.994248199462890625e+01
4.851269912719726562e+01
4.831195831298828125e+01
4.732027435302734375e+01
4.592594146728515625e+01
5.076095581054687500e+01
5.429551315307617188e+01
5.291156768798828125e+01
5.107424545288085938e+01
5.161763763427734375e+01
5.033826065063476562e+01
4.877997589111328125e+01
4.698477172851562500e+01
4.674632263183593750e+01
4.745002365112304688e+01
4.945464706420898438e+01
5.111054611206054688e+01
4.923582839965820312e+01
5.179780197143554688e+01
5.506760406494140625e+01
5.533403778076171875e+01
5.285246276855468750e+01
5.380260467529296875e+01
5.548595428466796875e+01
5.387302017211914062e+01
5.216069412231445312e+01
5.125032043457031250e+01
5.217453002929687500e+01
4.988088989257812500e+01
4.938063430786132812e+01
4.977502441406250000e+01
4.973495864868164062e+01
4.921352005004882812e+01
5.025697708129882812e+01
5.016149139404296875e+01
4.964146423339843750e+01
5.001174163818359375e+01
5.010869598388671875e+01
4.943181610107421875e+01
4.927313232421875000e+01
4.968681335449218750e+01
4.953264617919921875e+01
4.947014999389648438e+01
4.863805389404296875e+01
4.944725799560546875e+01
4.815269088745117188e+01
4.814612197875976562e+01
4.833958816528320312e+01
4.875502395629882812e+01
4.904840087890625000e+01
4.883951950073242188e+01
4.787547683715820312e+01
4.806657791137695312e+01
4.863586425781250000e+01
4.870517349243164062e+01
4.789984512329101562e+01
4.673946380615234375e+01
4.607279968261718750e+01
4.542557144165039062e+01
4.471371841430664062e+01
4.476089477539062500e+01
4.588559341430664062e+01
4.811444473266601562e+01
4.876364135742187500e+01
4.947811126708984375e+01
4.959909439086914062e+01
4.754837799072265625e+01
4.815963745117187500e+01
4.950675201416015625e+01
4.835417938232421875e+01
4.644390487670898438e+01
4.537918853759765625e+01
4.588991546630859375e+01
4.657701873779296875e+01
4.536602401733398438e+01
4.350612640380859375e+01
4.436322402954101562e+01
4.591241073608398438e+01
4.518631744384765625e+01
4.599107360839843750e+01
4.672053909301757812e+01
4.605978012084960938e+01
4.406423187255859375e+01
4.531641769409179688e+01
4.476285171508789062e+01
4.435157775878906250e+01
4.576989746093750000e+01
4.719759368896484375e+01
4.771749496459960938e+01
4.547314071655273438e+01
4.431380462646484375e+01
4.381004714965820312e+01
4.512821197509765625e+01
4.539710617065429688e+01
4.560178756713867188e+01
4.583918762207031250e+01
4.511309432983398438e+01
4.356140899658203125e+01
4.373711776733398438e+01
4.410167312622070312e+01
4.532215499877929688e+01
4.566173171997070312e+01
4.493735504150390625e+01
4.439509963989257812e+01
4.280952072143554688e+01
4.443717575073242188e+01
4.575122451782226562e+01
4.580723953247070312e+01
4.705206680297851562e+01
4.510864639282226562e+01
4.453873062133789062e+01
4.489774703979492188e+01
4.533884811401367188e+01
4.465206527709960938e+01
4.465467453002929688e+01
4.430218505859375000e+01
4.225638961791992188e+01
4.039075851440429688e+01
3.960314559936523438e+01
4.173263549804687500e+01
4.315670013427734375e+01
4.314339065551757812e+01
4.269548416137695312e+01
4.252689743041992188e+01
4.216659927368164062e+01
4.350053405761718750e+01
4.376430511474609375e+01
4.300658416748046875e+01
4.281962585449218750e+01
4.341518783569335938e+01
4.356212615966796875e+01
4.161886596679687500e+01
3.961654663085937500e+01
3.999298477172851562e+01
3.985627746582031250e+01
4.343831253051757812e+01
4.504743194580078125e+01
4.409839630126953125e+01
4.250492858886718750e+01
4.162178421020507812e+01
4.038349151611328125e+01
4.054196548461914062e+01
4.037032699584960938e+01
4.177996826171875000e+01
4.218637084960937500e+01
4.257205581665039062e+01
4.088687896728515625e+01
4.062047195434570312e+01
4.023852157592773438e+01
3.971790695190429688e+01
3.993502044677734375e+01
4.091174316406250000e+01
4.099632644653320312e+01
3.957444381713867188e+01
4.007574081420898438e+01
4.003807067871093750e+01
4.042150497436523438e+01
3.967870330810546875e+01
4.037174224853515625e+01
4.057756423950195312e+01
4.141505050659179688e+01
4.011426162719726562e+01
4.082028198242187500e+01
4.173106384277343750e+01
4.072939300537109375e+01
4.056264114379882812e+01
4.211328506469726562e+01
4.318481063842773438e+01
4.188795089721679688e+01
4.128348541259765625e+01
4.027920913696289062e+01
3.959900283813476562e+01
3.787498092651367188e+01
3.802132797241210938e+01
3.847060012817382812e+01
3.839336776733398438e+01
3.771022033691406250e+01
3.871995162963867188e+01
3.815272140502929688e+01
3.897271347045898438e+01
4.066109848022460938e+01
4.050879287719726562e+01
4.047162246704101562e+01
4.045318603515625000e+01
4.002012252807617188e+01
3.934323883056640625e+01
4.074189758300781250e+01
4.090741348266601562e+01
4.132821655273437500e+01
4.080708312988281250e+01
4.070624923706054688e+01
4.026977539062500000e+01
3.932006454467773438e+01
3.831240463256835938e+01
3.857590866088867188e+01
3.898960494995117188e+01
3.903231811523437500e+01
3.815218734741210938e+01
3.828487777709960938e+01
3.814693832397460938e+01
3.766759109497070312e+01
3.770063018798828125e+01
3.819039916992187500e+01
3.873512649536132812e+01
3.768470382690429688e+01
3.620558547973632812e+01
3.641725540161132812e+01
3.636143875122070312e+01
3.559447860717773438e+01
3.530602264404296875e+01
3.627338027954101562e+01
3.687842178344726562e+01
3.711529922485351562e+01
3.781059646606445312e+01
3.739364624023437500e+01
3.685469818115234375e+01
3.597389602661132812e+01
3.684371948242187500e+01
3.686605834960937500e+01
3.560118484497070312e+01
3.607624435424804688e+01
3.675930023193359375e+01
3.745401000976562500e+01
3.704306793212890625e+01
3.710344696044921875e+01
3.715810775756835938e+01
3.693036270141601562e+01
3.554170608520507812e+01
3.545291137695312500e+01
3.594438171386718750e+01
3.672243881225585938e+01
3.556573867797851562e+01
3.552912902832031250e+01
3.629475784301757812e+01
3.641889953613281250e+01
3.669404983520507812e+01
3.752306365966796875e+01
3.706229782104492188e+01
3.547304153442382812e+01
3.476081085205078125e+01
3.526168823242187500e+01
3.672412490844726562e+01
3.651221466064453125e+01
3.573886108398437500e+01
3.506571578979492188e+01
3.539551162719726562e+01
3.585073089599609375e+01
3.768912887573242188e+01
3.801813888549804688e+01
3.827148818969726562e+01
3.757366180419921875e+01
3.634622955322265625e+01
3.564116668701171875e+01
3.551165771484375000e+01
3.617978668212890625e+01
3.593719100952148438e+01
3.716841888427734375e+01
3.736814117431640625e+01
3.682544708251953125e+01
3.540060424804687500e+01
3.564865493774414062e+01
3.538372039794921875e+01
3.676724243164062500e+01
3.763476181030273438e+01
3.751562118530273438e+01
3.693772888183593750e+01
3.709216308593750000e+01
3.676203536987304688e+01
3.699102401733398438e+01
3.783841705322265625e+01
3.789823913574218750e+01
3.713614654541015625e+01
3.631243896484375000e+01
3.651731491088867188e+01
3.769900894165039062e+01
3.872371673583984375e+01
3.819458389282226562e+01
3.689491271972656250e+01
3.611612319946289062e+01
3.612511444091796875e+01
3.698336029052734375e+01
3.649042892456054688e+01
3.571591949462890625e+01
3.592839050292968750e+01
3.689084625244140625e+01
3.784825515747070312e+01
3.859996795654296875e+01
3.770277404785156250e+01
3.717443466186523438e+01
3.688501358032226562e+01
3.628699493408203125e+01
3.675452041625976562e+01
3.745584869384765625e+01
3.826573181152343750e+01
3.776062011718750000e+01
3.833801651000976562e+01
3.821893692016601562e+01
3.758236312866210938e+01
3.627619552612304688e+01
3.550388336181640625e+01
3.417662811279296875e+01
3.442695617675781250e+01
3.613678359985351562e+01
3.685120773315429688e+01
3.729146957397460938e+01
3.704519271850585938e+01
3.745790100097656250e+01
3.780334854125976562e+01
3.775951385498046875e+01
3.784910964965820312e+01
3.734903717041015625e+01
3.616432952880859375e+01
3.630808258056640625e+01
3.693243026733398438e+01
3.707935333251953125e+01
3.652601242065429688e+01
3.704744720458984375e+01
3.860613632202148438e+01
3.799604034423828125e+01
3.605739974975585938e+01
3.480981063842773438e+01
3.618345260620117188e+01
3.763726806640625000e+01
3.856916809082031250e+01
3.823247909545898438e+01
3.805010223388671875e+01
3.820540618896484375e+01
3.669376373291015625e+01
3.549461746215820312e+01
3.510231781005859375e+01
3.514920425415039062e+01
3.606668472290039062e+01
3.745389175415039062e+01
3.656267929077148438e+01
3.589476776123046875e+01
3.662998580932617188e+01
3.799693679809570312e+01
3.752661895751953125e+01
3.786694335937500000e+01
3.747215652465820312e+01
3.700438690185546875e+01
3.730624771118164062e+01
3.639265441894531250e+01
3.538513183593750000e+01
3.525011444091796875e+01
3.658449554443359375e+01
3.786359024047851562e+01
3.846291351318359375e+01
3.851228713989257812e+01
3.867855453491210938e+01
3.897463226318359375e+01
3.889548873901367188e+01
3.784413528442382812e+01
3.784944152832031250e+01
3.726551055908203125e+01
3.719763946533203125e+01
3.680656433105468750e+01
3.679656600952148438e+01
3.537420272827148438e+01
3.481803894042968750e+01
3.588847351074218750e+01
3.736735534667968750e+01
3.758226776123046875e+01
3.690254592895507812e+01
3.793989944458007812e+01
3.868374252319335938e+01
3.952377700805664062e+01
3.880772018432617188e+01
3.884605026245117188e+01
3.732914733886718750e+01
3.694243240356445312e+01
3.584497451782226562e+01
3.610495758056640625e+01
3.641427612304687500e+01
3.707070159912109375e+01
3.729472351074218750e+01
3.743774032592773438e+01
3.689253234863281250e+01
3.753869628906250000e+01
3.598821258544921875e+01
3.555889892578125000e+01
3.572121047973632812e+01
3.619200897216796875e+01
3.734579467773437500e+01
3.703773117065429688e+01
3.598998641967773438e+01
3.557772827148437500e+01
3.632482147216796875e+01
3.659939193725585938e+01
3.647505569458007812e+01
3.738022613525390625e+01
3.696753311157226562e+01
3.614315414428710938e+01
3.551039505004882812e+01
3.698540496826171875e+01
3.780043792724609375e+01
3.891125488281250000e+01
3.773792266845703125e+01
3.657277297973632812e+01
3.642559814453125000e+01
3.781083679199218750e+01
3.854690933227539062e+01
3.851834869384765625e+01
3.929217910766601562e+01
3.841680526733398438e+01
3.780882644653320312e+01
3.631310653686523438e+01
3.487301635742187500e+01
3.440279006958007812e+01
3.524886703491210938e+01
3.696014022827148438e+01
3.704995727539062500e+01
3.777750396728515625e+01
3.855184936523437500e+01
3.806351470947265625e+01
3.731478500366210938e+01
3.742418289184570312e+01
3.730266571044921875e+01
3.661252593994140625e+01
3.666118240356445312e+01
3.662986755371093750e+01
3.640684127807617188e+01
3.647038650512695312e+01
3.788291931152343750e+01
3.867957687377929688e+01
3.922589111328125000e+01
3.918957901000976562e+01
3.890207672119140625e+01
3.809439849853515625e+01
3.781624984741210938e+01
3.812847518920898438e+01
3.874087905883789062e+01
3.747863006591796875e+01
3.646984863281250000e+01
3.624481201171875000e+01
3.659469604492187500e+01
3.638977813720703125e+01
3.692689514160156250e+01
3.668613815307617188e+01
3.765830993652343750e+01
3.821424102783203125e+01
3.797964859008789062e+01
3.744894027709960938e+01
3.784471511840820312e+01
3.709115982055664062e+01
3.558266830444335938e+01
3.556364822387695312e+01
3.621636199951171875e+01
3.674548339843750000e+01
3.755371856689453125e+01
3.937438201904296875e+01
3.909402084350585938e+01
3.819385528564453125e+01
3.686092758178710938e+01
3.656327056884765625e+01
3.645597076416015625e+01
3.687427139282226562e+01
3.693190765380859375e+01
3.739844894409179688e+01
3.875328063964843750e+01
4.009466171264648438e+01
4.052491378784179688e+01
4.034775924682617188e+01
3.992496871948242188e+01
3.844056320190429688e+01
3.620090866088867188e+01
3.559654998779296875e+01
3.516407394409179688e+01
3.551292037963867188e+01
3.603731155395507812e+01
3.695939636230468750e+01
3.710370254516601562e+01
3.711739730834960938e+01
3.723959732055664062e+01
3.720902633666992188e+01
3.590467834472656250e+01
3.589236450195312500e+01
3.616299438476562500e+01
3.670763778686523438e+01
3.686552429199218750e+01
3.703429412841796875e+01
3.666003036499023438e+01
3.699047470092773438e+01
3.667374038696289062e+01
3.695685577392578125e+01
3.709361648559570312e+01
3.772824478149414062e+01
3.722190093994140625e+01
3.561843109130859375e+01
3.446289825439453125e+01
3.481519317626953125e+01
3.557220077514648438e+01
3.590164184570312500e+01
3.581646347045898438e+01
3.638521957397460938e+01
3.625500488281250000e+01
3.520905685424804688e+01
3.509751510620117188e+01
3.617337799072265625e+01
3.639348983764648438e+01
3.542798233032226562e+01
3.535925674438476562e+01
3.521948623657226562e+01
3.567957305908203125e+01
3.551791000366210938e+01
3.530242156982421875e+01
3.449904251098632812e+01
3.375136184692382812e+01
3.452692031860351562e+01
3.477647399902343750e+01
3.446704864501953125e+01
3.377252197265625000e+01
3.400472259521484375e+01
3.415237808227539062e+01
3.451071929931640625e+01
3.398418045043945312e+01
3.427665328979492188e+01
3.432081222534179688e+01
3.437401962280273438e+01
3.453233337402343750e+01
3.526542663574218750e+01
3.567034530639648438e+01
3.552493286132812500e+01
3.458786010742187500e+01
3.371294784545898438e+01
3.417227935791015625e+01
3.418846511840820312e+01
3.343505096435546875e+01
3.298765563964843750e+01
3.274381637573242188e+01
3.352167510986328125e+01
3.459359741210937500e+01
3.595494842529296875e+01
3.617969894409179688e+01
3.558085250854492188e+01
3.360935974121093750e+01
3.270869445800781250e+01
3.353003311157226562e+01
3.454688644409179688e+01
3.521101379394531250e+01
3.520958709716796875e+01
3.451076126098632812e+01
3.338394927978515625e+01
3.263339996337890625e+01
3.210083007812500000e+01
3.300793075561523438e+01
3.449160003662109375e+01
3.452556610107421875e+01
3.442966461181640625e+01
3.378878402709960938e+01
3.293769836425781250e+01
3.274891662597656250e+01
3.324814987182617188e+01
3.370098114013671875e+01
3.321200942993164062e+01
3.346126174926757812e+01
3.329185485839843750e+01
3.251779174804687500e+01
3.251700973510742188e+01
3.247488784790039062e+01
3.276782989501953125e+01
3.277894210815429688e+01
3.249227142333984375e+01
3.269513320922851562e+01
3.370639801025390625e+01
3.367434692382812500e+01
3.239472579956054688e+01
3.126850128173828125e+01
3.190977287292480469e+01
3.229957580566406250e+01
3.307440948486328125e+01
3.268113327026367188e+01
3.273937988281250000e+01
3.186051940917968750e+01
3.230012893676757812e+01
3.299124908447265625e+01
3.335864639282226562e+01
3.246497344970703125e+01
3.255042648315429688e+01
3.282207107543945312e+01
3.323991394042968750e+01
3.208364486694335938e+01
3.164585113525390625e+01
3.241829681396484375e+01
3.314613342285156250e+01
3.293805313110351562e+01
3.235119628906250000e+01
3.227538299560546875e+01
3.266149520874023438e+01
3.301336669921875000e+01
3.294573211669921875e+01
3.298283004760742188e+01
3.357755661010742188e+01
3.367305755615234375e+01
3.254298019409179688e+01
3.315431213378906250e+01
3.355815124511718750e+01
3.361273956298828125e+01
3.246591186523437500e+01
3.214774322509765625e+01
3.212136840820312500e+01
3.248608779907226562e+01
3.248876953125000000e+01
3.205382919311523438e+01
3.145611381530761719e+01
3.090928649902343750e+01
3.181465721130371094e+01
3.226814651489257812e+01
3.259707641601562500e+01
3.280094528198242188e+01
3.182880783081054688e+01
3.089351081848144531e+01
3.020845603942871094e+01
3.150199699401855469e+01
3.210658645629882812e+01
3.209705352783203125e+01
3.149042701721191406e+01
3.043277549743652344e+01
3.042222595214843750e+01
3.057995223999023438e+01
3.180824661254882812e+01
3.218515777587890625e+01
3.184399604797363281e+01
3.158685493469238281e+01
3.111086082458496094e+01
3.154749488830566406e+01
3.138332557678222656e+01
3.202702331542968750e+01
3.283983993530273438e+01
3.360704803466796875e+01
3.331807327270507812e+01
3.277555847167968750e+01
3.234878158569335938e+01
3.108964157104492188e+01
3.043721961975097656e+01
3.028379631042480469e+01
3.077236175537109375e+01
3.122765541076660156e+01
3.137539672851562500e+01
3.170463752746582031e+01
3.251803970336914062e+01
3.256240844726562500e+01
3.261616516113281250e+01
3.197202301025390625e+01
3.145428276062011719e+01
3.085100746154785156e+01
3.034381484985351562e+01
3.040882873535156250e+01
3.094193649291992188e+01
3.148426818847656250e+01
3.199416732788085938e+01
3.283820724487304688e+01
3.240206909179687500e+01
3.218712615966796875e+01
3.172586822509765625e+01
3.165727043151855469e+01
3.243129730224609375e+01
3.313158798217773438e+01
3.361088943481445312e+01
3.286396026611328125e+01
3.270616149902343750e+01
3.247368240356445312e+01
3.137089157104492188e+01
3.065012550354003906e+01
3.111081314086914062e+01
3.138496017456054688e+01
3.060021591186523438e+01
2.978956031799316406e+01
2.966745758056640625e+01
3.068753433227539062e+01
3.194136619567871094e+01
3.141788673400878906e+01
3.110881042480468750e+01
3.096013259887695312e+01
3.083875465393066406e+01
3.062816047668457031e+01
3.056554222106933594e+01
3.104135322570800781e+01
3.187563323974609375e+01
3.217675018310546875e+01
3.185960006713867188e+01
3.150526618957519531e+01
3.192413902282714844e+01
3.208719635009765625e+01
3.167901992797851562e+01
3.150640678405761719e+01
3.081882095336914062e+01
3.129927062988281250e+01
3.184128952026367188e+01
3.110522079467773438e+01
3.029336929321289062e+01
3.021501922607421875e+01
3.046750831604003906e+01
3.082169532775878906e+01
3.015523338317871094e+01
3.014816474914550781e+01
3.069911575317382812e+01
3.165134429931640625e+01
3.120869827270507812e+01
3.128693771362304688e+01
3.120449447631835938e+01
3.162289237976074219e+01
3.165441513061523438e+01
3.077108955383300781e+01
3.002784156799316406e+01
3.023244285583496094e+01
3.129338455200195312e+01
3.109364700317382812e+01
3.061003494262695312e+01
3.095026969909667969e+01
3.068530464172363281e+01
3.094168853759765625e+01
3.091266059875488281e+01
3.121576118469238281e+01
3.083020973205566406e+01
3.127570152282714844e+01
3.152766227722167969e+01
3.070078277587890625e+01
2.986650276184082031e+01
3.019925308227539062e+01
3.126963615417480469e+01
3.156148529052734375e+01
3.184795761108398438e+01
3.159237861633300781e+01
3.143424415588378906e+01
2.972160911560058594e+01
2.918430900573730469e+01
2.968545913696289062e+01
3.015199089050292969e+01
3.026624107360839844e+01
2.990818405151367188e+01
2.944144821166992188e+01
2.899055099487304688e+01
2.918951225280761719e+01
2.949697494506835938e+01
2.983195304870605469e+01
2.969683074951171875e+01
2.975827598571777344e+01
3.008903121948242188e+01
3.009589767456054688e+01
2.981925010681152344e+01
2.993779182434082031e+01
2.991803359985351562e+01
3.006997489929199219e+01
2.987619972229003906e+01
2.991154670715332031e+01
2.965761947631835938e+01
2.953723335266113281e+01
2.933108901977539062e+01
2.934666442871093750e+01
3.000098991394042969e+01
3.040672492980957031e+01
3.055590629577636719e+01
2.967288780212402344e+01
2.912066650390625000e+01
2.908999252319335938e+01
2.965886306762695312e+01
2.947736549377441406e+01
2.935285377502441406e+01
2.919431495666503906e+01
3.012062263488769531e+01
3.000737190246582031e+01
2.918491172790527344e+01
2.931695365905761719e+01
3.054747581481933594e+01
3.081387710571289062e+01
3.001037788391113281e+01
2.902159881591796875e+01
2.855923652648925781e+01
2.881844329833984375e+01
2.926968383789062500e+01
2.937125015258789062e+01
2.955601310729980469e+01
2.897216796875000000e+01
2.851913070678710938e+01
2.821267127990722656e+01
2.822127151489257812e+01
2.762361717224121094e+01
2.737158584594726562e+01
2.729233741760253906e+01
2.825669479370117188e+01
2.956703567504882812e+01
2.977255439758300781e+01
2.823773956298828125e+01
2.786320877075195312e+01
2.903104782104492188e+01
2.963081932067871094e+01
2.960893249511718750e+01
2.941898918151855469e+01
2.962311935424804688e+01
2.988526153564453125e+01
2.972503089904785156e+01
2.935031700134277344e+01
2.916731262207031250e+01
2.922426414489746094e+01
2.914315795898437500e+01
2.951530075073242188e+01
2.957748031616210938e+01
2.985537338256835938e+01
2.981223678588867188e+01
2.857045555114746094e+01
2.803403472900390625e+01
2.900316810607910156e+01
2.955609703063964844e+01
2.911329460144042969e+01
2.883734893798828125e+01
2.857762908935546875e+01
2.835553169250488281e+01
2.937667846679687500e+01
2.914992141723632812e+01
2.860724830627441406e+01
2.836174774169921875e+01
2.915964126586914062e+01
2.914577102661132812e+01
2.838092613220214844e+01
2.805287551879882812e+01
2.892485046386718750e+01
2.941089630126953125e+01
2.930947113037109375e+01
2.935098266601562500e+01
2.926659774780273438e+01
2.857416915893554688e+01
2.831150054931640625e+01
2.919115257263183594e+01
2.985722732543945312e+01
3.024683380126953125e+01
2.957418441772460938e+01
2.959425544738769531e+01
2.858154678344726562e+01
2.789558410644531250e+01
2.790193557739257812e+01
2.844525909423828125e+01
2.895454978942871094e+01
2.963511085510253906e+01
2.979803276062011719e+01
2.935483932495117188e+01
2.868784904479980469e+01
2.877488899230957031e+01
2.803328132629394531e+01
2.789862632751464844e+01
2.842459106445312500e+01
2.884296226501464844e+01
2.855339050292968750e+01
2.784513092041015625e+01
2.788276100158691406e+01
2.799771118164062500e+01
2.795630264282226562e+01
2.766090583801269531e+01
2.845914268493652344e+01
2.864326286315917969e+01
2.864378929138183594e+01
2.859004402160644531e+01
2.892389106750488281e+01
2.877544593811035156e+01
2.860405540466308594e+01
2.819887542724609375e+01
2.781600952148437500e+01
2.816067695617675781e+01
2.838436126708984375e+01
2.863778877258300781e+01
2.878900909423828125e+01
2.845894622802734375e+01
2.839446640014648438e+01
2.864223289489746094e+01
2.888245010375976562e+01
2.835758209228515625e+01
2.784315490722656250e+01
2.788744354248046875e+01
2.845524597167968750e+01
2.933741378784179688e+01
3.009694671630859375e+01
2.993978118896484375e+01
2.884011840820312500e+01
2.882652664184570312e+01
2.864222908020019531e+01
2.798833656311035156e+01
2.829722976684570312e+01
2.848634338378906250e+01
2.839734840393066406e+01
2.760716438293457031e+01
2.726061058044433594e+01
2.818068122863769531e+01
2.847222137451171875e+01
2.777142524719238281e+01
2.725695610046386719e+01
2.739165687561035156e+01
2.729612541198730469e+01
2.727646446228027344e+01
2.746615409851074219e+01
2.760592079162597656e+01
2.825282287597656250e+01
2.810553359985351562e+01
2.798497581481933594e+01
2.801315498352050781e+01
2.890104675292968750e+01
2.855700874328613281e+01
2.864792251586914062e+01
2.790669822692871094e+01
2.821598052978515625e+01
2.829776954650878906e+01
2.818227767944335938e+01
2.794689941406250000e+01
2.748248672485351562e+01
2.785607528686523438e+01
2.787482643127441406e+01
2.777511978149414062e+01
2.750371551513671875e+01
2.790926170349121094e+01
2.861436080932617188e+01
2.862416648864746094e+01
2.816600227355957031e+01
2.798823738098144531e+01
2.777250099182128906e+01
2.826154899597167969e+01
2.866447448730468750e+01
2.856451797485351562e+01
2.800864601135253906e+01
2.771333312988281250e+01
2.722073554992675781e+01
2.695215988159179688e+01
2.701976013183593750e+01
2.772563743591308594e+01
2.849397468566894531e+01
2.887626647949218750e+01
2.900821495056152344e+01
2.892855644226074219e+01
2.861610794067382812e+01
2.825817871093750000e+01
2.810108184814453125e+01
2.823330879211425781e+01
2.810722541809082031e+01
2.790526580810546875e+01
2.795859909057617188e+01
2.838356781005859375e+01
2.932354736328125000e+01
2.910701942443847656e+01
2.817728805541992188e+01
2.810117721557617188e+01
2.782297325134277344e+01
2.812058830261230469e+01
2.820873069763183594e+01
2.871193695068359375e+01
2.890000724792480469e+01
2.908927917480468750e+01
2.924071121215820312e+01
2.880591392517089844e+01
2.808654594421386719e+01
2.771065521240234375e+01
2.899657630920410156e+01
3.023547744750976562e+01
3.060829734802246094e+01
2.990191268920898438e+01
2.945180511474609375e+01
2.860434913635253906e+01
2.815879631042480469e+01
2.853694152832031250e+01
2.827782058715820312e+01
2.836373519897460938e+01
2.855626106262207031e+01
2.870044136047363281e+01
2.854251670837402344e+01
2.834816741943359375e+01
2.808914756774902344e+01
2.873415565490722656e+01
2.923110198974609375e+01
2.894252777099609375e+01
2.858442115783691406e+01
2.868693161010742188e+01
2.899792098999023438e+01
2.939736938476562500e+01
2.890735816955566406e+01
2.821995735168457031e+01
2.789766311645507812e+01
2.787364387512207031e+01
2.741458702087402344e+01
2.723950195312500000e+01
2.785855674743652344e+01
2.842997169494628906e+01
2.855490303039550781e+01
2.798897743225097656e+01
2.843535614013671875e+01
2.856612586975097656e+01
2.862266921997070312e+01
2.858004570007324219e+01
2.959899520874023438e+01
2.954903602600097656e+01
3.001511001586914062e+01
2.940482330322265625e+01
2.844200897216796875e+01
2.786627769470214844e+01
2.770079803466796875e+01
2.776634025573730469e+01
2.762521553039550781e+01
2.730545616149902344e+01
2.777816581726074219e+01
2.818262481689453125e+01
2.870424079895019531e+01
2.852919387817382812e+01
2.888203048706054688e+01
2.796065902709960938e+01
2.734585952758789062e+01
2.804732322692871094e+01
2.879700279235839844e+01
2.866180801391601562e+01
2.879327964782714844e+01
2.945881080627441406e+01
2.979392433166503906e+01
2.885337066650390625e+01
2.830190658569335938e+01
2.772273635864257812e+01
2.845058631896972656e+01
2.927596092224121094e+01
2.879258346557617188e+01
2.833004951477050781e+01
2.786494636535644531e+01
2.770689964294433594e+01
2.864683341979980469e+01
2.989750480651855469e+01
3.003625297546386719e+01
2.883823966979980469e+01
2.768899536132812500e+01
2.750675964355468750e+01
2.854104042053222656e+01
2.872910118103027344e+01
2.916748046875000000e+01
2.911179161071777344e+01
2.993235588073730469e+01
2.983412742614746094e+01
2.953632545471191406e+01
2.988646125793457031e+01
2.970757484436035156e+01
2.976870155334472656e+01
2.905988311767578125e+01
2.865225028991699219e+01
2.825245285034179688e+01
2.779301071166992188e+01
2.778297615051269531e+01
2.785207366943359375e+01
2.824569511413574219e+01
2.841857337951660156e+01
2.839260673522949219e+01
2.863286590576171875e+01
2.959153175354003906e+01
2.974189376831054688e+01
2.954100990295410156e+01
2.949743843078613281e+01
2.928203773498535156e+01
2.812608718872070312e+01
2.892752838134765625e+01
2.924917602539062500e+01
2.957153511047363281e+01
2.926834297180175781e+01
2.868435859680175781e+01
2.869408226013183594e+01
2.893953514099121094e+01
2.885455322265625000e+01
2.902652740478515625e+01
2.818033218383789062e+01
2.805496406555175781e+01
2.848872947692871094e+01
2.892213249206542969e+01
2.859343338012695312e+01
2.844052505493164062e+01
2.862988471984863281e+01
2.883829879760742188e+01
2.830186080932617188e+01
2.882791137695312500e+01
2.969835662841796875e+01
2.978994178771972656e+01
2.886692237854003906e+01
2.834726715087890625e+01
2.827386474609375000e+01
2.837316894531250000e+01
2.798867416381835938e+01
2.828679656982421875e+01
2.780680656433105469e+01
2.823688697814941406e+01
2.842906379699707031e+01
2.890104103088378906e+01
2.895554351806640625e+01
2.879425048828125000e+01
2.823433876037597656e+01
2.794021415710449219e+01
2.835643959045410156e+01
2.892360115051269531e+01
2.848060607910156250e+01
2.948170661926269531e+01
3.058130264282226562e+01
2.985266304016113281e+01
2.883392906188964844e+01
2.852489089965820312e+01
2.910558891296386719e+01
2.889204978942871094e+01
2.821879386901855469e+01
2.836508750915527344e+01
2.829050636291503906e+01
2.840669250488281250e+01
2.857545471191406250e+01
2.845857238769531250e+01
2.773654174804687500e+01
2.836009025573730469e+01
2.878848648071289062e+01
2.874029922485351562e+01
2.910905075073242188e+01
2.965601921081542969e+01
2.983937454223632812e+01
2.932254219055175781e+01
2.858399391174316406e+01
2.875803565979003906e+01
2.930993461608886719e+01
2.975875091552734375e+01
2.978000831604003906e+01
3.000848388671875000e+01
2.980320739746093750e+01
2.989794731140136719e+01
2.975167274475097656e+01
2.944948768615722656e+01
3.036473655700683594e+01
3.101084136962890625e+01
3.110734748840332031e+01
3.066447448730468750e+01
3.027250480651855469e+01
2.899463081359863281e+01
2.836488151550292969e+01
2.842668724060058594e+01
2.898880767822265625e+01
2.944806671142578125e+01
3.006595993041992188e+01
3.025670623779296875e+01
2.978563690185546875e+01
2.866971778869628906e+01
2.833888244628906250e+01
2.861452484130859375e+01
2.896435928344726562e+01
2.976942062377929688e+01
3.015846633911132812e+01
2.996014976501464844e+01
2.967455101013183594e+01
2.958563804626464844e+01
2.952790832519531250e+01
2.981190872192382812e+01
2.947510719299316406e+01
2.906471443176269531e+01
2.893746757507324219e+01
2.948874473571777344e+01
3.041288375854492188e+01
3.044792938232421875e+01
2.957328414916992188e+01
2.899581146240234375e+01
2.925135803222656250e+01
3.050061798095703125e+01
2.996927261352539062e+01
2.955781555175781250e+01
2.962101364135742188e+01
3.040589332580566406e+01
3.108599853515625000e+01
3.114393997192382812e+01
3.023720741271972656e+01
2.937425994873046875e+01
2.913076019287109375e+01
2.904978752136230469e+01
2.887138366699218750e+01
2.826437759399414062e+01
2.806576538085937500e+01
2.858887863159179688e+01
2.961621284484863281e+01
2.999344635009765625e+01
2.943568038940429688e+01
2.860611724853515625e+01
2.724894332885742188e+01
2.756093788146972656e+01
2.756609916687011719e+01
2.790641593933105469e+01
2.832050514221191406e+01
2.959648513793945312e+01
3.009422492980957031e+01
3.005927276611328125e+01
2.943119049072265625e+01
2.947177886962890625e+01
2.952183723449707031e+01
2.960379600524902344e+01
2.866651344299316406e+01
2.895168304443359375e+01
2.895166206359863281e+01
2.901296997070312500e+01
2.840756607055664062e+01
2.889606666564941406e+01
2.947337913513183594e+01
2.998775100708007812e+01
3.022339248657226562e+01
3.020004272460937500e+01
2.967907142639160156e+01
2.932108688354492188e+01
2.926962280273437500e+01
2.871895027160644531e+01
2.838788986206054688e+01
2.840515136718750000e+01
3.002916717529296875e+01
3.014401435852050781e+01
2.978185844421386719e+01
2.985453033447265625e+01
3.054872894287109375e+01
3.014132881164550781e+01
3.021509742736816406e+01
3.044944953918457031e+01
3.075474166870117188e+01
3.000541687011718750e+01
3.003811836242675781e+01
3.021915626525878906e+01
3.088771057128906250e+01
2.975571632385253906e+01
2.902403640747070312e+01
2.854687500000000000e+01
2.958740997314453125e+01
2.982672500610351562e+01
2.926295280456542969e+01
2.868504524230957031e+01
2.885619735717773438e+01
2.802900886535644531e+01
2.733338737487792969e+01
2.741150474548339844e+01
2.789247512817382812e+01
2.893736267089843750e+01
2.960777854919433594e+01
2.927520561218261719e+01
2.867571830749511719e+01
2.897196578979492188e+01
2.944750213623046875e+01
3.018951797485351562e+01
3.026809692382812500e+01
3.019224357604980469e+01
2.978470039367675781e+01
3.026344108581542969e+01
3.039033699035644531e+01
3.057631301879882812e+01
3.038970565795898438e+01
2.919646453857421875e+01
2.821772384643554688e+01
2.818530082702636719e+01
2.892311096191406250e+01
2.912656211853027344e+01
2.949003219604492188e+01
2.941751861572265625e+01
2.904518890380859375e+01
2.847911453247070312e+01
2.841414642333984375e+01
2.865311241149902344e+01
2.932749176025390625e+01
2.963344573974609375e+01
2.899863243103027344e+01
2.851728820800781250e+01
2.822970771789550781e+01
2.806314849853515625e+01
2.884566688537597656e+01
2.964948463439941406e+01
2.915355300903320312e+01
2.946795272827148438e+01
3.006023025512695312e+01
3.025367164611816406e+01
3.062393379211425781e+01
3.116695785522460938e+01
3.072255706787109375e+01
3.036879158020019531e+01
2.897824287414550781e+01
2.794649696350097656e+01
2.783290290832519531e+01
2.809923744201660156e+01
2.825830459594726562e+01
2.864016532897949219e+01
2.845544815063476562e+01
2.848901748657226562e+01
2.867743110656738281e+01
2.887199401855468750e+01
2.884054183959960938e+01
2.847341728210449219e+01
2.895326995849609375e+01
2.956098175048828125e+01
2.912070846557617188e+01
2.815523338317871094e+01
2.787614250183105469e+01
2.774474334716796875e+01
2.758197212219238281e+01
2.734690093994140625e+01
2.861819076538085938e+01
2.986440467834472656e+01
2.889800453186035156e+01
2.833134841918945312e+01
2.847053718566894531e+01
2.860173225402832031e+01
2.805948638916015625e+01
2.814531898498535156e+01
2.897390747070312500e+01
2.931752204895019531e+01
2.999933052062988281e+01
2.997886657714843750e+01
2.967442893981933594e+01
2.867370033264160156e+01
2.823363876342773438e+01
2.880410385131835938e+01
2.896498870849609375e+01
2.859687995910644531e+01
2.832838821411132812e+01
2.876473045349121094e+01
2.842411994934082031e+01
2.904205322265625000e+01
2.983356857299804688e+01
2.933416366577148438e+01
2.794004058837890625e+01
2.737309646606445312e+01
2.799047851562500000e+01
2.854578018188476562e+01
2.904609680175781250e+01
3.024153900146484375e+01
3.042144775390625000e+01
2.949613761901855469e+01
2.869667625427246094e+01
2.995022583007812500e+01
3.020655250549316406e+01
2.977776145935058594e+01
2.871196174621582031e+01
2.834625244140625000e+01
2.798120689392089844e+01
2.831329727172851562e+01
2.794043540954589844e+01
2.841643905639648438e+01
2.862081909179687500e+01
2.927505874633789062e+01
2.900154113769531250e+01
2.900502967834472656e+01
2.815301704406738281e+01
2.821437072753906250e+01
2.932671546936035156e+01
2.944850349426269531e+01
2.925655937194824219e+01
2.888399696350097656e+01
2.900386619567871094e+01
2.948367309570312500e+01
2.880439186096191406e+01
2.843885803222656250e+01
2.817106437683105469e+01
2.833705520629882812e+01
2.886359405517578125e+01
2.930929946899414062e+01
3.032802772521972656e+01
3.104724693298339844e+01
2.985953521728515625e+01
2.804591560363769531e+01
2.797507667541503906e+01
2.800160598754882812e+01
2.831338310241699219e+01
2.858876991271972656e+01
2.836180877685546875e+01
2.916618919372558594e+01
2.979389762878417969e+01
2.950762557983398438e+01
2.889515686035156250e+01
2.792948722839355469e+01
2.747725868225097656e+01
2.783088874816894531e+01
2.878951835632324219e+01
2.893502616882324219e+01
2.868015480041503906e+01
2.841160774230957031e+01
2.795394706726074219e+01
2.831872749328613281e+01
2.874458122253417969e+01
2.835330963134765625e+01
2.831959152221679688e+01
2.876919937133789062e+01
2.937829399108886719e+01
2.987680625915527344e+01
2.993495368957519531e+01
3.015557861328125000e+01
3.042856597900390625e+01
3.071813964843750000e+01
3.017154884338378906e+01
2.934476661682128906e+01
2.851926231384277344e+01
2.816773796081542969e+01
2.823981475830078125e+01
2.832005882263183594e+01
2.782337570190429688e+01
2.797006225585937500e+01
2.873877334594726562e+01
2.945381355285644531e+01
2.955213165283203125e+01
2.937640190124511719e+01
2.916351127624511719e+01
2.790323638916015625e+01
2.781256484985351562e+01
2.801478958129882812e+01
2.846905899047851562e+01
2.821738815307617188e+01
2.806326103210449219e+01
2.796681404113769531e+01
2.916431808471679688e+01
2.978247451782226562e+01
3.033671188354492188e+01
2.937035560607910156e+01
2.864070129394531250e+01
2.855501556396484375e+01
2.906926345825195312e+01
2.918556785583496094e+01
2.901756286621093750e+01
2.913679504394531250e+01
2.895291328430175781e+01
2.831656074523925781e+01
2.817316818237304688e+01
2.774407577514648438e+01
2.843519401550292969e+01
2.929836463928222656e+01
2.920745658874511719e+01
2.954137802124023438e+01
3.012282943725585938e+01
2.999448204040527344e+01
2.829644584655761719e+01
2.758639907836914062e+01
2.768380737304687500e+01
2.804076576232910156e+01
2.816786575317382812e+01
2.869147682189941406e+01
2.886887359619140625e+01
2.867808341979980469e+01
2.853653526306152344e+01
2.835731124877929688e+01
2.890254020690917969e+01
2.886526679992675781e+01
2.841980361938476562e+01
2.801780509948730469e+01
2.714085578918457031e+01
2.762852668762207031e+01
2.795650672912597656e+01
2.850045967102050781e+01
2.896479606628417969e+01
2.945050621032714844e+01
2.922719192504882812e+01
2.778168869018554688e+01
2.800732803344726562e+01
2.865401649475097656e+01
2.906842803955078125e+01
2.848650360107421875e+01
2.838763427734375000e+01
2.901026535034179688e+01
2.966929054260253906e+01
2.932448387145996094e+01
2.878454208374023438e+01
2.819621086120605469e+01
2.786131668090820312e+01
2.802014541625976562e+01
2.883876037597656250e+01
2.940702629089355469e+01
2.883555030822753906e+01
2.809288024902343750e+01
2.855774116516113281e+01
2.884092903137207031e+01
2.935812950134277344e+01
2.929309844970703125e+01
2.914982986450195312e+01
2.934192276000976562e+01
2.879574584960937500e+01
2.814682006835937500e+01
2.740945816040039062e+01
2.777873420715332031e+01
2.813086318969726562e+01
2.914091682434082031e+01
2.942437553405761719e+01
2.904342079162597656e+01
2.888787078857421875e+01
2.879052352905273438e+01
2.905645370483398438e+01
2.896698951721191406e+01
2.934858894348144531e+01
2.962585830688476562e+01
2.965903091430664062e+01
2.875988388061523438e+01
2.848264694213867188e+01
2.869492530822753906e+01
2.919715881347656250e+01
2.881541442871093750e+01
2.859646606445312500e+01
2.854841613769531250e+01
2.855360603332519531e+01
2.848551559448242188e+01
2.854926490783691406e+01
2.958746719360351562e+01
2.943103599548339844e+01
2.929522895812988281e+01
2.917095756530761719e+01
2.964450073242187500e+01
2.972333717346191406e+01
2.921830749511718750e+01
2.862859153747558594e+01
2.699511718750000000e+01
2.673404502868652344e+01
2.743631935119628906e+01
2.915558624267578125e+01
2.921513366699218750e+01
2.929948806762695312e+01
2.903802299499511719e+01
2.954699134826660156e+01
2.903103637695312500e+01
2.925074577331542969e+01
2.999512863159179688e+01
2.947928047180175781e+01
2.866477012634277344e+01
2.777673339843750000e+01
2.823825073242187500e+01
2.866160392761230469e+01
2.953404235839843750e+01
3.039209938049316406e+01
3.041305351257324219e+01
3.009914398193359375e+01
2.883695602416992188e+01
2.816893196105957031e+01
2.815200424194335938e+01
2.836837959289550781e+01
2.838318634033203125e+01
2.741799736022949219e+01
2.696127510070800781e+01
2.827167892456054688e+01
2.940547180175781250e+01
2.858401489257812500e+01
2.831202888488769531e+01
2.811202049255371094e+01
2.790147399902343750e+01
2.896120452880859375e+01
3.002993011474609375e+01
2.975083541870117188e+01
2.835287284851074219e+01
2.721297645568847656e+01
2.731462860107421875e+01
2.832090759277343750e+01
2.900453758239746094e+01
2.928851699829101562e+01
2.930235862731933594e+01
2.848113441467285156e+01
2.806676864624023438e+01
2.874996948242187500e+01
2.890159034729003906e+01
2.892535209655761719e+01
2.917961311340332031e+01
2.944668388366699219e+01
2.911733055114746094e+01
2.983074188232421875e+01
3.023156547546386719e+01
2.897679901123046875e+01
2.731288719177246094e+01
2.698173141479492188e+01
2.703381919860839844e+01
2.640499687194824219e+01
2.732253646850585938e+01
2.825976181030273438e+01
2.759385871887207031e+01
2.692538261413574219e+01
2.774006080627441406e+01
2.909916877746582031e+01
2.920820999145507812e+01
2.898585700988769531e+01
2.756966590881347656e+01
2.738026237487792969e+01
2.784624862670898438e+01
2.909982109069824219e+01
2.823175430297851562e+01
2.804767608642578125e+01
2.859522056579589844e+01
2.885687828063964844e+01
2.918998336791992188e+01
2.919180679321289062e+01
2.895022392272949219e+01
2.743325805664062500e+01
2.716986465454101562e+01
2.790725135803222656e+01
2.837991714477539062e+01
2.745236206054687500e+01
2.689934921264648438e+01
2.681207084655761719e+01
2.837507247924804688e+01
2.914921760559082031e+01
2.962780189514160156e+01
2.859342002868652344e+01
2.785649299621582031e+01
2.810337257385253906e+01
2.843793296813964844e+01
2.844997787475585938e+01
2.852695655822753906e+01
2.937512779235839844e+01
2.924144172668457031e+01
2.949811172485351562e+01
2.897909355163574219e+01
2.751502227783203125e+01
2.748645782470703125e+01
2.850887489318847656e+01
2.874176597595214844e+01
2.911935615539550781e+01
2.905884552001953125e+01
2.902442169189453125e+01
2.833685302734375000e+01
2.781342506408691406e+01
2.726487159729003906e+01
2.610030555725097656e+01
2.628576278686523438e+01
2.739089012145996094e+01
2.910978507995605469e+01
2.964550590515136719e+01
2.853547859191894531e+01
2.789542388916015625e+01
2.915037345886230469e+01
2.873851966857910156e+01
2.851342964172363281e+01
2.814958763122558594e+01
2.848204994201660156e+01
2.863446617126464844e+01
2.849110603332519531e+01
2.665863418579101562e+01
2.678877067565917969e+01
2.799747085571289062e+01
2.928870964050292969e+01
2.917486763000488281e+01
2.888823699951171875e+01
2.890724372863769531e+01
2.988135337829589844e+01
2.977706718444824219e+01
2.941495895385742188e+01
2.864274024963378906e+01
2.851494789123535156e+01
2.825145339965820312e+01
2.740321540832519531e+01
2.747365570068359375e+01
2.679417610168457031e+01
2.795289993286132812e+01
2.976064300537109375e+01
3.094033241271972656e+01
2.932866668701171875e+01
2.812289047241210938e+01
2.722103500366210938e+01
2.653491401672363281e+01
2.605780982971191406e+01
2.658695220947265625e+01
2.619307899475097656e+01
2.649642753601074219e+01
2.649303817749023438e+01
2.715816879272460938e+01
2.714255523681640625e+01
2.698533248901367188e+01
2.739146232604980469e+01
2.726203155517578125e+01
2.776139640808105469e+01
2.954315567016601562e+01
2.881337928771972656e+01
2.779114723205566406e+01
2.744322013854980469e+01
2.720010566711425781e+01
2.634796333312988281e+01
2.709386634826660156e+01
2.862096214294433594e+01
2.924552726745605469e+01
2.910765647888183594e+01
2.918374443054199219e+01
2.732753562927246094e+01
2.587724876403808594e+01
2.563642120361328125e+01
2.692095184326171875e+01
2.837747573852539062e+01
2.780099105834960938e+01
2.862559700012207031e+01
2.788597488403320312e+01
2.736713027954101562e+01
2.736262893676757812e+01
2.744760894775390625e+01
2.676456451416015625e+01
2.584552764892578125e+01
2.651141166687011719e+01
2.797283554077148438e+01
2.843866157531738281e+01
2.735295677185058594e+01
2.565507316589355469e+01
2.558187103271484375e+01
2.709886932373046875e+01
2.838338088989257812e+01
2.837829399108886719e+01
2.763566207885742188e+01
2.667849159240722656e+01
2.751189804077148438e+01
2.760445022583007812e+01
2.772801017761230469e+01
2.742960548400878906e+01
2.767313385009765625e+01
2.671138763427734375e+01
2.718267059326171875e+01
2.751039886474609375e+01
2.818449401855468750e+01
2.632310104370117188e+01
2.440712738037109375e+01
2.426976394653320312e+01
2.502008819580078125e+01
2.587518692016601562e+01
2.600067329406738281e+01
2.611773300170898438e+01
2.712181472778320312e+01
2.741954421997070312e+01
2.683218765258789062e+01
2.545713043212890625e+01
2.499303054809570312e+01
2.468235206604003906e+01
2.509932708740234375e+01
2.661659049987792969e+01
2.710617256164550781e+01
2.699728775024414062e+01
2.694040870666503906e+01
2.689600753784179688e+01
2.791136360168457031e+01
2.801517105102539062e+01
2.731671714782714844e+01
2.750107383728027344e+01
2.767084884643554688e+01
2.624806785583496094e+01
2.523894882202148438e+01
2.589098358154296875e+01
2.782428550720214844e+01
2.733761024475097656e+01
2.706701469421386719e+01
2.672178840637207031e+01
2.794525146484375000e+01
2.669904518127441406e+01
2.461770820617675781e+01
2.470905113220214844e+01
2.490689849853515625e+01
2.605144119262695312e+01
2.568937492370605469e+01
2.710551071166992188e+01
2.650954818725585938e+01
2.622282981872558594e+01
2.586258506774902344e+01
2.615901565551757812e+01
2.749195671081542969e+01
2.905277633666992188e+01
3.104290580749511719e+01
3.081730270385742188e+01
2.796212196350097656e+01
2.643276596069335938e+01
2.542835617065429688e+01
2.560345458984375000e+01
2.438644409179687500e+01
2.316985130310058594e+01
2.204167366027832031e+01
2.223413848876953125e+01
2.328094673156738281e+01
2.562149238586425781e+01
2.677053451538085938e+01
2.572627449035644531e+01
2.535491943359375000e+01
2.748331451416015625e+01
2.615440559387207031e+01
2.421394157409667969e+01
2.394544982910156250e+01
2.513526916503906250e+01
2.432186508178710938e+01
2.406307029724121094e+01
2.650650215148925781e+01
2.679629516601562500e+01
2.370406723022460938e+01
2.177773666381835938e+01
2.312053298950195312e+01
2.442781448364257812e+01
2.579727554321289062e+01
2.527210426330566406e+01
2.485481452941894531e+01
2.308950996398925781e+01
2.395222473144531250e+01
2.638639450073242188e+01
2.863699531555175781e+01
2.869102096557617188e+01
2.799164962768554688e+01
2.816344642639160156e+01
2.740753936767578125e+01
2.604041099548339844e+01
2.446329879760742188e+01
2.363216590881347656e+01
2.407357215881347656e+01
2.462244987487792969e+01
2.364251708984375000e+01
2.237394523620605469e+01
2.122460746765136719e+01
2.067678833007812500e+01
2.379432487487792969e+01
2.696852874755859375e+01
2.710667610168457031e+01
2.709378051757812500e+01
2.524833679199218750e+01
2.474832153320312500e+01
2.421949577331542969e+01
2.254531478881835938e+01
2.080644798278808594e+01
2.005056381225585938e+01
2.077740859985351562e+01
2.178921699523925781e+01
2.344959259033203125e+01
2.516568565368652344e+01
2.585414314270019531e+01
2.553458595275878906e+01
2.625985145568847656e+01
2.575672340393066406e+01
2.336186218261718750e+01
2.230673789978027344e+01
2.249637603759765625e+01
2.220713233947753906e+01
2.220667266845703125e+01
2.010626220703125000e+01
2.277694129943847656e+01
2.340062332153320312e+01
2.134701538085937500e+01
2.040177726745605469e+01
2.167733764648437500e+01
2.591835212707519531e+01
2.508097457885742188e+01
2.316464614868164062e+01
2.095717430114746094e+01
2.016981697082519531e+01
1.942921829223632812e+01
2.091919708251953125e+01
2.193567657470703125e+01
1.915724754333496094e+01
1.774120903015136719e+01
2.007174110412597656e+01
2.058595657348632812e+01
2.039276504516601562e+01
2.049537467956542969e+01
1.912004470825195312e+01
1.356361293792724609e+01
1.449118137359619141e+01
1.578568840026855469e+01
1.372045326232910156e+01
7.351502418518066406e+00
-9.281369447708129883e-01
nan
nan
nan
nan
nan
nan
nan
nan
nan
nan
nan
nan
nan
nan
nan
nan
nan
nan
nan
nan
nan
nan
nan
nan
nan
nan
nan
nan
nan
nan
nan
nan
nan
nan
nan
nan
nan
nan
nan
nan
nan
nan
nan
nan
nan
nan
nan
nan
nan
nan
nan
nan
nan
nan
nan
nan
nan
nan
nan
nan
nan
nan
nan
nan
nan
nan
nan
nan
nan
nan
nan
nan
nan
nan
nan
nan
nan
nan
nan
nan
nan
nan
nan
nan
nan
nan
nan
nan
nan
nan
nan
nan
nan
