nan
nan
nan
nan
nan
nan
nan
nan
nan
nan
nan
nan
nan
nan
nan
nan
nan
nan
nan
nan
nan
nan
nan
2.875901603698730469e+01
3.472525024414062500e+01
4.273210525512695312e+01
5.169871139526367188e+01
4.747477340698242188e+01
3.720300292968750000e+01
4.064688873291015625e+01
6.827632141113281250e+01
7.805880737304687500e+01
6.443993377685546875e+01
5.871963119506835938e+01
6.602922821044921875e+01
5.693457031250000000e+01
4.023547744750976562e+01
3.613256072998046875e+01
3.644222259521484375e+01
3.526644515991210938e+01
3.676248550415039062e+01
3.749905014038085938e+01
3.519525146484375000e+01
3.607879257202148438e+01
4.279868698120117188e+01
4.165210342407226562e+01
4.304787445068359375e+01
4.457041549682617188e+01
4.383877563476562500e+01
4.659745407104492188e+01
4.652529907226562500e+01
4.583133316040039062e+01
3.872971343994140625e+01
3.652143096923828125e+01
3.587927246093750000e+01
3.559217453002929688e+01
3.502521133422851562e+01
3.839375305175781250e+01
4.258847045898437500e+01
4.663747024536132812e+01
4.610585403442382812e+01
4.675996398925781250e+01
4.626811218261718750e+01
4.344830703735351562e+01
4.237435150146484375e+01
4.468013381958007812e+01
4.362155532836914062e+01
4.125989151000976562e+01
4.210078048706054688e+01
4.352431869506835938e+01
4.353478622436523438e+01
4.266184997558593750e+01
4.455763244628906250e+01
4.288569641113281250e+01
4.374267959594726562e+01
4.689755630493164062e+01
4.602542877197265625e+01
4.144882965087890625e+01
3.853979873657226562e+01
4.097246170043945312e+01
4.347703552246093750e+01
4.332755661010742188e+01
4.291051864624023438e+01
4.522367477416992188e+01
4.602666473388671875e+01
4.573073959350585938e+01
4.273450851440429688e+01
4.111859512329101562e+01
3.852042007446289062e+01
3.897193908691406250e+01
4.102735137939453125e+01
4.291242980957031250e+01
4.255924987792968750e+01
4.280758666992187500e+01
4.174267196655273438e+01
4.028852081298828125e+01
4.119028091430664062e+01
4.427808761596679688e+01
4.479993057250976562e+01
4.473296737670898438e+01
4.490735244750976562e+01
4.581114959716796875e+01
4.772216415405273438e+01
4.902016067504882812e+01
4.696535110473632812e+01
4.366297531127929688e+01
4.303407669067382812e+01
4.393654251098632812e+01
4.474348831176757812e+01
4.716751861572265625e+01
4.964553070068359375e+01
5.140263748168945312e+01
5.142732620239257812e+01
5.044390869140625000e+01
4.846730041503906250e+01
4.524568176269531250e+01
4.481301116943359375e+01
4.576887512207031250e+01
4.932772064208984375e+01
4.965096664428710938e+01
4.927931594848632812e+01
4.870324707031250000e+01
4.831797409057617188e+01
4.688053131103515625e+01
4.638562774658203125e+01
4.828213882446289062e+01
4.893568038940429688e+01
4.937070846557617188e+01
4.701232528686523438e+01
4.620760345458984375e+01
4.765897750854492188e+01
5.099801635742187500e+01
5.113067245483398438e+01
4.757612609863281250e+01
4.603108215332031250e+01
4.801638031005859375e+01
4.712399291992187500e+01
4.481962966918945312e+01
4.531681442260742188e+01
4.657428359985351562e+01
4.656127548217773438e+01
4.716754150390625000e+01
4.804530715942382812e+01
4.677836990356445312e+01
4.863356018066406250e+01
5.071535110473632812e+01
5.191001510620117188e+01
5.213050460815429688e+01
5.074163818359375000e+01
4.908906173706054688e+01
4.769990158081054688e+01
5.009141921997070312e+01
5.149085235595703125e+01
4.876066970825195312e+01
4.838627243041992188e+01
4.742908859252929688e+01
4.852059173583984375e+01
4.940460968017578125e+01
4.929821014404296875e+01
4.886034011840820312e+01
4.796298980712890625e+01
4.841370391845703125e+01
5.014676284790039062e+01
5.225007629394531250e+01
5.092942047119140625e+01
4.764925765991210938e+01
4.808093643188476562e+01
5.022531890869140625e+01
5.076034927368164062e+01
5.018812942504882812e+01
5.018538284301757812e+01
5.160459899902343750e+01
5.063507843017578125e+01
4.886619567871093750e+01
4.908510208129882812e+01
5.095518112182617188e+01
5.089093399047851562e+01
4.728958511352539062e+01
4.594152069091796875e+01
4.769500350952148438e+01
4.934679794311523438e+01
4.986451339721679688e+01
4.955539703369140625e+01
5.075822448730468750e+01
5.007654571533203125e+01
4.922760009765625000e+01
4.964956665039062500e+01
5.125630569458007812e+01
5.139484786987304688e+01
5.138266754150390625e+01
4.988587951660156250e+01
5.099264907836914062e+01
5.143647384643554688e+01
5.256690979003906250e+01
5.275619125366210938e+01
5.079588699340820312e+01
4.981287765502929688e+01
4.834976577758789062e+01
4.861398315429687500e+01
4.909407424926757812e+01
5.080963516235351562e+01
5.285837936401367188e+01
5.326477050781250000e+01
5.309147644042968750e+01
5.195613098144531250e+01
5.214130401611328125e+01
5.222553634643554688e+01
5.360559463500976562e+01
5.484526443481445312e+01
5.356516647338867188e+01
5.437737274169921875e+01
5.412215423583984375e+01
5.283730316162109375e+01
5.126429748535156250e+01
5.079994964599609375e+01
5.042830657958984375e+01
5.179502868652343750e+01
5.191604232788085938e+01
5.184385299682617188e+01
5.127199172973632812e+01
5.162747573852539062e+01
5.157677078247070312e+01
5.077048110961914062e+01
4.999830245971679688e+01
5.083315658569335938e+01
5.074660110473632812e+01
5.089146041870117188e+01
5.148498916625976562e+01
5.234259796142578125e+01
5.201364898681640625e+01
5.130239105224609375e+01
5.074224853515625000e+01
5.157814407348632812e+01
5.085092544555664062e+01
4.852777862548828125e+01
4.765579223632812500e+01
4.818318557739257812e+01
4.880995178222656250e+01
4.986242675781250000e+01
5.037215423583984375e+01
4.926080703735351562e+01
4.848600006103515625e+01
4.829671478271484375e+01
4.952166366577148438e+01
4.953483963012695312e+01
5.104840087890625000e+01
5.221004486083984375e+01
5.310352325439453125e+01
5.317107009887695312e+01
5.084045028686523438e+01
4.972900390625000000e+01
4.850697326660156250e+01
4.907077026367187500e+01
4.936214828491210938e+01
4.946586990356445312e+01
5.082604980468750000e+01
5.171171188354492188e+01
5.103653335571289062e+01
4.875480270385742188e+01
4.780827331542968750e+01
4.694569396972656250e+01
4.753918838500976562e+01
4.767132568359375000e+01
4.730817413330078125e+01
4.742539215087890625e+01
4.703607177734375000e+01
4.804100036621093750e+01
4.829815292358398438e+01
4.860840606689453125e+01
4.896621322631835938e+01
4.799402618408203125e+01
4.737763595581054688e+01
4.704965972900390625e+01
4.840900802612304688e+01
4.780726623535156250e+01
4.741377639770507812e+01
4.709844970703125000e+01
4.739864730834960938e+01
4.704059219360351562e+01
4.683880996704101562e+01
4.573423385620117188e+01
4.639339447021484375e+01
4.615520095825195312e+01
4.490327835083007812e+01
4.350571823120117188e+01
4.316402816772460938e+01
4.583478546142578125e+01
4.656092834472656250e+01
4.804395294189453125e+01
4.673443603515625000e+01
4.476536178588867188e+01
4.371537399291992188e+01
4.389775466918945312e+01
4.450798797607421875e+01
4.547466659545898438e+01
4.472844314575195312e+01
4.352050781250000000e+01
4.298427581787109375e+01
4.356859970092773438e+01
4.333966445922851562e+01
4.309928131103515625e+01
4.255801391601562500e+01
4.265308380126953125e+01
4.145934677124023438e+01
4.069868087768554688e+01
4.221322250366210938e+01
4.409265518188476562e+01
4.370127105712890625e+01
4.358330535888671875e+01
4.399884796142578125e+01
4.318658065795898438e+01
4.310778045654296875e+01
4.297798538208007812e+01
4.337160110473632812e+01
4.340915679931640625e+01
4.297483062744140625e+01
4.308456802368164062e+01
4.394831466674804688e+01
4.452199554443359375e+01
4.222735977172851562e+01
4.107529830932617188e+01
4.249275207519531250e+01
4.405997848510742188e+01
4.247264862060546875e+01
4.208686065673828125e+01
4.273601531982421875e+01
4.342975616455078125e+01
4.282706451416015625e+01
4.240075683593750000e+01
4.155445861816406250e+01
4.090975570678710938e+01
3.964154815673828125e+01
3.913627624511718750e+01
3.829114913940429688e+01
3.831998825073242188e+01
3.801302337646484375e+01
3.861933898925781250e+01
4.012307739257812500e+01
4.055775451660156250e+01
4.103086853027343750e+01
4.103899765014648438e+01
4.079033279418945312e+01
4.048058700561523438e+01
3.988206863403320312e+01
3.941430664062500000e+01
4.052291107177734375e+01
4.114575958251953125e+01
4.008964157104492188e+01
3.825985717773437500e+01
3.866874313354492188e+01
3.981862640380859375e+01
4.049863052368164062e+01
4.018854522705078125e+01
3.991424560546875000e+01
3.925708770751953125e+01
3.799194335937500000e+01
3.774226760864257812e+01
3.881613159179687500e+01
4.016665267944335938e+01
3.925905990600585938e+01
3.937396240234375000e+01
4.061145782470703125e+01
4.077638244628906250e+01
3.957117080688476562e+01
3.772464370727539062e+01
3.734628295898437500e+01
3.823411178588867188e+01
3.928520202636718750e+01
3.896357345581054688e+01
3.929944610595703125e+01
3.946537780761718750e+01
3.961581039428710938e+01
3.932366943359375000e+01
3.839653778076171875e+01
3.685611724853515625e+01
3.683919525146484375e+01
3.749888229370117188e+01
3.773901367187500000e+01
3.795614242553710938e+01
3.838039779663085938e+01
3.882885360717773438e+01
3.780994796752929688e+01
3.658250808715820312e+01
3.692732238769531250e+01
3.685321044921875000e+01
3.740446090698242188e+01
3.743832778930664062e+01
3.753914260864257812e+01
3.701876068115234375e+01
3.625860977172851562e+01
3.496385192871093750e+01
3.555785369873046875e+01
3.529947662353515625e+01
3.614286804199218750e+01
3.758713150024414062e+01
3.741174697875976562e+01
3.678953552246093750e+01
3.670618438720703125e+01
3.617753601074218750e+01
3.707425689697265625e+01
3.764860153198242188e+01
3.700722503662109375e+01
3.715013504028320312e+01
3.708844757080078125e+01
3.756173706054687500e+01
3.683535766601562500e+01
3.693401718139648438e+01
3.636540603637695312e+01
3.714454650878906250e+01
3.633488082885742188e+01
3.567255020141601562e+01
3.530573272705078125e+01
3.545943450927734375e+01
3.691961669921875000e+01
3.828619003295898438e+01
3.679479980468750000e+01
3.534415435791015625e+01
3.524064636230468750e+01
3.516236114501953125e+01
3.530734634399414062e+01
3.550881195068359375e+01
3.564007949829101562e+01
3.682263183593750000e+01
3.716897201538085938e+01
3.671215438842773438e+01
3.592523193359375000e+01
3.565238952636718750e+01
3.615549850463867188e+01
3.702457809448242188e+01
3.728084182739257812e+01
3.669153976440429688e+01
3.555635452270507812e+01
3.569467163085937500e+01
3.629599380493164062e+01
3.581887054443359375e+01
3.577920913696289062e+01
3.568854904174804688e+01
3.544998168945312500e+01
3.558238220214843750e+01
3.655326080322265625e+01
3.598207092285156250e+01
3.607881546020507812e+01
3.581717681884765625e+01
3.619154739379882812e+01
3.652076721191406250e+01
3.600843811035156250e+01
3.473582458496093750e+01
3.467440795898437500e+01
3.606766510009765625e+01
3.771862792968750000e+01
3.828277206420898438e+01
3.767824554443359375e+01
3.770590591430664062e+01
3.712149429321289062e+01
3.647925186157226562e+01
3.691925048828125000e+01
3.748774337768554688e+01
3.863541412353515625e+01
3.813872909545898438e+01
3.609002304077148438e+01
3.572985839843750000e+01
3.566223526000976562e+01
3.529534530639648438e+01
3.425955963134765625e+01
3.469695281982421875e+01
3.644484329223632812e+01
3.764767456054687500e+01
3.839910888671875000e+01
3.807150268554687500e+01
3.780194091796875000e+01
3.730262374877929688e+01
3.812730789184570312e+01
3.794647216796875000e+01
3.880358505249023438e+01
3.867420196533203125e+01
3.814002227783203125e+01
3.797130203247070312e+01
3.730067825317382812e+01
3.740010452270507812e+01
3.705904006958007812e+01
3.842084503173828125e+01
3.838742446899414062e+01
3.887564468383789062e+01
3.877907943725585938e+01
3.894157028198242188e+01
3.861823654174804688e+01
3.844572067260742188e+01
3.859119796752929688e+01
3.779970169067382812e+01
3.721331787109375000e+01
3.760168838500976562e+01
3.825120925903320312e+01
3.760640716552734375e+01
3.777135467529296875e+01
3.775875091552734375e+01
3.880509948730468750e+01
3.782028579711914062e+01
3.679175949096679688e+01
3.624440002441406250e+01
3.735866928100585938e+01
3.714433670043945312e+01
3.758106994628906250e+01
3.830817031860351562e+01
3.862091827392578125e+01
3.870265960693359375e+01
3.991533279418945312e+01
4.045446395874023438e+01
4.076123809814453125e+01
4.064604949951171875e+01
4.093730545043945312e+01
4.161487579345703125e+01
4.216887664794921875e+01
4.202836227416992188e+01
4.054119873046875000e+01
3.950735855102539062e+01
3.890210342407226562e+01
3.979551315307617188e+01
4.048569488525390625e+01
4.092412567138671875e+01
4.068740844726562500e+01
4.016799545288085938e+01
4.055277252197265625e+01
4.073692321777343750e+01
4.065283966064453125e+01
4.063582992553710938e+01
4.154161453247070312e+01
4.194173812866210938e+01
4.133884811401367188e+01
4.076101684570312500e+01
4.131203460693359375e+01
4.241574478149414062e+01
4.363230895996093750e+01
4.351762390136718750e+01
4.279920578002929688e+01
4.232659912109375000e+01
4.176832962036132812e+01
4.235424423217773438e+01
4.388256835937500000e+01
4.426777648925781250e+01
4.474079895019531250e+01
4.476631164550781250e+01
4.457242965698242188e+01
4.322033309936523438e+01
4.234276580810546875e+01
4.247555541992187500e+01
4.314237976074218750e+01
4.416393661499023438e+01
4.330717468261718750e+01
4.395018768310546875e+01
4.379543304443359375e+01
4.330512237548828125e+01
4.241854095458984375e+01
4.267804336547851562e+01
4.279392623901367188e+01
4.331164169311523438e+01
4.313948822021484375e+01
4.376980590820312500e+01
4.465005874633789062e+01
4.477232742309570312e+01
4.429866790771484375e+01
4.669009399414062500e+01
4.625664901733398438e+01
4.580908966064453125e+01
4.585864257812500000e+01
4.629344177246093750e+01
4.677006912231445312e+01
4.596283721923828125e+01
4.602632904052734375e+01
4.539938735961914062e+01
4.512681198120117188e+01
4.460912322998046875e+01
4.439903640747070312e+01
4.547884368896484375e+01
4.448553848266601562e+01
4.487950897216796875e+01
4.506643295288085938e+01
4.570360183715820312e+01
4.528138351440429688e+01
4.505696487426757812e+01
4.520732498168945312e+01
4.536848831176757812e+01
4.620298767089843750e+01
4.569047927856445312e+01
4.561927795410156250e+01
4.563199996948242188e+01
4.564923095703125000e+01
4.613484954833984375e+01
4.468596649169921875e+01
4.378105163574218750e+01
4.377172088623046875e+01
4.378906631469726562e+01
4.318973922729492188e+01
4.408668136596679688e+01
4.529309844970703125e+01
4.573197937011718750e+01
4.634811401367187500e+01
4.608755111694335938e+01
4.577156066894531250e+01
4.527037048339843750e+01
4.640425109863281250e+01
4.702668762207031250e+01
4.796579360961914062e+01
4.810657501220703125e+01
4.712153244018554688e+01
4.543918228149414062e+01
4.455877304077148438e+01
4.470389175415039062e+01
4.582181930541992188e+01
4.622743225097656250e+01
4.686604690551757812e+01
4.703805160522460938e+01
4.700839996337890625e+01
4.584481430053710938e+01
4.601513671875000000e+01
4.644425201416015625e+01
4.641515350341796875e+01
4.577511978149414062e+01
4.551525878906250000e+01
4.557184600830078125e+01
4.512195205688476562e+01
4.525679397583007812e+01
4.594936752319335938e+01
4.664979934692382812e+01
4.666687393188476562e+01
4.587218475341796875e+01
4.504564666748046875e+01
4.510782241821289062e+01
4.650631332397460938e+01
4.717164611816406250e+01
4.741934967041015625e+01
4.665383911132812500e+01
4.530326080322265625e+01
4.463019943237304688e+01
4.480575180053710938e+01
4.517733001708984375e+01
4.609615707397460938e+01
4.720662307739257812e+01
4.810992050170898438e+01
4.789980697631835938e+01
4.739142227172851562e+01
4.767307662963867188e+01
4.694868087768554688e+01
4.595513916015625000e+01
4.664596176147460938e+01
4.705680465698242188e+01
4.777613067626953125e+01
4.794107055664062500e+01
4.696457672119140625e+01
4.616996383666992188e+01
4.552844619750976562e+01
4.615752029418945312e+01
4.517039108276367188e+01
4.467731475830078125e+01
4.397950363159179688e+01
4.465813446044921875e+01
4.569061279296875000e+01
4.698908233642578125e+01
4.607242965698242188e+01
4.438034439086914062e+01
4.314624023437500000e+01
4.375912094116210938e+01
4.448810577392578125e+01
4.575919342041015625e+01
4.596678924560546875e+01
4.549805831909179688e+01
4.462364959716796875e+01
4.538392639160156250e+01
4.581098937988281250e+01
4.620342254638671875e+01
4.576867294311523438e+01
4.542160797119140625e+01
4.516975402832031250e+01
4.461145401000976562e+01
4.390320968627929688e+01
4.481753540039062500e+01
4.604856872558593750e+01
4.675373840332031250e+01
4.689527511596679688e+01
4.617780685424804688e+01
4.512622070312500000e+01
4.472695159912109375e+01
4.565332031250000000e+01
4.576156234741210938e+01
4.577336120605468750e+01
4.510848999023437500e+01
4.469275283813476562e+01
4.452121734619140625e+01
4.435857772827148438e+01
4.393173599243164062e+01
4.396879577636718750e+01
4.442392730712890625e+01
4.534986114501953125e+01
4.559003067016601562e+01
4.564613723754882812e+01
4.512881469726562500e+01
4.474409103393554688e+01
4.489744186401367188e+01
4.452815628051757812e+01
4.450036239624023438e+01
4.379856872558593750e+01
4.428443145751953125e+01
4.465546417236328125e+01
4.606090545654296875e+01
4.579373168945312500e+01
4.359181213378906250e+01
4.283411026000976562e+01
4.342377471923828125e+01
4.457021331787109375e+01
4.445878982543945312e+01
4.496958541870117188e+01
4.569365310668945312e+01
4.621099090576171875e+01
4.500383377075195312e+01
4.469667053222656250e+01
4.469656372070312500e+01
4.505582427978515625e+01
4.379354095458984375e+01
4.258983230590820312e+01
4.220154571533203125e+01
4.206686782836914062e+01
4.213993835449218750e+01
4.256314468383789062e+01
4.370619964599609375e+01
4.383007812500000000e+01
4.431454849243164062e+01
4.377854919433593750e+01
4.382564926147460938e+01
4.361693572998046875e+01
4.356980133056640625e+01
4.361519241333007812e+01
4.378602981567382812e+01
4.427291107177734375e+01
4.376032638549804688e+01
4.361202621459960938e+01
4.272895431518554688e+01
4.328483581542968750e+01
4.306309127807617188e+01
4.272986602783203125e+01
4.246863555908203125e+01
4.284658813476562500e+01
4.232387542724609375e+01
4.131044006347656250e+01
4.191255187988281250e+01
4.259725189208984375e+01
4.200037765502929688e+01
4.160246658325195312e+01
4.163262939453125000e+01
4.172514724731445312e+01
4.249703216552734375e+01
4.379681396484375000e+01
4.452206039428710938e+01
4.431296920776367188e+01
4.303407287597656250e+01
4.140982818603515625e+01
4.183812332153320312e+01
4.210851287841796875e+01
4.180358886718750000e+01
4.099074172973632812e+01
4.009727096557617188e+01
4.075181198120117188e+01
4.112315750122070312e+01
4.192684936523437500e+01
4.234846115112304688e+01
4.203690338134765625e+01
4.189953994750976562e+01
4.195927429199218750e+01
4.247085189819335938e+01
4.216434478759765625e+01
4.184336853027343750e+01
4.202642822265625000e+01
4.242505264282226562e+01
4.113616943359375000e+01
4.039938354492187500e+01
4.033213043212890625e+01
4.223913574218750000e+01
4.261431503295898438e+01
4.144630050659179688e+01
4.037064361572265625e+01
4.043273925781250000e+01
4.046795654296875000e+01
4.022135162353515625e+01
3.944258117675781250e+01
3.994897079467773438e+01
4.007805633544921875e+01
3.987565231323242188e+01
3.956696319580078125e+01
3.912644958496093750e+01
3.926510620117187500e+01
3.928020477294921875e+01
3.980050277709960938e+01
4.034085845947265625e+01
4.021847915649414062e+01
3.980903244018554688e+01
3.875281524658203125e+01
3.804733657836914062e+01
3.850328063964843750e+01
3.993808746337890625e+01
4.059004211425781250e+01
3.994666671752929688e+01
4.076922988891601562e+01
4.125785064697265625e+01
4.031830596923828125e+01
3.828898620605468750e+01
3.801577377319335938e+01
3.789739227294921875e+01
3.782609176635742188e+01
3.785483932495117188e+01
3.847650146484375000e+01
3.875797271728515625e+01
3.870275878906250000e+01
3.843872451782226562e+01
3.787953948974609375e+01
3.702862930297851562e+01
3.699033737182617188e+01
3.788564682006835938e+01
3.832176208496093750e+01
3.880720138549804688e+01
3.862044906616210938e+01
3.879906463623046875e+01
3.849465560913085938e+01
3.836837387084960938e+01
3.841352462768554688e+01
3.878028869628906250e+01
3.894002914428710938e+01
3.806497955322265625e+01
3.720297241210937500e+01
3.714836502075195312e+01
3.818572998046875000e+01
3.890552139282226562e+01
3.880389785766601562e+01
3.794601440429687500e+01
3.743711853027343750e+01
3.800145339965820312e+01
3.991687393188476562e+01
4.029343414306640625e+01
3.928787994384765625e+01
3.720386123657226562e+01
3.567817306518554688e+01
3.548895263671875000e+01
3.642471313476562500e+01
3.726288223266601562e+01
3.771923065185546875e+01
3.817119598388671875e+01
3.833403396606445312e+01
3.783578491210937500e+01
3.671193695068359375e+01
3.582312011718750000e+01
3.572757339477539062e+01
3.618392944335937500e+01
3.615020751953125000e+01
3.640707397460937500e+01
3.692497634887695312e+01
3.732509994506835938e+01
3.693141937255859375e+01
3.603255081176757812e+01
3.595635986328125000e+01
3.621458435058593750e+01
3.630975723266601562e+01
3.672639083862304688e+01
3.674245452880859375e+01
3.578114700317382812e+01
3.481696701049804688e+01
3.444015121459960938e+01
3.403712844848632812e+01
3.416609191894531250e+01
3.459662246704101562e+01
3.518228912353515625e+01
3.426908493041992188e+01
3.468282699584960938e+01
3.501543807983398438e+01
3.706824111938476562e+01
3.744226074218750000e+01
3.695216369628906250e+01
3.547902297973632812e+01
3.502993774414062500e+01
3.433867645263671875e+01
3.445121383666992188e+01
3.455142211914062500e+01
3.526182937622070312e+01
3.586483383178710938e+01
3.553346252441406250e+01
3.523071670532226562e+01
3.474813079833984375e+01
3.490245056152343750e+01
3.445249176025390625e+01
3.424039077758789062e+01
3.437318420410156250e+01
3.492324447631835938e+01
3.486893844604492188e+01
3.483753204345703125e+01
3.460448837280273438e+01
3.419063568115234375e+01
3.387486648559570312e+01
3.291531753540039062e+01
3.324679183959960938e+01
3.381050109863281250e+01
3.391877365112304688e+01
3.389812469482421875e+01
3.465353012084960938e+01
3.473795318603515625e+01
3.501806640625000000e+01
3.544816207885742188e+01
3.516761016845703125e+01
3.395435714721679688e+01
3.363285446166992188e+01
3.362556838989257812e+01
3.470761108398437500e+01
3.413941955566406250e+01
3.340507507324218750e+01
3.351652908325195312e+01
3.457797622680664062e+01
3.514115905761718750e+01
3.398143005371093750e+01
3.344118881225585938e+01
3.409200668334960938e+01
3.508407211303710938e+01
3.480209732055664062e+01
3.404610824584960938e+01
3.345638275146484375e+01
3.376434707641601562e+01
3.400778961181640625e+01
3.412870025634765625e+01
3.312407684326171875e+01
3.243918228149414062e+01
3.342123413085937500e+01
3.313511657714843750e+01
3.170052719116210938e+01
3.137444496154785156e+01
3.210192871093750000e+01
3.265571975708007812e+01
3.305574798583984375e+01
3.419767379760742188e+01
3.561942291259765625e+01
3.512337493896484375e+01
3.354000091552734375e+01
3.288344573974609375e+01
3.290690994262695312e+01
3.236152648925781250e+01
3.212495803833007812e+01
3.249871444702148438e+01
3.313460922241210938e+01
3.318012237548828125e+01
3.259071350097656250e+01
3.188718032836914062e+01
3.256329345703125000e+01
3.275960922241210938e+01
3.281859588623046875e+01
3.310785293579101562e+01
3.348505401611328125e+01
3.319307327270507812e+01
3.289474105834960938e+01
3.294260025024414062e+01
3.319130706787109375e+01
3.206281280517578125e+01
3.161613845825195312e+01
3.202178192138671875e+01
3.208703231811523438e+01
3.098127365112304688e+01
3.073439407348632812e+01
3.144205284118652344e+01
3.145275878906250000e+01
3.110329246520996094e+01
3.087937927246093750e+01
3.147472381591796875e+01
3.159218025207519531e+01
3.241166305541992188e+01
3.332894515991210938e+01
3.302445602416992188e+01
3.211587905883789062e+01
3.224217224121093750e+01
3.315564346313476562e+01
3.339586639404296875e+01
3.289848327636718750e+01
3.302470016479492188e+01
3.285560607910156250e+01
3.289471435546875000e+01
3.229563522338867188e+01
3.178381538391113281e+01
3.112757110595703125e+01
3.066770362854003906e+01
3.125831031799316406e+01
3.156974983215332031e+01
3.145755195617675781e+01
3.114192581176757812e+01
3.118163871765136719e+01
3.199703979492187500e+01
3.228593826293945312e+01
3.235552215576171875e+01
3.267454910278320312e+01
3.319792556762695312e+01
3.286435317993164062e+01
3.286195755004882812e+01
3.287877273559570312e+01
3.416005706787109375e+01
3.337084960937500000e+01
3.209703445434570312e+01
3.065961265563964844e+01
3.099643325805664062e+01
3.162992286682128906e+01
3.134295463562011719e+01
3.100191688537597656e+01
3.058316421508789062e+01
3.121832656860351562e+01
3.246885681152343750e+01
3.304518127441406250e+01
3.246354293823242188e+01
3.179825401306152344e+01
3.143932151794433594e+01
3.180655288696289062e+01
3.228876113891601562e+01
3.282183837890625000e+01
3.266139602661132812e+01
3.235267257690429688e+01
3.236996078491210938e+01
3.278118515014648438e+01
3.313541030883789062e+01
3.318321228027343750e+01
3.239604568481445312e+01
3.211152267456054688e+01
3.195634651184082031e+01
3.124909973144531250e+01
2.999178314208984375e+01
3.043076705932617188e+01
3.156187629699707031e+01
3.182290649414062500e+01
3.121872901916503906e+01
3.039514350891113281e+01
3.109569168090820312e+01
3.162097549438476562e+01
3.154229164123535156e+01
3.067676734924316406e+01
3.073061943054199219e+01
3.150650215148925781e+01
3.243351364135742188e+01
3.193074226379394531e+01
3.187120437622070312e+01
3.117164230346679688e+01
3.093987846374511719e+01
3.054036140441894531e+01
3.118999099731445312e+01
3.100225067138671875e+01
3.106151199340820312e+01
3.129344558715820312e+01
3.141344642639160156e+01
3.152318954467773438e+01
3.068425559997558594e+01
3.088382530212402344e+01
3.105025863647460938e+01
3.077775382995605469e+01
3.038926315307617188e+01
3.007580375671386719e+01
2.967753601074218750e+01
3.091741943359375000e+01
3.187491798400878906e+01
3.197484970092773438e+01
3.153217506408691406e+01
3.132522201538085938e+01
3.163571166992187500e+01
3.146313285827636719e+01
3.057228469848632812e+01
2.988586235046386719e+01
2.984737968444824219e+01
3.025827026367187500e+01
3.003680801391601562e+01
3.022433090209960938e+01
3.004000663757324219e+01
3.041509246826171875e+01
3.088945007324218750e+01
3.132624053955078125e+01
3.100194549560546875e+01
3.151592063903808594e+01
3.252477645874023438e+01
3.314245223999023438e+01
3.237088012695312500e+01
3.141150283813476562e+01
3.167536354064941406e+01
3.247631072998046875e+01
3.238925933837890625e+01
3.200888061523437500e+01
3.180615425109863281e+01
3.182734107971191406e+01
3.078778266906738281e+01
3.062158203125000000e+01
3.130322456359863281e+01
3.123876762390136719e+01
3.166234970092773438e+01
3.165154075622558594e+01
3.201198196411132812e+01
3.178110313415527344e+01
3.204964828491210938e+01
3.170824050903320312e+01
3.167271041870117188e+01
3.122500228881835938e+01
3.071960449218750000e+01
3.142965126037597656e+01
3.097877883911132812e+01
3.003021430969238281e+01
2.960618019104003906e+01
3.010953140258789062e+01
3.035009193420410156e+01
3.037266921997070312e+01
2.956847572326660156e+01
2.894683837890625000e+01
2.907262039184570312e+01
2.962174224853515625e+01
2.972044372558593750e+01
3.030488586425781250e+01
3.036065864562988281e+01
3.045493316650390625e+01
2.998693656921386719e+01
3.011934471130371094e+01
3.104203796386718750e+01
3.143929862976074219e+01
3.056011772155761719e+01
2.990533256530761719e+01
3.035345458984375000e+01
3.085358428955078125e+01
3.061788940429687500e+01
2.990287780761718750e+01
2.985424804687500000e+01
3.016671371459960938e+01
3.060561370849609375e+01
3.034103775024414062e+01
3.117749023437500000e+01
3.157186508178710938e+01
3.176758575439453125e+01
3.152319717407226562e+01
3.138814926147460938e+01
3.113951110839843750e+01
3.071507835388183594e+01
3.054642295837402344e+01
3.099958419799804688e+01
3.150353240966796875e+01
3.142050361633300781e+01
3.142142295837402344e+01
3.236969375610351562e+01
3.200919723510742188e+01
3.165002822875976562e+01
3.201210021972656250e+01
3.224948883056640625e+01
3.081248283386230469e+01
3.035783767700195312e+01
3.040342521667480469e+01
3.111650466918945312e+01
3.091125869750976562e+01
3.087447166442871094e+01
3.064513969421386719e+01
3.018600845336914062e+01
2.984391021728515625e+01
3.082946968078613281e+01
3.179462242126464844e+01
3.254883193969726562e+01
3.210019302368164062e+01
3.143682098388671875e+01
3.089173316955566406e+01
3.087086486816406250e+01
3.151359558105468750e+01
3.170842552185058594e+01
3.160280036926269531e+01
3.219151306152343750e+01
3.218524932861328125e+01
3.191525650024414062e+01
3.191042137145996094e+01
3.148545074462890625e+01
3.093800354003906250e+01
3.072377586364746094e+01
3.069339942932128906e+01
3.111289215087890625e+01
3.116067314147949219e+01
3.102653503417968750e+01
3.039370346069335938e+01
3.001368331909179688e+01
3.043240165710449219e+01
3.115830039978027344e+01
3.138823699951171875e+01
3.183698844909667969e+01
3.189079666137695312e+01
3.181803131103515625e+01
3.169458580017089844e+01
3.230807876586914062e+01
3.189678764343261719e+01
3.166674613952636719e+01
3.244995880126953125e+01
3.273397445678710938e+01
3.176053047180175781e+01
3.126189422607421875e+01
3.152220726013183594e+01
3.145187187194824219e+01
3.134869766235351562e+01
3.113635253906250000e+01
3.056753158569335938e+01
3.084707069396972656e+01
3.088269996643066406e+01
3.098372459411621094e+01
3.029152679443359375e+01
3.005313873291015625e+01
3.048851013183593750e+01
3.229808425903320312e+01
3.260358428955078125e+01
3.211511611938476562e+01
3.185524940490722656e+01
3.114780807495117188e+01
3.033552169799804688e+01
3.080581855773925781e+01
3.214687728881835938e+01
3.209920120239257812e+01
3.054133415222167969e+01
2.978814697265625000e+01
3.053528976440429688e+01
3.175238418579101562e+01
3.147034263610839844e+01
3.207075881958007812e+01
3.243106842041015625e+01
3.162869262695312500e+01
3.068637084960937500e+01
3.124326705932617188e+01
3.188380622863769531e+01
3.240169906616210938e+01
3.259925460815429688e+01
3.338808059692382812e+01
3.273582839965820312e+01
3.193569374084472656e+01
3.129084396362304688e+01
3.173418235778808594e+01
3.228875350952148438e+01
3.245041275024414062e+01
3.210087203979492188e+01
3.138469886779785156e+01
3.087870597839355469e+01
3.092316055297851562e+01
3.061905860900878906e+01
3.141935539245605469e+01
3.140615272521972656e+01
3.084944343566894531e+01
3.137005996704101562e+01
3.152849006652832031e+01
3.233005905151367188e+01
3.221587753295898438e+01
3.141361427307128906e+01
3.076175308227539062e+01
3.001741981506347656e+01
2.976206779479980469e+01
3.074647903442382812e+01
3.109755897521972656e+01
3.144625854492187500e+01
3.107986068725585938e+01
3.130132293701171875e+01
3.181487274169921875e+01
3.193834686279296875e+01
3.088247489929199219e+01
3.044668960571289062e+01
3.059203338623046875e+01
3.169330215454101562e+01
3.319803619384765625e+01
3.367022705078125000e+01
3.324106979370117188e+01
3.144212341308593750e+01
3.090412139892578125e+01
3.057796287536621094e+01
3.119579315185546875e+01
3.156450843811035156e+01
3.151255416870117188e+01
3.125100135803222656e+01
3.135077476501464844e+01
3.225876617431640625e+01
3.252552795410156250e+01
3.243634796142578125e+01
3.264581680297851562e+01
3.258383941650390625e+01
3.197594070434570312e+01
3.198434638977050781e+01
3.251273727416992188e+01
3.262554550170898438e+01
3.158705329895019531e+01
3.111022567749023438e+01
3.113761901855468750e+01
3.177190780639648438e+01
3.146314239501953125e+01
3.134996604919433594e+01
3.158580207824707031e+01
3.187033653259277344e+01
3.261243820190429688e+01
3.262099838256835938e+01
3.192183494567871094e+01
3.101055145263671875e+01
3.141396522521972656e+01
3.175395011901855469e+01
3.179730606079101562e+01
3.188818550109863281e+01
3.302476882934570312e+01
3.324391937255859375e+01
3.230535888671875000e+01
3.109977722167968750e+01
3.118036842346191406e+01
3.178680419921875000e+01
3.278621673583984375e+01
3.268950653076171875e+01
3.303942871093750000e+01
3.312990951538085938e+01
3.283077621459960938e+01
3.190086364746093750e+01
3.087261962890625000e+01
3.033556175231933594e+01
3.043654060363769531e+01
3.134532356262207031e+01
3.189235877990722656e+01
3.222034072875976562e+01
3.257590484619140625e+01
3.301121520996093750e+01
3.332536697387695312e+01
3.354607772827148438e+01
3.339422988891601562e+01
3.256164169311523438e+01
3.212802124023437500e+01
3.216358566284179688e+01
3.217140197753906250e+01
3.227633285522460938e+01
3.267135238647460938e+01
3.246909713745117188e+01
3.207851409912109375e+01
3.224316406250000000e+01
3.228012847900390625e+01
3.157704162597656250e+01
3.128613853454589844e+01
3.152477645874023438e+01
3.210709762573242188e+01
3.256514358520507812e+01
3.260965347290039062e+01
3.265523910522460938e+01
3.231467819213867188e+01
3.172005653381347656e+01
3.179933547973632812e+01
3.141315841674804688e+01
3.160484504699707031e+01
3.200626373291015625e+01
3.196315956115722656e+01
3.208340454101562500e+01
3.206666183471679688e+01
3.165193176269531250e+01
3.209569931030273438e+01
3.174057006835937500e+01
3.212577819824218750e+01
3.200547027587890625e+01
3.195659828186035156e+01
3.109163475036621094e+01
3.065243339538574219e+01
3.008214569091796875e+01
3.077986335754394531e+01
3.169138717651367188e+01
3.239434051513671875e+01
3.135294342041015625e+01
3.015149116516113281e+01
2.977790832519531250e+01
2.963230323791503906e+01
2.996254920959472656e+01
3.127835464477539062e+01
3.254378890991210938e+01
3.312790298461914062e+01
3.285014724731445312e+01
3.174736785888671875e+01
3.135259628295898438e+01
3.164664459228515625e+01
3.106145668029785156e+01
3.048176193237304688e+01
3.067562484741210938e+01
3.100231170654296875e+01
3.058839797973632812e+01
3.063747787475585938e+01
3.121711921691894531e+01
3.247998428344726562e+01
3.314677047729492188e+01
3.254242324829101562e+01
3.292122268676757812e+01
3.324629592895507812e+01
3.341001510620117188e+01
3.264253234863281250e+01
3.242480468750000000e+01
3.140460586547851562e+01
3.209782791137695312e+01
3.210348892211914062e+01
3.136878013610839844e+01
3.145619392395019531e+01
3.159784317016601562e+01
3.204484176635742188e+01
3.261577987670898438e+01
3.311391067504882812e+01
3.327164840698242188e+01
3.289047241210937500e+01
3.158416938781738281e+01
3.092798042297363281e+01
3.049929237365722656e+01
3.027332496643066406e+01
3.091654205322265625e+01
3.079479026794433594e+01
3.067899703979492188e+01
3.054786682128906250e+01
3.114030647277832031e+01
3.128120803833007812e+01
3.187100028991699219e+01
3.163759803771972656e+01
3.112433433532714844e+01
3.136815452575683594e+01
3.152815628051757812e+01
3.124484062194824219e+01
3.112644386291503906e+01
3.147872543334960938e+01
3.166488265991210938e+01
3.116823387145996094e+01
3.162971496582031250e+01
3.235110473632812500e+01
3.268066406250000000e+01
3.249679565429687500e+01
3.156532859802246094e+01
3.035381889343261719e+01
3.032468795776367188e+01
3.088698005676269531e+01
3.110238647460937500e+01
3.151392173767089844e+01
3.169257736206054688e+01
3.143289566040039062e+01
3.082684898376464844e+01
3.067282485961914062e+01
3.111217117309570312e+01
3.103102111816406250e+01
3.082472419738769531e+01
3.062699127197265625e+01
3.007752990722656250e+01
3.047286987304687500e+01
3.131430625915527344e+01
3.175180816650390625e+01
3.213052368164062500e+01
3.285285949707031250e+01
3.294206619262695312e+01
3.254001998901367188e+01
3.209380722045898438e+01
3.121236801147460938e+01
3.095962524414062500e+01
3.195204353332519531e+01
3.230083847045898438e+01
3.241572952270507812e+01
3.187802505493164062e+01
3.155602836608886719e+01
3.183652687072753906e+01
3.233776473999023438e+01
3.146752357482910156e+01
3.086604690551757812e+01
3.159601211547851562e+01
3.242119216918945312e+01
3.233403015136718750e+01
3.271283340454101562e+01
3.357034683227539062e+01
3.363152694702148438e+01
3.271344757080078125e+01
3.152309036254882812e+01
3.159896087646484375e+01
3.177558135986328125e+01
3.201609039306640625e+01
3.190277481079101562e+01
3.170076370239257812e+01
3.140618896484375000e+01
3.120389175415039062e+01
3.033736419677734375e+01
3.046722602844238281e+01
3.082151985168457031e+01
3.147218704223632812e+01
3.204482650756835938e+01
3.186873435974121094e+01
3.086101913452148438e+01
3.038354492187500000e+01
3.042417144775390625e+01
3.151495933532714844e+01
3.181784820556640625e+01
3.273899841308593750e+01
3.322413253784179688e+01
3.291947555541992188e+01
3.215629196166992188e+01
3.137268066406250000e+01
3.178399276733398438e+01
3.184400558471679688e+01
3.163360404968261719e+01
3.217267227172851562e+01
3.254226303100585938e+01
3.208146286010742188e+01
3.153327751159667969e+01
3.065743637084960938e+01
2.977895927429199219e+01
2.908142852783203125e+01
2.996510505676269531e+01
3.166521835327148438e+01
3.247148132324218750e+01
3.234088897705078125e+01
3.135530662536621094e+01
3.153597831726074219e+01
3.152109718322753906e+01
3.104250526428222656e+01
3.087863159179687500e+01
3.130434608459472656e+01
3.137287902832031250e+01
3.091651535034179688e+01
3.043042564392089844e+01
3.126139450073242188e+01
3.205486679077148438e+01
3.278753280639648438e+01
3.170720100402832031e+01
2.986096000671386719e+01
2.862645912170410156e+01
2.985182762145996094e+01
3.082381439208984375e+01
3.103639411926269531e+01
3.033838653564453125e+01
3.004562568664550781e+01
3.003824234008789062e+01
3.146843338012695312e+01
3.222008514404296875e+01
3.123781394958496094e+01
3.041293144226074219e+01
2.967400360107421875e+01
2.999403381347656250e+01
3.121518898010253906e+01
3.143997573852539062e+01
3.153324127197265625e+01
3.093537712097167969e+01
3.096132087707519531e+01
3.081088638305664062e+01
3.110693931579589844e+01
3.163729286193847656e+01
3.091897773742675781e+01
3.096098136901855469e+01
3.099529266357421875e+01
3.101407814025878906e+01
3.103412628173828125e+01
3.088612365722656250e+01
3.058424949645996094e+01
3.131734275817871094e+01
3.108160591125488281e+01
3.099077796936035156e+01
3.104752349853515625e+01
3.151798629760742188e+01
3.108911895751953125e+01
3.017424583435058594e+01
2.990612602233886719e+01
2.924506759643554688e+01
2.885087203979492188e+01
2.952791595458984375e+01
3.040648841857910156e+01
3.096903991699218750e+01
3.195147895812988281e+01
3.231375503540039062e+01
3.208827590942382812e+01
3.145290565490722656e+01
3.106704139709472656e+01
3.061380386352539062e+01
3.081907081604003906e+01
3.140521812438964844e+01
3.192391777038574219e+01
3.283591079711914062e+01
3.237004470825195312e+01
3.117673110961914062e+01
3.085652923583984375e+01
3.093628692626953125e+01
3.083227157592773438e+01
3.064171981811523438e+01
3.010956764221191406e+01
2.990989112854003906e+01
2.998050117492675781e+01
3.078370475769042969e+01
3.090921020507812500e+01
3.019746208190917969e+01
3.074679374694824219e+01
3.157854843139648438e+01
3.196500205993652344e+01
3.167887115478515625e+01
3.147602081298828125e+01
3.090820312500000000e+01
3.031343460083007812e+01
3.063862609863281250e+01
3.098684501647949219e+01
3.068909263610839844e+01
2.936540222167968750e+01
2.890207290649414062e+01
2.924860763549804688e+01
2.873581123352050781e+01
2.897765541076660156e+01
2.931035232543945312e+01
3.036891937255859375e+01
3.099582862854003906e+01
3.150579261779785156e+01
3.194991111755371094e+01
3.123239326477050781e+01
2.982792282104492188e+01
2.909219551086425781e+01
2.980598258972167969e+01
3.015950012207031250e+01
3.033578300476074219e+01
2.940986061096191406e+01
2.949916839599609375e+01
3.035715866088867188e+01
3.093418502807617188e+01
3.033003234863281250e+01
2.981225204467773438e+01
2.910209655761718750e+01
2.921526908874511719e+01
3.009172439575195312e+01
3.038415718078613281e+01
2.966219139099121094e+01
2.929853248596191406e+01
2.916559028625488281e+01
2.999190139770507812e+01
3.047709846496582031e+01
3.064952850341796875e+01
2.984086608886718750e+01
3.011299705505371094e+01
3.066154670715332031e+01
3.152497100830078125e+01
3.163549995422363281e+01
3.095603752136230469e+01
2.989278221130371094e+01
2.974373435974121094e+01
3.015620231628417969e+01
3.032536697387695312e+01
3.049777984619140625e+01
3.007726478576660156e+01
2.998295783996582031e+01
3.028646278381347656e+01
3.100106239318847656e+01
3.167003059387207031e+01
3.127914237976074219e+01
3.079755973815917969e+01
3.011014556884765625e+01
3.045116996765136719e+01
3.164638328552246094e+01
3.290563964843750000e+01
3.313584136962890625e+01
3.160894966125488281e+01
2.986751174926757812e+01
2.863845062255859375e+01
2.994702911376953125e+01
3.012239074707031250e+01
3.078224182128906250e+01
3.160542297363281250e+01
3.158837127685546875e+01
3.150532913208007812e+01
3.181159400939941406e+01
3.220475006103515625e+01
3.286648178100585938e+01
3.262688827514648438e+01
3.092270278930664062e+01
3.059035682678222656e+01
3.071477890014648438e+01
3.023060607910156250e+01
2.951250457763671875e+01
3.006930732727050781e+01
3.099897384643554688e+01
3.148775100708007812e+01
3.082359695434570312e+01
3.032119941711425781e+01
2.999026870727539062e+01
3.038091659545898438e+01
3.113730239868164062e+01
3.105055618286132812e+01
3.013758468627929688e+01
3.053647041320800781e+01
3.127460861206054688e+01
3.101331901550292969e+01
3.014696884155273438e+01
3.020674514770507812e+01
3.076063728332519531e+01
3.024440956115722656e+01
2.917547416687011719e+01
2.896254348754882812e+01
2.997321891784667969e+01
2.997511482238769531e+01
2.925479316711425781e+01
2.879792976379394531e+01
2.919542503356933594e+01
2.937579345703125000e+01
3.048056602478027344e+01
3.116987228393554688e+01
3.201898956298828125e+01
3.263602828979492188e+01
3.241838073730468750e+01
3.160153961181640625e+01
3.027198028564453125e+01
2.936053085327148438e+01
2.891269111633300781e+01
2.957999801635742188e+01
3.073458862304687500e+01
3.029479408264160156e+01
2.977910614013671875e+01
2.928899574279785156e+01
3.021054840087890625e+01
3.142127037048339844e+01
3.121220016479492188e+01
3.069153594970703125e+01
3.051136970520019531e+01
2.986797142028808594e+01
2.955777168273925781e+01
3.007978630065917969e+01
2.962055969238281250e+01
2.870435714721679688e+01
2.995203971862792969e+01
3.098448562622070312e+01
3.063565444946289062e+01
3.050211334228515625e+01
2.962029266357421875e+01
2.977111625671386719e+01
3.118408393859863281e+01
3.220982360839843750e+01
3.103047943115234375e+01
2.898201751708984375e+01
2.966769599914550781e+01
3.038754844665527344e+01
3.033535194396972656e+01
3.018599891662597656e+01
3.074040985107421875e+01
3.040502929687500000e+01
2.981839179992675781e+01
3.065189933776855469e+01
3.067041015625000000e+01
2.964871788024902344e+01
2.956944465637207031e+01
2.903241157531738281e+01
3.029350471496582031e+01
3.117207908630371094e+01
3.093074989318847656e+01
3.002494049072265625e+01
2.876327514648437500e+01
2.831059646606445312e+01
2.788906669616699219e+01
2.885120964050292969e+01
3.061456489562988281e+01
2.995086669921875000e+01
2.918927001953125000e+01
2.974856185913085938e+01
3.013481330871582031e+01
2.965013885498046875e+01
2.829049301147460938e+01
2.830154228210449219e+01
2.953419303894042969e+01
2.947690773010253906e+01
2.827779579162597656e+01
2.818913841247558594e+01
2.848284912109375000e+01
2.949937629699707031e+01
3.031100463867187500e+01
3.011823844909667969e+01
2.878792572021484375e+01
2.814541625976562500e+01
2.896593666076660156e+01
2.962010383605957031e+01
2.901074600219726562e+01
2.787678909301757812e+01
2.810179328918457031e+01
2.855837059020996094e+01
2.961358070373535156e+01
2.924912834167480469e+01
2.837848854064941406e+01
2.828500747680664062e+01
2.888390350341796875e+01
2.981965827941894531e+01
3.005259704589843750e+01
2.902588081359863281e+01
2.936950302124023438e+01
3.003082847595214844e+01
2.987938499450683594e+01
2.903723144531250000e+01
2.945495796203613281e+01
2.990264701843261719e+01
3.051011276245117188e+01
3.121243858337402344e+01
3.052735519409179688e+01
3.087593841552734375e+01
2.984395408630371094e+01
2.891388893127441406e+01
2.774146652221679688e+01
2.947810745239257812e+01
3.088634109497070312e+01
3.098972320556640625e+01
3.095866966247558594e+01
3.079097747802734375e+01
3.014077949523925781e+01
3.131101417541503906e+01
3.309280395507812500e+01
3.257734680175781250e+01
2.959513664245605469e+01
2.822668266296386719e+01
2.802055549621582031e+01
2.814628791809082031e+01
2.935288810729980469e+01
2.934090805053710938e+01
2.933754920959472656e+01
2.895793151855468750e+01
2.908279418945312500e+01
2.881737518310546875e+01
2.728006362915039062e+01
2.679142951965332031e+01
2.735276985168457031e+01
2.900021553039550781e+01
2.912828636169433594e+01
2.796604156494140625e+01
2.991160011291503906e+01
3.062545776367187500e+01
3.037555694580078125e+01
2.872936820983886719e+01
2.910071754455566406e+01
2.926731491088867188e+01
2.909160995483398438e+01
2.951415252685546875e+01
3.120400619506835938e+01
3.101069641113281250e+01
2.754488182067871094e+01
2.599539947509765625e+01
2.875777816772460938e+01
2.821933937072753906e+01
2.773083686828613281e+01
2.822319602966308594e+01
2.905639457702636719e+01
2.915613365173339844e+01
2.877388381958007812e+01
2.925250434875488281e+01
2.900022506713867188e+01
2.658382225036621094e+01
2.733017730712890625e+01
3.117286682128906250e+01
3.222562789916992188e+01
2.999162864685058594e+01
2.943785858154296875e+01
3.053356170654296875e+01
3.005456733703613281e+01
3.055655288696289062e+01
3.014086341857910156e+01
2.865067100524902344e+01
2.798096656799316406e+01
2.813735580444335938e+01
2.766760253906250000e+01
2.712023544311523438e+01
2.693770790100097656e+01
2.612410163879394531e+01
2.784646224975585938e+01
2.837703132629394531e+01
2.814881324768066406e+01
2.790936660766601562e+01
2.821545982360839844e+01
2.769461441040039062e+01
2.780459976196289062e+01
2.676691627502441406e+01
2.728203773498535156e+01
2.790883064270019531e+01
2.764151000976562500e+01
2.614834213256835938e+01
2.562431144714355469e+01
2.775806617736816406e+01
2.978208160400390625e+01
2.990729141235351562e+01
2.882346534729003906e+01
2.651180648803710938e+01
2.521319389343261719e+01
2.655010604858398438e+01
2.831941986083984375e+01
2.784712409973144531e+01
2.768185424804687500e+01
2.631382369995117188e+01
2.608726501464843750e+01
2.763800621032714844e+01
3.048143577575683594e+01
3.167826652526855469e+01
3.132218933105468750e+01
2.858173942565917969e+01
2.738259887695312500e+01
3.005535507202148438e+01
2.958763504028320312e+01
2.824330902099609375e+01
2.599826812744140625e+01
2.575492286682128906e+01
2.852507591247558594e+01
3.074958419799804688e+01
3.164752769470214844e+01
3.021068763732910156e+01
2.957693099975585938e+01
2.926021194458007812e+01
3.197408866882324219e+01
3.399112701416015625e+01
3.197646331787109375e+01
2.838504409790039062e+01
2.789089965820312500e+01
2.474972343444824219e+01
2.001466941833496094e+01
2.025271797180175781e+01
2.304889869689941406e+01
2.428694725036621094e+01
2.258238792419433594e+01
2.065955352783203125e+01
2.167242050170898438e+01
2.441410827636718750e+01
2.378715133666992188e+01
2.120555114746093750e+01
2.361840057373046875e+01
2.812112617492675781e+01
2.641046333312988281e+01
1.983300971984863281e+01
2.381735420227050781e+01
2.146372795104980469e+01
1.669762992858886719e+01
1.216431140899658203e+01
2.147032022476196289e+00
8.682092428207397461e-01
5.886736512184143066e-01
nan
nan
nan
nan
nan
nan
nan
nan
nan
nan
nan
nan
nan
nan
nan
nan
nan
nan
nan
nan
nan
nan
nan
nan
nan
nan
nan
nan
nan
nan
nan
nan
nan
nan
nan
nan
nan
nan
nan
nan
nan
nan
nan
nan
nan
nan
nan
nan
nan
nan
nan
nan
nan
nan
nan
nan
nan
nan
nan
nan
nan
nan
nan
nan
nan
nan
nan
nan
nan
nan
nan
nan
nan
nan
nan
nan
nan
nan
nan
nan
nan
nan
nan
nan
nan
nan
nan
nan
nan
nan
nan
nan
nan
