nan
nan
nan
nan
nan
nan
nan
nan
nan
nan
nan
nan
nan
nan
nan
nan
nan
nan
nan
nan
nan
nan
nan
4.451424789428710938e+01
4.861162948608398438e+01
5.358324813842773438e+01
4.152363204956054688e+01
3.754211425781250000e+01
5.198173904418945312e+01
6.170652389526367188e+01
5.249885177612304688e+01
5.827848052978515625e+01
5.210368728637695312e+01
4.669305419921875000e+01
4.965129470825195312e+01
5.277128982543945312e+01
4.919449996948242188e+01
4.295621490478515625e+01
4.474349975585937500e+01
4.779191970825195312e+01
4.673392486572265625e+01
4.804927825927734375e+01
5.000537109375000000e+01
4.684240341186523438e+01
4.372120666503906250e+01
4.700179672241210938e+01
5.001870727539062500e+01
4.797934722900390625e+01
4.282186126708984375e+01
4.094579315185546875e+01
4.150681686401367188e+01
4.593205642700195312e+01
4.902067184448242188e+01
4.460679626464843750e+01
4.330932235717773438e+01
4.619356155395507812e+01
4.700042343139648438e+01
4.297564697265625000e+01
4.088146209716796875e+01
3.904759597778320312e+01
4.145653152465820312e+01
4.503151321411132812e+01
5.017850494384765625e+01
5.277398300170898438e+01
5.374356460571289062e+01
5.103403854370117188e+01
5.094821929931640625e+01
4.845361328125000000e+01
4.483512496948242188e+01
4.776150131225585938e+01
4.802970886230468750e+01
4.671162414550781250e+01
4.452963256835937500e+01
4.563213348388671875e+01
4.930339813232421875e+01
5.248629379272460938e+01
5.406082534790039062e+01
5.572679519653320312e+01
5.399131393432617188e+01
5.287052917480468750e+01
4.961184692382812500e+01
4.566736602783203125e+01
4.521548080444335938e+01
4.821364974975585938e+01
4.797396469116210938e+01
4.744634628295898438e+01
4.954585647583007812e+01
5.187154006958007812e+01
5.365273666381835938e+01
5.080848312377929688e+01
4.956715011596679688e+01
4.799588775634765625e+01
4.638064956665039062e+01
4.529679107666015625e+01
4.668504333496093750e+01
4.594796752929687500e+01
4.547861480712890625e+01
4.538668060302734375e+01
4.596060943603515625e+01
4.720864868164062500e+01
4.888645935058593750e+01
5.072226333618164062e+01
5.031956100463867188e+01
4.957878875732421875e+01
5.113270950317382812e+01
5.294705200195312500e+01
5.098214340209960938e+01
4.816019439697265625e+01
4.839059448242187500e+01
4.862826538085937500e+01
5.136378479003906250e+01
5.086899566650390625e+01
5.051894378662109375e+01
4.854621887207031250e+01
4.922520065307617188e+01
5.042180252075195312e+01
5.306588745117187500e+01
5.628243255615234375e+01
5.738909530639648438e+01
5.498833084106445312e+01
5.387200164794921875e+01
5.339998626708984375e+01
5.250637817382812500e+01
5.396275329589843750e+01
5.097481155395507812e+01
4.878351593017578125e+01
5.117654800415039062e+01
5.331870269775390625e+01
5.340144729614257812e+01
5.313425445556640625e+01
5.119360351562500000e+01
4.911270523071289062e+01
4.951015853881835938e+01
5.255769729614257812e+01
5.340068435668945312e+01
5.418106842041015625e+01
5.433850860595703125e+01
5.230897903442382812e+01
5.091612625122070312e+01
5.127535247802734375e+01
5.143141174316406250e+01
5.275383758544921875e+01
5.378419876098632812e+01
5.187554550170898438e+01
5.206354141235351562e+01
5.302803802490234375e+01
5.415144348144531250e+01
5.327777481079101562e+01
5.433686065673828125e+01
5.696265411376953125e+01
5.787897491455078125e+01
5.600949859619140625e+01
5.554407882690429688e+01
5.598841857910156250e+01
5.593125915527343750e+01
5.449758529663085938e+01
5.601446533203125000e+01
5.576805877685546875e+01
5.546926879882812500e+01
5.393237304687500000e+01
5.369541931152343750e+01
5.364842224121093750e+01
5.646599578857421875e+01
5.800158691406250000e+01
5.806504058837890625e+01
5.684213638305664062e+01
5.698565292358398438e+01
5.683542633056640625e+01
5.732069015502929688e+01
5.841218566894531250e+01
5.948029327392578125e+01
5.857876586914062500e+01
5.652602005004882812e+01
5.648346710205078125e+01
5.543583297729492188e+01
5.437072753906250000e+01
5.566522216796875000e+01
5.703073120117187500e+01
5.650161743164062500e+01
5.663824462890625000e+01
5.659656143188476562e+01
5.474941253662109375e+01
5.491028976440429688e+01
5.430341720581054688e+01
5.416154479980468750e+01
5.269263076782226562e+01
5.457271194458007812e+01
5.591636276245117188e+01
5.654153442382812500e+01
5.494930267333984375e+01
5.455700302124023438e+01
5.484877777099609375e+01
5.466270446777343750e+01
5.602421569824218750e+01
5.732176589965820312e+01
5.611628723144531250e+01
5.545970153808593750e+01
5.595136642456054688e+01
5.708101654052734375e+01
5.574297332763671875e+01
5.346302413940429688e+01
5.367202758789062500e+01
5.680123901367187500e+01
5.749550628662109375e+01
5.527105712890625000e+01
5.426187896728515625e+01
5.529801940917968750e+01
5.410324096679687500e+01
5.411528778076171875e+01
5.284383392333984375e+01
5.247026062011718750e+01
5.453553390502929688e+01
5.395488739013671875e+01
5.520037460327148438e+01
5.638938140869140625e+01
5.678189849853515625e+01
5.454590606689453125e+01
5.271714019775390625e+01
5.288130950927734375e+01
5.410641860961914062e+01
5.560023498535156250e+01
5.539739227294921875e+01
5.317345809936523438e+01
5.306589508056640625e+01
5.389516448974609375e+01
5.603461837768554688e+01
5.732956314086914062e+01
5.658533477783203125e+01
5.543441390991210938e+01
5.622850799560546875e+01
5.716405105590820312e+01
5.725137710571289062e+01
5.597448730468750000e+01
5.475571823120117188e+01
5.314824676513671875e+01
5.238146591186523438e+01
5.242040252685546875e+01
5.280794143676757812e+01
5.377458572387695312e+01
5.303331756591796875e+01
5.151086044311523438e+01
4.916477584838867188e+01
4.984563446044921875e+01
5.181854629516601562e+01
5.195251083374023438e+01
5.091733551025390625e+01
5.203780746459960938e+01
5.341376876831054688e+01
5.354371261596679688e+01
5.335304260253906250e+01
5.328514099121093750e+01
5.269879150390625000e+01
5.222746658325195312e+01
5.201007461547851562e+01
5.046565628051757812e+01
4.960301589965820312e+01
4.940756988525390625e+01
5.069676971435546875e+01
4.999438095092773438e+01
5.072429656982421875e+01
5.172313308715820312e+01
5.157075881958007812e+01
5.306845092773437500e+01
5.323663711547851562e+01
5.240414428710937500e+01
5.096155548095703125e+01
5.119504165649414062e+01
5.075735092163085938e+01
5.016763305664062500e+01
4.880583572387695312e+01
4.903152084350585938e+01
5.014323043823242188e+01
4.959949874877929688e+01
4.936000061035156250e+01
4.950098419189453125e+01
4.979042434692382812e+01
4.958781433105468750e+01
4.918447494506835938e+01
4.878172683715820312e+01
4.837046051025390625e+01
4.763697052001953125e+01
4.761730957031250000e+01
4.804543685913085938e+01
4.844275283813476562e+01
4.858938598632812500e+01
4.895917892456054688e+01
4.832993316650390625e+01
4.740358734130859375e+01
4.728850555419921875e+01
4.729384994506835938e+01
4.580979919433593750e+01
4.610106277465820312e+01
4.595255661010742188e+01
4.659525299072265625e+01
4.644061660766601562e+01
4.702470779418945312e+01
4.761279296875000000e+01
4.628160858154296875e+01
4.664741134643554688e+01
4.733303070068359375e+01
4.804285430908203125e+01
4.710448837280273438e+01
4.516100311279296875e+01
4.614783096313476562e+01
4.797456359863281250e+01
4.832878494262695312e+01
4.669042587280273438e+01
4.510463714599609375e+01
4.478879928588867188e+01
4.640936279296875000e+01
4.691609573364257812e+01
4.638877487182617188e+01
4.526082611083984375e+01
4.430458831787109375e+01
4.412066650390625000e+01
4.560388565063476562e+01
4.472188568115234375e+01
4.361923599243164062e+01
4.392111587524414062e+01
4.381364440917968750e+01
4.444490051269531250e+01
4.425946807861328125e+01
4.432012176513671875e+01
4.310725784301757812e+01
4.221273422241210938e+01
4.200546646118164062e+01
4.234582138061523438e+01
4.290246200561523438e+01
4.253092193603515625e+01
4.270890426635742188e+01
4.267091751098632812e+01
4.277909851074218750e+01
4.182989883422851562e+01
4.127639770507812500e+01
4.186125564575195312e+01
4.303274154663085938e+01
4.272072982788085938e+01
4.251885604858398438e+01
4.232166290283203125e+01
4.327853775024414062e+01
4.339731979370117188e+01
4.233693313598632812e+01
4.119713211059570312e+01
4.093745422363281250e+01
4.118734359741210938e+01
4.108169555664062500e+01
4.145589447021484375e+01
4.151310729980468750e+01
4.183385848999023438e+01
4.283746719360351562e+01
4.360236740112304688e+01
4.311786651611328125e+01
4.332610702514648438e+01
4.307571029663085938e+01
4.151906585693359375e+01
4.223908233642578125e+01
4.268631362915039062e+01
4.325451278686523438e+01
4.154993057250976562e+01
4.103803634643554688e+01
4.145645904541015625e+01
4.287722015380859375e+01
4.275859832763671875e+01
4.152542877197265625e+01
4.068885421752929688e+01
3.986061859130859375e+01
4.001206970214843750e+01
4.154167175292968750e+01
4.200741195678710938e+01
4.056198883056640625e+01
3.917656707763671875e+01
3.867104339599609375e+01
3.954946899414062500e+01
4.053018951416015625e+01
4.082136917114257812e+01
3.953470993041992188e+01
3.869224548339843750e+01
3.890335464477539062e+01
3.967031097412109375e+01
3.934098815917968750e+01
3.868735885620117188e+01
3.883330535888671875e+01
3.907179641723632812e+01
3.894462203979492188e+01
3.859120178222656250e+01
3.846935653686523438e+01
3.896502304077148438e+01
3.785452270507812500e+01
3.831760025024414062e+01
3.931359863281250000e+01
3.996009826660156250e+01
3.904368591308593750e+01
3.899704360961914062e+01
3.928269577026367188e+01
3.966509246826171875e+01
3.979272079467773438e+01
3.906475448608398438e+01
3.802243041992187500e+01
3.816830062866210938e+01
3.800414657592773438e+01
3.848282623291015625e+01
3.883995056152343750e+01
3.975215148925781250e+01
3.953027343750000000e+01
3.945213699340820312e+01
3.901258850097656250e+01
3.857998657226562500e+01
3.873451232910156250e+01
3.921656799316406250e+01
3.972428131103515625e+01
3.790222167968750000e+01
3.763496017456054688e+01
3.838053131103515625e+01
4.020732498168945312e+01
3.984419250488281250e+01
4.058113098144531250e+01
4.076726913452148438e+01
3.928804397583007812e+01
3.810464477539062500e+01
3.733277893066406250e+01
3.730234146118164062e+01
3.698879623413085938e+01
3.699266052246093750e+01
3.747613525390625000e+01
3.793682861328125000e+01
3.716781234741210938e+01
3.639124679565429688e+01
3.553760910034179688e+01
3.640782165527343750e+01
3.703307342529296875e+01
3.798184967041015625e+01
3.874338150024414062e+01
3.955382156372070312e+01
3.921064376831054688e+01
3.921453094482421875e+01
3.819994354248046875e+01
3.803277206420898438e+01
3.825329971313476562e+01
4.050921630859375000e+01
4.071472167968750000e+01
4.049011611938476562e+01
3.819564819335937500e+01
3.750771331787109375e+01
3.844585800170898438e+01
4.088410949707031250e+01
4.194338989257812500e+01
4.067850875854492188e+01
3.906092071533203125e+01
3.884583282470703125e+01
3.923980331420898438e+01
3.884137725830078125e+01
3.878934860229492188e+01
3.848276138305664062e+01
3.838586807250976562e+01
3.726945877075195312e+01
3.686253738403320312e+01
3.747325897216796875e+01
3.861582183837890625e+01
3.990933990478515625e+01
4.057077789306640625e+01
4.024367141723632812e+01
3.907526016235351562e+01
3.912898254394531250e+01
3.922410202026367188e+01
3.852537155151367188e+01
3.777550506591796875e+01
3.817014694213867188e+01
3.994769287109375000e+01
4.025045013427734375e+01
3.884290313720703125e+01
3.800244903564453125e+01
3.837419509887695312e+01
3.892029571533203125e+01
4.003258132934570312e+01
4.111482238769531250e+01
4.158738708496093750e+01
4.040869140625000000e+01
3.912166213989257812e+01
3.823360443115234375e+01
3.808443832397460938e+01
3.744734191894531250e+01
3.782629776000976562e+01
3.807582855224609375e+01
3.868362045288085938e+01
3.993199920654296875e+01
4.139705276489257812e+01
4.008433532714843750e+01
3.965271377563476562e+01
3.983259201049804688e+01
4.098585510253906250e+01
4.219824600219726562e+01
4.335669326782226562e+01
4.295459747314453125e+01
4.320632553100585938e+01
4.278576278686523438e+01
4.157431793212890625e+01
4.007377624511718750e+01
4.042634582519531250e+01
4.111079406738281250e+01
4.115442276000976562e+01
4.165201187133789062e+01
4.310520172119140625e+01
4.316481781005859375e+01
4.288654327392578125e+01
4.204489898681640625e+01
4.273860931396484375e+01
4.327082824707031250e+01
4.359398269653320312e+01
4.255006790161132812e+01
4.210135269165039062e+01
4.265148162841796875e+01
4.179718780517578125e+01
4.180702972412109375e+01
4.296188735961914062e+01
4.552245712280273438e+01
4.552315902709960938e+01
4.562132644653320312e+01
4.592060089111328125e+01
4.660047912597656250e+01
4.559374237060546875e+01
4.522243881225585938e+01
4.480506896972656250e+01
4.457103347778320312e+01
4.441841125488281250e+01
4.450244522094726562e+01
4.498811340332031250e+01
4.524853897094726562e+01
4.754752731323242188e+01
4.872856521606445312e+01
4.841143798828125000e+01
4.761826324462890625e+01
4.543849945068359375e+01
4.497066497802734375e+01
4.474629592895507812e+01
4.515465545654296875e+01
4.715118026733398438e+01
4.818679428100585938e+01
4.797407150268554688e+01
4.603772354125976562e+01
4.518700790405273438e+01
4.489786529541015625e+01
4.687640762329101562e+01
4.701074981689453125e+01
4.681200790405273438e+01
4.774336624145507812e+01
4.852618026733398438e+01
4.865370941162109375e+01
4.645222854614257812e+01
4.475963973999023438e+01
4.497273635864257812e+01
4.511924743652343750e+01
4.722888183593750000e+01
4.721782302856445312e+01
4.743543243408203125e+01
4.733504867553710938e+01
4.774560546875000000e+01
4.760550689697265625e+01
4.656704711914062500e+01
4.593928909301757812e+01
4.548604583740234375e+01
4.606328964233398438e+01
4.709439086914062500e+01
4.852301406860351562e+01
4.897826766967773438e+01
4.746052932739257812e+01
4.633691787719726562e+01
4.583395385742187500e+01
4.617816543579101562e+01
4.747311782836914062e+01
4.833438110351562500e+01
4.760774230957031250e+01
4.711654663085937500e+01
4.642964172363281250e+01
4.719299697875976562e+01
4.826189422607421875e+01
4.902460479736328125e+01
4.860425567626953125e+01
4.816066741943359375e+01
4.798596954345703125e+01
4.854672622680664062e+01
4.843486022949218750e+01
4.763081741333007812e+01
4.686094284057617188e+01
4.723137283325195312e+01
4.839744186401367188e+01
4.976563644409179688e+01
4.851095962524414062e+01
4.732956314086914062e+01
4.703177261352539062e+01
4.775126266479492188e+01
4.891962814331054688e+01
4.945065307617187500e+01
4.873962402343750000e+01
4.847423171997070312e+01
4.735411453247070312e+01
4.764250946044921875e+01
4.785823822021484375e+01
4.786295700073242188e+01
4.805728530883789062e+01
4.897790908813476562e+01
4.934638595581054688e+01
4.844971466064453125e+01
4.766227722167968750e+01
4.879994964599609375e+01
4.841847610473632812e+01
4.781991958618164062e+01
4.758223342895507812e+01
4.803385543823242188e+01
4.787783432006835938e+01
4.687463378906250000e+01
4.702760696411132812e+01
4.687367248535156250e+01
4.691758346557617188e+01
4.770754623413085938e+01
4.863082122802734375e+01
4.851108551025390625e+01
4.827259063720703125e+01
4.883175659179687500e+01
4.838489151000976562e+01
4.775527572631835938e+01
4.733514785766601562e+01
4.799247360229492188e+01
4.836742019653320312e+01
4.902214813232421875e+01
4.934046936035156250e+01
4.823717498779296875e+01
4.712556076049804688e+01
4.784936904907226562e+01
4.837857055664062500e+01
4.865652847290039062e+01
4.759393310546875000e+01
4.790570831298828125e+01
4.783229064941406250e+01
4.835675048828125000e+01
4.861062622070312500e+01
4.812904357910156250e+01
4.784253692626953125e+01
4.809548568725585938e+01
4.857368087768554688e+01
4.863884735107421875e+01
4.762427520751953125e+01
4.659112930297851562e+01
4.681681060791015625e+01
4.822096633911132812e+01
4.887368392944335938e+01
4.986135101318359375e+01
4.934509277343750000e+01
4.872937011718750000e+01
4.824884796142578125e+01
4.800416946411132812e+01
4.779975509643554688e+01
4.762996292114257812e+01
4.802393722534179688e+01
4.855020904541015625e+01
4.851963806152343750e+01
4.781547927856445312e+01
4.771161651611328125e+01
4.813301086425781250e+01
4.855041885375976562e+01
4.757364273071289062e+01
4.759498977661132812e+01
4.752669143676757812e+01
4.811319732666015625e+01
4.749962997436523438e+01
4.702809143066406250e+01
4.707810592651367188e+01
4.697210311889648438e+01
4.628403091430664062e+01
4.565909576416015625e+01
4.643269729614257812e+01
4.721832275390625000e+01
4.665454483032226562e+01
4.678244781494140625e+01
4.762329101562500000e+01
4.849081420898437500e+01
4.869001388549804688e+01
4.774734497070312500e+01
4.764330291748046875e+01
4.753125000000000000e+01
4.684687805175781250e+01
4.568727493286132812e+01
4.442560958862304688e+01
4.431102752685546875e+01
4.562465286254882812e+01
4.696693420410156250e+01
4.775510406494140625e+01
4.751702880859375000e+01
4.683105468750000000e+01
4.583439254760742188e+01
4.634680938720703125e+01
4.689859390258789062e+01
4.782877349853515625e+01
4.755419540405273438e+01
4.716065979003906250e+01
4.625189208984375000e+01
4.614437866210937500e+01
4.584991455078125000e+01
4.580511474609375000e+01
4.606408309936523438e+01
4.670466995239257812e+01
4.637617111206054688e+01
4.527904129028320312e+01
4.569614028930664062e+01
4.604698944091796875e+01
4.713219451904296875e+01
4.721104049682617188e+01
4.680627441406250000e+01
4.620639419555664062e+01
4.534625625610351562e+01
4.471345138549804688e+01
4.468537139892578125e+01
4.565294265747070312e+01
4.668243408203125000e+01
4.691905593872070312e+01
4.566806411743164062e+01
4.480034255981445312e+01
4.515687942504882812e+01
4.639855575561523438e+01
4.583772659301757812e+01
4.445742797851562500e+01
4.461433410644531250e+01
4.513840484619140625e+01
4.548399353027343750e+01
4.668418121337890625e+01
4.712387847900390625e+01
4.707510757446289062e+01
4.603259658813476562e+01
4.509416580200195312e+01
4.368323516845703125e+01
4.417557525634765625e+01
4.535080337524414062e+01
4.597858047485351562e+01
4.506482696533203125e+01
4.382397079467773438e+01
4.326289749145507812e+01
4.355737304687500000e+01
4.338453674316406250e+01
4.410446548461914062e+01
4.331990432739257812e+01
4.313843536376953125e+01
4.338171768188476562e+01
4.416518020629882812e+01
4.369950485229492188e+01
4.290602874755859375e+01
4.222264099121093750e+01
4.252128982543945312e+01
4.264058685302734375e+01
4.331108474731445312e+01
4.433695220947265625e+01
4.483908843994140625e+01
4.353316879272460938e+01
4.223989105224609375e+01
4.205062103271484375e+01
4.240531539916992188e+01
4.246648406982421875e+01
4.300234603881835938e+01
4.337477874755859375e+01
4.334857940673828125e+01
4.302203369140625000e+01
4.308234405517578125e+01
4.364229202270507812e+01
4.505508804321289062e+01
4.613100433349609375e+01
4.618875503540039062e+01
4.560725021362304688e+01
4.386757659912109375e+01
4.315738296508789062e+01
4.277478790283203125e+01
4.418779754638671875e+01
4.434883880615234375e+01
4.375707244873046875e+01
4.140378570556640625e+01
4.128945159912109375e+01
4.263239288330078125e+01
4.323980712890625000e+01
4.254319763183593750e+01
4.204631423950195312e+01
4.152079772949218750e+01
4.217984390258789062e+01
4.260946273803710938e+01
4.259175872802734375e+01
4.077959442138671875e+01
4.015899658203125000e+01
4.085021972656250000e+01
4.111776733398437500e+01
4.127136611938476562e+01
4.067583465576171875e+01
4.033798217773437500e+01
4.046205902099609375e+01
4.054939651489257812e+01
4.099466323852539062e+01
4.088114929199218750e+01
4.091193389892578125e+01
4.047561264038085938e+01
4.042129135131835938e+01
4.155920410156250000e+01
4.138388442993164062e+01
4.159556961059570312e+01
4.125344085693359375e+01
4.081443405151367188e+01
4.015860366821289062e+01
4.002946090698242188e+01
4.137725448608398438e+01
4.188267517089843750e+01
4.112276077270507812e+01
4.050730133056640625e+01
4.008432006835937500e+01
3.979392242431640625e+01
3.915845489501953125e+01
3.981533432006835938e+01
3.991961669921875000e+01
4.003919601440429688e+01
3.975741195678710938e+01
4.035273361206054688e+01
4.144028091430664062e+01
4.121027374267578125e+01
4.008121871948242188e+01
3.901197814941406250e+01
3.770727157592773438e+01
3.826256179809570312e+01
3.896937179565429688e+01
3.984864044189453125e+01
3.973316955566406250e+01
3.968700027465820312e+01
3.981138992309570312e+01
4.066695404052734375e+01
4.054310607910156250e+01
3.975955200195312500e+01
3.894423294067382812e+01
3.869079589843750000e+01
3.881050109863281250e+01
3.907225036621093750e+01
3.905867767333984375e+01
4.007008743286132812e+01
3.950980758666992188e+01
3.930281829833984375e+01
3.880550765991210938e+01
3.852048492431640625e+01
3.821795272827148438e+01
3.832133865356445312e+01
3.792301177978515625e+01
3.818811416625976562e+01
3.746170043945312500e+01
3.804145431518554688e+01
3.839620590209960938e+01
3.850083541870117188e+01
3.828844070434570312e+01
3.887815093994140625e+01
3.887464904785156250e+01
3.909883117675781250e+01
3.861031723022460938e+01
3.831963729858398438e+01
3.766670227050781250e+01
3.797875595092773438e+01
3.777867889404296875e+01
3.711915969848632812e+01
3.665114212036132812e+01
3.703263092041015625e+01
3.706648254394531250e+01
3.757017135620117188e+01
3.768198013305664062e+01
3.753473663330078125e+01
3.710754394531250000e+01
3.774253845214843750e+01
3.881478500366210938e+01
3.925684738159179688e+01
3.898469161987304688e+01
3.814163970947265625e+01
3.707345199584960938e+01
3.636649703979492188e+01
3.721852493286132812e+01
3.781711196899414062e+01
3.869535446166992188e+01
3.811901855468750000e+01
3.775010681152343750e+01
3.732626724243164062e+01
3.655708312988281250e+01
3.653143692016601562e+01
3.727146148681640625e+01
3.734519577026367188e+01
3.667194366455078125e+01
3.705680847167968750e+01
3.661515426635742188e+01
3.610048294067382812e+01
3.588590240478515625e+01
3.525342941284179688e+01
3.553515243530273438e+01
3.666751098632812500e+01
3.750333404541015625e+01
3.763961791992187500e+01
3.677167129516601562e+01
3.635717773437500000e+01
3.534941482543945312e+01
3.495404052734375000e+01
3.533518218994140625e+01
3.516324615478515625e+01
3.435453796386718750e+01
3.435132217407226562e+01
3.562029266357421875e+01
3.647521209716796875e+01
3.685609054565429688e+01
3.655723190307617188e+01
3.606607055664062500e+01
3.550103378295898438e+01
3.520219039916992188e+01
3.582554626464843750e+01
3.656821441650390625e+01
3.616920471191406250e+01
3.528539657592773438e+01
3.553143692016601562e+01
3.584834671020507812e+01
3.624613571166992188e+01
3.580158615112304688e+01
3.558351516723632812e+01
3.488468170166015625e+01
3.532531356811523438e+01
3.508051300048828125e+01
3.465232849121093750e+01
3.503202056884765625e+01
3.654847717285156250e+01
3.730346679687500000e+01
3.692761993408203125e+01
3.577709579467773438e+01
3.454861450195312500e+01
3.517133712768554688e+01
3.573250579833984375e+01
3.566412734985351562e+01
3.605530166625976562e+01
3.528595352172851562e+01
3.419713211059570312e+01
3.425143432617187500e+01
3.453186416625976562e+01
3.494575881958007812e+01
3.471125793457031250e+01
3.507707214355468750e+01
3.517752456665039062e+01
3.486859512329101562e+01
3.463964080810546875e+01
3.483886337280273438e+01
3.600784301757812500e+01
3.563540649414062500e+01
3.485297012329101562e+01
3.426130294799804688e+01
3.488011550903320312e+01
3.497855758666992188e+01
3.493507766723632812e+01
3.409199905395507812e+01
3.398976516723632812e+01
3.470318603515625000e+01
3.582807540893554688e+01
3.572779846191406250e+01
3.520884323120117188e+01
3.427384185791015625e+01
3.366902542114257812e+01
3.395975112915039062e+01
3.302945327758789062e+01
3.332956695556640625e+01
3.408563232421875000e+01
3.486417388916015625e+01
3.490517044067382812e+01
3.514789199829101562e+01
3.482063674926757812e+01
3.505722808837890625e+01
3.502241516113281250e+01
3.416978836059570312e+01
3.393782424926757812e+01
3.424619674682617188e+01
3.466609573364257812e+01
3.392504501342773438e+01
3.435361480712890625e+01
3.395732498168945312e+01
3.508623504638671875e+01
3.514920425415039062e+01
3.502509689331054688e+01
3.467375183105468750e+01
3.528979110717773438e+01
3.472805404663085938e+01
3.429216384887695312e+01
3.466917037963867188e+01
3.461006164550781250e+01
3.419558715820312500e+01
3.388638305664062500e+01
3.453097534179687500e+01
3.474430465698242188e+01
3.406395339965820312e+01
3.346743011474609375e+01
3.323028564453125000e+01
3.406486892700195312e+01
3.437833786010742188e+01
3.336851882934570312e+01
3.272009658813476562e+01
3.306499862670898438e+01
3.314822769165039062e+01
3.375281524658203125e+01
3.481664657592773438e+01
3.495923614501953125e+01
3.387499618530273438e+01
3.280770874023437500e+01
3.351324844360351562e+01
3.342490005493164062e+01
3.307878494262695312e+01
3.321406936645507812e+01
3.345250701904296875e+01
3.373256301879882812e+01
3.375938415527343750e+01
3.408293533325195312e+01
3.364231872558593750e+01
3.329895019531250000e+01
3.381274795532226562e+01
3.392829132080078125e+01
3.380193328857421875e+01
3.306351470947265625e+01
3.275388717651367188e+01
3.281534576416015625e+01
3.385901641845703125e+01
3.478857421875000000e+01
3.479446411132812500e+01
3.435665130615234375e+01
3.354213333129882812e+01
3.356457901000976562e+01
3.404990386962890625e+01
3.417957305908203125e+01
3.390768432617187500e+01
3.389966201782226562e+01
3.461422348022460938e+01
3.483319091796875000e+01
3.433873367309570312e+01
3.380628204345703125e+01
3.410705184936523438e+01
3.442066955566406250e+01
3.416764831542968750e+01
3.348730087280273438e+01
3.328878784179687500e+01
3.376702499389648438e+01
3.430202102661132812e+01
3.400338363647460938e+01
3.420094680786132812e+01
3.443015289306640625e+01
3.461293792724609375e+01
3.501468276977539062e+01
3.477577209472656250e+01
3.450539398193359375e+01
3.412032318115234375e+01
3.363399887084960938e+01
3.301061630249023438e+01
3.339508438110351562e+01
3.399828720092773438e+01
3.447238922119140625e+01
3.306644821166992188e+01
3.198303794860839844e+01
3.289120864868164062e+01
3.407858657836914062e+01
3.386032867431640625e+01
3.297161483764648438e+01
3.325075912475585938e+01
3.379735183715820312e+01
3.373200607299804688e+01
3.288923645019531250e+01
3.247495651245117188e+01
3.188931083679199219e+01
3.260313034057617188e+01
3.291118621826171875e+01
3.339379882812500000e+01
3.305680084228515625e+01
3.340758514404296875e+01
3.338413619995117188e+01
3.349961471557617188e+01
3.398155212402343750e+01
3.409974670410156250e+01
3.402808761596679688e+01
3.440915298461914062e+01
3.424066925048828125e+01
3.447005844116210938e+01
3.412027740478515625e+01
3.426039886474609375e+01
3.361045837402343750e+01
3.304387283325195312e+01
3.295341873168945312e+01
3.330409240722656250e+01
3.334961318969726562e+01
3.350422286987304688e+01
3.260214233398437500e+01
3.342083740234375000e+01
3.419483566284179688e+01
3.380606460571289062e+01
3.281999588012695312e+01
3.205839538574218750e+01
3.193290901184082031e+01
3.234112167358398438e+01
3.345674133300781250e+01
3.334101867675781250e+01
3.255481338500976562e+01
3.225309753417968750e+01
3.238292312622070312e+01
3.313116836547851562e+01
3.304735565185546875e+01
3.256077194213867188e+01
3.278930282592773438e+01
3.322314453125000000e+01
3.351174545288085938e+01
3.327915191650390625e+01
3.300131225585937500e+01
3.326699066162109375e+01
3.322078323364257812e+01
3.283715438842773438e+01
3.339793777465820312e+01
3.313088226318359375e+01
3.284131622314453125e+01
3.260330581665039062e+01
3.279892349243164062e+01
3.270422363281250000e+01
3.342514419555664062e+01
3.383480834960937500e+01
3.303533935546875000e+01
3.258576965332031250e+01
3.355032730102539062e+01
3.410215377807617188e+01
3.352553558349609375e+01
3.304921340942382812e+01
3.375862503051757812e+01
3.423007965087890625e+01
3.411805343627929688e+01
3.364634704589843750e+01
3.372978591918945312e+01
3.387976455688476562e+01
3.337430191040039062e+01
3.325253677368164062e+01
3.320919036865234375e+01
3.360432815551757812e+01
3.309690093994140625e+01
3.332771682739257812e+01
3.290381240844726562e+01
3.261022949218750000e+01
3.218379211425781250e+01
3.178594398498535156e+01
3.181337165832519531e+01
3.311666488647460938e+01
3.350566864013671875e+01
3.302502822875976562e+01
3.219895172119140625e+01
3.174150466918945312e+01
3.254586029052734375e+01
3.303860473632812500e+01
3.291209793090820312e+01
3.318803405761718750e+01
3.327330398559570312e+01
3.314913558959960938e+01
3.322958374023437500e+01
3.344935226440429688e+01
3.352111816406250000e+01
3.348117828369140625e+01
3.264360427856445312e+01
3.248764801025390625e+01
3.315391159057617188e+01
3.314545822143554688e+01
3.278200912475585938e+01
3.296680068969726562e+01
3.330251693725585938e+01
3.395368194580078125e+01
3.445663833618164062e+01
3.463124084472656250e+01
3.459966659545898438e+01
3.452985382080078125e+01
3.439181518554687500e+01
3.381988143920898438e+01
3.292732620239257812e+01
3.313642883300781250e+01
3.356385040283203125e+01
3.424154663085937500e+01
3.423194503784179688e+01
3.458343124389648438e+01
3.411404800415039062e+01
3.323290634155273438e+01
3.303884887695312500e+01
3.325882720947265625e+01
3.377362442016601562e+01
3.442441940307617188e+01
3.379302597045898438e+01
3.366027450561523438e+01
3.422729492187500000e+01
3.412279129028320312e+01
3.314482116699218750e+01
3.266347503662109375e+01
3.310871887207031250e+01
3.331143188476562500e+01
3.329048156738281250e+01
3.288950347900390625e+01
3.310734939575195312e+01
3.332021331787109375e+01
3.394523239135742188e+01
3.408273696899414062e+01
3.365616226196289062e+01
3.388109970092773438e+01
3.478374099731445312e+01
3.386331176757812500e+01
3.351474380493164062e+01
3.297917175292968750e+01
3.332149505615234375e+01
3.404207611083984375e+01
3.443472290039062500e+01
3.349310684204101562e+01
3.403749847412109375e+01
3.444915390014648438e+01
3.438838577270507812e+01
3.337871551513671875e+01
3.318275070190429688e+01
3.366529464721679688e+01
3.433477401733398438e+01
3.426210784912109375e+01
3.255074691772460938e+01
3.274309539794921875e+01
3.271245956420898438e+01
3.283193588256835938e+01
3.341590499877929688e+01
3.354076385498046875e+01
3.403498077392578125e+01
3.364484786987304688e+01
3.290394210815429688e+01
3.235666275024414062e+01
3.276121902465820312e+01
3.255970001220703125e+01
3.180900573730468750e+01
3.171725463867187500e+01
3.246436691284179688e+01
3.393508148193359375e+01
3.352223587036132812e+01
3.260569763183593750e+01
3.219861221313476562e+01
3.346031188964843750e+01
3.459680175781250000e+01
3.453955841064453125e+01
3.424035644531250000e+01
3.457792663574218750e+01
3.399820709228515625e+01
3.399078750610351562e+01
3.336365890502929688e+01
3.381595230102539062e+01
3.471232986450195312e+01
3.478628158569335938e+01
3.368374252319335938e+01
3.273898696899414062e+01
3.294460296630859375e+01
3.387392807006835938e+01
3.443564987182617188e+01
3.466136550903320312e+01
3.437639236450195312e+01
3.354234313964843750e+01
3.405963897705078125e+01
3.500022125244140625e+01
3.363516998291015625e+01
3.385953903198242188e+01
3.381841659545898438e+01
3.394473266601562500e+01
3.364793777465820312e+01
3.391693496704101562e+01
3.376319503784179688e+01
3.418601989746093750e+01
3.496826934814453125e+01
3.540225601196289062e+01
3.435683441162109375e+01
3.350621414184570312e+01
3.483058547973632812e+01
3.538011932373046875e+01
3.438699340820312500e+01
3.239824295043945312e+01
3.244194412231445312e+01
3.353729248046875000e+01
3.429081726074218750e+01
3.397788238525390625e+01
3.335948944091796875e+01
3.339076232910156250e+01
3.361197662353515625e+01
3.340356445312500000e+01
3.416671371459960938e+01
3.404547119140625000e+01
3.336018371582031250e+01
3.272618865966796875e+01
3.301935195922851562e+01
3.302132415771484375e+01
3.324427032470703125e+01
3.322769927978515625e+01
3.321444320678710938e+01
3.377974319458007812e+01
3.435243225097656250e+01
3.456057357788085938e+01
3.459120559692382812e+01
3.403789520263671875e+01
3.359507369995117188e+01
3.304117202758789062e+01
3.343554687500000000e+01
3.400486755371093750e+01
3.332384490966796875e+01
3.400384902954101562e+01
3.462191009521484375e+01
3.479198837280273438e+01
3.477464294433593750e+01
3.474764633178710938e+01
3.439583587646484375e+01
3.392939758300781250e+01
3.408710098266601562e+01
3.472348022460937500e+01
3.434713363647460938e+01
3.456008529663085938e+01
3.513885116577148438e+01
3.439376449584960938e+01
3.443791198730468750e+01
3.422585296630859375e+01
3.366072463989257812e+01
3.290421295166015625e+01
3.344842147827148438e+01
3.374761581420898438e+01
3.403348159790039062e+01
3.509553909301757812e+01
3.569179153442382812e+01
3.558110046386718750e+01
3.465535736083984375e+01
3.384522628784179688e+01
3.407820892333984375e+01
3.489216613769531250e+01
3.563284301757812500e+01
3.490871047973632812e+01
3.421352767944335938e+01
3.441387176513671875e+01
3.526190185546875000e+01
3.436223220825195312e+01
3.337272262573242188e+01
3.241266250610351562e+01
3.285016632080078125e+01
3.411094284057617188e+01
3.563484954833984375e+01
3.580418395996093750e+01
3.464802169799804688e+01
3.393848037719726562e+01
3.340999603271484375e+01
3.328530120849609375e+01
3.330236053466796875e+01
3.365429306030273438e+01
3.396410751342773438e+01
3.431612396240234375e+01
3.393972015380859375e+01
3.333725738525390625e+01
3.318398284912109375e+01
3.358425521850585938e+01
3.347457885742187500e+01
3.317130661010742188e+01
3.286786270141601562e+01
3.273365783691406250e+01
3.284407043457031250e+01
3.371788787841796875e+01
3.466330718994140625e+01
3.444602203369140625e+01
3.447632980346679688e+01
3.526035690307617188e+01
3.553106689453125000e+01
3.487927627563476562e+01
3.496667480468750000e+01
3.449068832397460938e+01
3.322066116333007812e+01
3.311652374267578125e+01
3.337099838256835938e+01
3.368248748779296875e+01
3.404345703125000000e+01
3.429887771606445312e+01
3.418696594238281250e+01
3.374375534057617188e+01
3.336137008666992188e+01
3.262256622314453125e+01
3.183823585510253906e+01
3.231938552856445312e+01
3.335208892822265625e+01
3.421927261352539062e+01
3.408329391479492188e+01
3.436526489257812500e+01
3.538756179809570312e+01
3.532983398437500000e+01
3.470586395263671875e+01
3.408269882202148438e+01
3.419208145141601562e+01
3.354494857788085938e+01
3.312851715087890625e+01
3.343804550170898438e+01
3.334012603759765625e+01
3.312600708007812500e+01
3.328843688964843750e+01
3.348500442504882812e+01
3.423820114135742188e+01
3.522896957397460938e+01
3.477379226684570312e+01
3.405485916137695312e+01
3.322920989990234375e+01
3.300642395019531250e+01
3.284074020385742188e+01
3.323509597778320312e+01
3.370255661010742188e+01
3.378813171386718750e+01
3.390351486206054688e+01
3.412099075317382812e+01
3.353291320800781250e+01
3.309632110595703125e+01
3.393102645874023438e+01
3.463990020751953125e+01
3.425033950805664062e+01
3.297887420654296875e+01
3.323120117187500000e+01
3.385831451416015625e+01
3.450305938720703125e+01
3.483915328979492188e+01
3.437001800537109375e+01
3.415810394287109375e+01
3.365451812744140625e+01
3.338583755493164062e+01
3.345581817626953125e+01
3.436749267578125000e+01
3.405826568603515625e+01
3.416707611083984375e+01
3.443075180053710938e+01
3.393035125732421875e+01
3.329044723510742188e+01
3.275548553466796875e+01
3.340980529785156250e+01
3.355220031738281250e+01
3.301983642578125000e+01
3.246281814575195312e+01
3.334221649169921875e+01
3.246698379516601562e+01
3.149464988708496094e+01
3.225115203857421875e+01
3.324844741821289062e+01
3.327669525146484375e+01
3.310108947753906250e+01
3.393588256835937500e+01
3.378465652465820312e+01
3.397787857055664062e+01
3.382093429565429688e+01
3.368183898925781250e+01
3.345421981811523438e+01
3.291618728637695312e+01
3.238383865356445312e+01
3.299783706665039062e+01
3.350791931152343750e+01
3.311977005004882812e+01
3.302654647827148438e+01
3.329643249511718750e+01
3.350389480590820312e+01
3.385700607299804688e+01
3.282000350952148438e+01
3.232515716552734375e+01
3.341593551635742188e+01
3.425529479980468750e+01
3.362576675415039062e+01
3.243132019042968750e+01
3.251426696777343750e+01
3.342497634887695312e+01
3.449479675292968750e+01
3.391062545776367188e+01
3.353565216064453125e+01
3.302442932128906250e+01
3.310603332519531250e+01
3.391220474243164062e+01
3.322637557983398438e+01
3.289691162109375000e+01
3.284212112426757812e+01
3.325461959838867188e+01
3.400799179077148438e+01
3.444243621826171875e+01
3.400118637084960938e+01
3.226045227050781250e+01
3.145662689208984375e+01
3.198183441162109375e+01
3.291246795654296875e+01
3.261453247070312500e+01
3.281467437744140625e+01
3.328135681152343750e+01
3.387775039672851562e+01
3.424260711669921875e+01
3.317491531372070312e+01
3.272127914428710938e+01
3.346500396728515625e+01
3.338966751098632812e+01
3.260133361816406250e+01
3.222534179687500000e+01
3.275067138671875000e+01
3.202088546752929688e+01
3.059911155700683594e+01
3.040674018859863281e+01
3.139377975463867188e+01
3.196992111206054688e+01
3.330755996704101562e+01
3.342588043212890625e+01
3.382659530639648438e+01
3.271443939208984375e+01
3.269996643066406250e+01
3.186654663085937500e+01
3.271506881713867188e+01
3.319662475585937500e+01
3.325179290771484375e+01
3.339678955078125000e+01
3.314075851440429688e+01
3.275088500976562500e+01
3.319927978515625000e+01
3.352124786376953125e+01
3.382677841186523438e+01
3.338679885864257812e+01
3.283181381225585938e+01
3.249730300903320312e+01
3.323635864257812500e+01
3.324712371826171875e+01
3.292711257934570312e+01
3.322432327270507812e+01
3.365669631958007812e+01
3.335382080078125000e+01
3.324430465698242188e+01
3.418912887573242188e+01
3.458017730712890625e+01
3.305817031860351562e+01
3.241317367553710938e+01
3.272848892211914062e+01
3.319036102294921875e+01
3.280963516235351562e+01
3.293143081665039062e+01
3.320850753784179688e+01
3.354581832885742188e+01
3.358760452270507812e+01
3.406874084472656250e+01
3.397213745117187500e+01
3.370149993896484375e+01
3.309770965576171875e+01
3.282743835449218750e+01
3.268084335327148438e+01
3.303098678588867188e+01
3.299284362792968750e+01
3.239404678344726562e+01
3.238973999023437500e+01
3.269950103759765625e+01
3.319567108154296875e+01
3.318719863891601562e+01
3.285548782348632812e+01
3.249123764038085938e+01
3.285578536987304688e+01
3.322201538085937500e+01
3.345832824707031250e+01
3.300400543212890625e+01
3.252336502075195312e+01
3.224017715454101562e+01
3.212175750732421875e+01
3.159856986999511719e+01
3.171614265441894531e+01
3.217870712280273438e+01
3.294635772705078125e+01
3.255566024780273438e+01
3.308116149902343750e+01
3.436713027954101562e+01
3.483473968505859375e+01
3.539026641845703125e+01
3.594218444824218750e+01
3.528442764282226562e+01
3.307563781738281250e+01
3.250128936767578125e+01
3.286520767211914062e+01
3.211067581176757812e+01
3.290073776245117188e+01
3.343474197387695312e+01
3.327135848999023438e+01
3.382952880859375000e+01
3.389337921142578125e+01
3.339154815673828125e+01
3.245472717285156250e+01
3.111770057678222656e+01
3.139052391052246094e+01
3.319894790649414062e+01
3.481550979614257812e+01
3.429003143310546875e+01
3.369613265991210938e+01
3.353290176391601562e+01
3.269453430175781250e+01
3.221358108520507812e+01
3.246187973022460938e+01
3.349620056152343750e+01
3.264688491821289062e+01
3.176689529418945312e+01
3.220869445800781250e+01
3.276928329467773438e+01
3.396578216552734375e+01
3.367189788818359375e+01
3.308457183837890625e+01
3.297969436645507812e+01
3.339892196655273438e+01
3.255995559692382812e+01
3.181778907775878906e+01
3.234393310546875000e+01
3.311108398437500000e+01
3.272591018676757812e+01
3.295854568481445312e+01
3.241680526733398438e+01
3.225776672363281250e+01
3.292111968994140625e+01
3.254971313476562500e+01
3.189336967468261719e+01
3.149418830871582031e+01
3.207851028442382812e+01
3.320470046997070312e+01
3.421979141235351562e+01
3.384793853759765625e+01
3.328940200805664062e+01
3.310015487670898438e+01
3.340510559082031250e+01
3.329763793945312500e+01
3.380028152465820312e+01
3.351411437988281250e+01
3.320733261108398438e+01
3.170947074890136719e+01
3.065015029907226562e+01
3.103370094299316406e+01
3.231340789794921875e+01
3.296395111083984375e+01
3.312970733642578125e+01
3.326773071289062500e+01
3.214102554321289062e+01
3.130149841308593750e+01
3.232607269287109375e+01
3.386967086791992188e+01
3.442490768432617188e+01
3.286032485961914062e+01
3.227961730957031250e+01
3.291791152954101562e+01
3.343454360961914062e+01
3.379109954833984375e+01
3.359975433349609375e+01
3.298073577880859375e+01
3.325977706909179688e+01
3.381896591186523438e+01
3.379643249511718750e+01
3.350348281860351562e+01
3.244855499267578125e+01
3.175976753234863281e+01
3.201696395874023438e+01
3.400354003906250000e+01
3.581273269653320312e+01
3.472235107421875000e+01
3.295469665527343750e+01
3.163721466064453125e+01
3.193260383605957031e+01
3.184095573425292969e+01
3.053355026245117188e+01
3.080985641479492188e+01
3.312723159790039062e+01
3.510991668701171875e+01
3.561785125732421875e+01
3.433179473876953125e+01
3.217470932006835938e+01
2.990912246704101562e+01
3.025231170654296875e+01
3.209330368041992188e+01
3.214257812500000000e+01
3.273157501220703125e+01
3.353127670288085938e+01
3.444090652465820312e+01
3.382476425170898438e+01
3.251186752319335938e+01
3.106968879699707031e+01
3.116476058959960938e+01
3.137824630737304688e+01
3.159604263305664062e+01
3.185413742065429688e+01
3.212740707397460938e+01
3.280927276611328125e+01
3.315221786499023438e+01
3.177726936340332031e+01
3.161418342590332031e+01
3.227682876586914062e+01
3.226248550415039062e+01
3.219521331787109375e+01
3.176888084411621094e+01
3.215701293945312500e+01
3.297698593139648438e+01
3.229656982421875000e+01
3.274720382690429688e+01
3.355672454833984375e+01
3.383110046386718750e+01
3.340162277221679688e+01
3.202796554565429688e+01
3.137353324890136719e+01
3.211116790771484375e+01
3.347045135498046875e+01
3.268788528442382812e+01
3.190406990051269531e+01
3.193752479553222656e+01
3.358776092529296875e+01
3.409881210327148438e+01
3.291389846801757812e+01
3.199626350402832031e+01
3.186876678466796875e+01
3.144765663146972656e+01
3.189044761657714844e+01
3.181242179870605469e+01
3.169016456604003906e+01
3.163980102539062500e+01
3.293066787719726562e+01
3.349350357055664062e+01
3.318288803100585938e+01
3.358727264404296875e+01
3.225839233398437500e+01
3.040395736694335938e+01
2.958771133422851562e+01
3.028207778930664062e+01
3.231171035766601562e+01
3.353746795654296875e+01
3.223566055297851562e+01
3.131535911560058594e+01
3.114756011962890625e+01
3.097521400451660156e+01
2.993474578857421875e+01
2.939761543273925781e+01
2.984592437744140625e+01
3.013100814819335938e+01
3.090236854553222656e+01
3.157602691650390625e+01
3.193556022644042969e+01
3.029138565063476562e+01
2.953794097900390625e+01
2.975890541076660156e+01
3.078346633911132812e+01
3.289990234375000000e+01
3.325016021728515625e+01
3.194813537597656250e+01
3.132180213928222656e+01
3.043413734436035156e+01
3.042432403564453125e+01
3.029264831542968750e+01
3.130823516845703125e+01
3.209564590454101562e+01
3.151661109924316406e+01
3.184547424316406250e+01
3.074477386474609375e+01
2.997561454772949219e+01
3.052590751647949219e+01
3.104556083679199219e+01
3.089465141296386719e+01
2.989939498901367188e+01
2.962902069091796875e+01
2.979137229919433594e+01
3.133484077453613281e+01
3.150606346130371094e+01
3.130237960815429688e+01
3.158659744262695312e+01
2.999691390991210938e+01
2.914076995849609375e+01
2.869551277160644531e+01
2.950175857543945312e+01
3.001600646972656250e+01
3.022879028320312500e+01
3.159708595275878906e+01
3.213488769531250000e+01
3.263491439819335938e+01
3.311948394775390625e+01
3.333133697509765625e+01
3.349098205566406250e+01
3.246145629882812500e+01
2.952593803405761719e+01
2.978748130798339844e+01
3.080287170410156250e+01
3.196236991882324219e+01
3.084564399719238281e+01
3.195603752136230469e+01
3.216121673583984375e+01
3.148911857604980469e+01
3.109093284606933594e+01
3.023833274841308594e+01
2.809167480468750000e+01
2.794714355468750000e+01
2.876605415344238281e+01
3.023451232910156250e+01
3.188861083984375000e+01
3.278078842163085938e+01
3.154105949401855469e+01
3.287096023559570312e+01
3.269750976562500000e+01
3.250318527221679688e+01
3.242560577392578125e+01
3.161851692199707031e+01
3.138401222229003906e+01
3.135565757751464844e+01
3.070929908752441406e+01
3.135954093933105469e+01
3.283790969848632812e+01
3.272485733032226562e+01
3.182133865356445312e+01
3.045636558532714844e+01
3.033022117614746094e+01
2.989129638671875000e+01
3.106612968444824219e+01
3.211125946044921875e+01
3.218407058715820312e+01
3.192455291748046875e+01
3.134050369262695312e+01
3.114899253845214844e+01
3.193649291992187500e+01
3.326577377319335938e+01
3.103728103637695312e+01
2.830047035217285156e+01
2.922358894348144531e+01
3.113418388366699219e+01
3.177564430236816406e+01
3.077743339538574219e+01
3.112801170349121094e+01
3.061361503601074219e+01
2.990452575683593750e+01
2.964378547668457031e+01
2.869887351989746094e+01
3.076552772521972656e+01
3.211294174194335938e+01
3.312882995605468750e+01
3.342889022827148438e+01
3.277225494384765625e+01
3.066400146484375000e+01
3.071786117553710938e+01
3.293648529052734375e+01
3.360668563842773438e+01
3.069377136230468750e+01
2.978661918640136719e+01
2.955252838134765625e+01
3.046505165100097656e+01
3.024937629699707031e+01
2.744172859191894531e+01
2.567701148986816406e+01
2.642040443420410156e+01
2.903595352172851562e+01
3.046295547485351562e+01
3.000978279113769531e+01
2.843412208557128906e+01
2.634093856811523438e+01
2.902189826965332031e+01
3.162400627136230469e+01
3.251726531982421875e+01
3.169432449340820312e+01
3.165521430969238281e+01
3.139539718627929688e+01
3.143181419372558594e+01
2.998173522949218750e+01
2.869216537475585938e+01
2.853128623962402344e+01
2.812265205383300781e+01
2.682281303405761719e+01
2.496693038940429688e+01
2.556865119934082031e+01
2.794620895385742188e+01
2.873425102233886719e+01
2.624871063232421875e+01
2.540607070922851562e+01
2.763954925537109375e+01
2.704873275756835938e+01
2.796475028991699219e+01
2.846223831176757812e+01
2.919219970703125000e+01
2.634528541564941406e+01
2.395075607299804688e+01
2.465044784545898438e+01
2.740065765380859375e+01
2.951548767089843750e+01
2.905876731872558594e+01
2.907330131530761719e+01
2.885179138183593750e+01
2.830879592895507812e+01
2.890063285827636719e+01
2.886219787597656250e+01
2.978222846984863281e+01
2.843688201904296875e+01
2.651274490356445312e+01
2.661922645568847656e+01
2.542794227600097656e+01
2.449348831176757812e+01
2.827078437805175781e+01
3.218634033203125000e+01
3.217470550537109375e+01
2.609558868408203125e+01
2.298032379150390625e+01
2.424887657165527344e+01
2.788262939453125000e+01
3.132984542846679688e+01
3.355459594726562500e+01
3.127536010742187500e+01
2.832637214660644531e+01
2.486142349243164062e+01
2.651482009887695312e+01
2.733394622802734375e+01
2.709484291076660156e+01
2.900257301330566406e+01
3.002795028686523438e+01
2.534294891357421875e+01
2.443476867675781250e+01
2.237973594665527344e+01
2.341504096984863281e+01
2.582183837890625000e+01
2.974743843078613281e+01
3.040360450744628906e+01
3.160770225524902344e+01
3.000445938110351562e+01
3.177949714660644531e+01
3.173924636840820312e+01
2.913997268676757812e+01
3.466980743408203125e+01
3.142511749267578125e+01
2.120452308654785156e+01
8.590562820434570312e+00
2.980175256729125977e+00
-1.586627721786499023e+00
-1.866533279418945312e+00
nan
nan
nan
nan
nan
nan
nan
nan
nan
nan
nan
nan
nan
nan
nan
nan
nan
nan
nan
nan
nan
nan
nan
nan
nan
nan
nan
nan
nan
nan
nan
nan
nan
nan
nan
nan
nan
nan
nan
nan
nan
nan
nan
nan
nan
nan
nan
nan
nan
nan
nan
nan
nan
nan
nan
nan
nan
nan
nan
nan
nan
nan
nan
nan
nan
nan
nan
nan
nan
nan
nan
nan
nan
nan
nan
nan
nan
nan
nan
nan
nan
nan
nan
nan
nan
nan
nan
nan
nan
nan
nan
nan
nan
