nan
nan
nan
nan
nan
nan
nan
nan
nan
nan
nan
nan
nan
nan
nan
nan
nan
nan
nan
nan
nan
nan
nan
nan
nan
nan
nan
nan
nan
2.504367446899414062e+01
2.985685157775878906e+01
3.116649627685546875e+01
3.357286834716796875e+01
3.347434234619140625e+01
3.232162857055664062e+01
3.235850906372070312e+01
3.142849922180175781e+01
3.124788284301757812e+01
2.988439178466796875e+01
3.029196166992187500e+01
3.059377288818359375e+01
3.154016685485839844e+01
3.174257278442382812e+01
3.138000297546386719e+01
3.028696632385253906e+01
2.850157165527343750e+01
2.900149345397949219e+01
3.063269233703613281e+01
3.094784545898437500e+01
3.027536582946777344e+01
2.972351837158203125e+01
2.971984863281250000e+01
2.881845092773437500e+01
2.848669433593750000e+01
2.961544609069824219e+01
3.203294754028320312e+01
3.148406982421875000e+01
3.041916847229003906e+01
3.047560882568359375e+01
3.060152244567871094e+01
3.063729858398437500e+01
2.890526199340820312e+01
2.799721717834472656e+01
2.836578369140625000e+01
2.980915832519531250e+01
3.017460632324218750e+01
3.000852775573730469e+01
2.936727142333984375e+01
2.917373847961425781e+01
2.917964935302734375e+01
2.935637664794921875e+01
3.012146568298339844e+01
2.992166709899902344e+01
3.065578842163085938e+01
3.093754768371582031e+01
3.107978248596191406e+01
2.993549919128417969e+01
2.958398056030273438e+01
2.886521720886230469e+01
2.926429748535156250e+01
2.969993782043457031e+01
3.018268966674804688e+01
3.069024467468261719e+01
3.124952316284179688e+01
3.233417892456054688e+01
3.342397689819335938e+01
3.208030319213867188e+01
3.087528228759765625e+01
2.972149276733398438e+01
2.960337066650390625e+01
2.972370910644531250e+01
2.898426437377929688e+01
2.884549522399902344e+01
2.906150817871093750e+01
2.973221397399902344e+01
3.017640304565429688e+01
2.917576599121093750e+01
2.909810066223144531e+01
2.888541030883789062e+01
2.898237419128417969e+01
2.943134498596191406e+01
2.957229614257812500e+01
3.025915336608886719e+01
3.042898178100585938e+01
3.095797729492187500e+01
3.115744781494140625e+01
3.024775886535644531e+01
2.976343917846679688e+01
3.101027107238769531e+01
3.154060363769531250e+01
3.175872421264648438e+01
3.086959266662597656e+01
3.077714729309082031e+01
3.035906219482421875e+01
3.101185607910156250e+01
3.031495285034179688e+01
3.054483222961425781e+01
2.955951309204101562e+01
2.930660629272460938e+01
3.019066047668457031e+01
3.032658386230468750e+01
3.124933624267578125e+01
3.079903030395507812e+01
3.109195137023925781e+01
3.088324546813964844e+01
3.004049491882324219e+01
2.972916221618652344e+01
2.908251571655273438e+01
3.020844650268554688e+01
3.080383872985839844e+01
3.098784446716308594e+01
3.013333320617675781e+01
2.901264572143554688e+01
2.913039588928222656e+01
2.844732284545898438e+01
2.867625236511230469e+01
2.903423690795898438e+01
2.921650123596191406e+01
2.920395851135253906e+01
2.941758728027343750e+01
2.977542114257812500e+01
3.044067764282226562e+01
3.028424072265625000e+01
3.011240005493164062e+01
3.007883644104003906e+01
2.991219329833984375e+01
2.891980743408203125e+01
2.824638938903808594e+01
2.868845748901367188e+01
2.983721733093261719e+01
3.067149925231933594e+01
2.993242263793945312e+01
2.953961944580078125e+01
2.900471115112304688e+01
2.921275520324707031e+01
2.885030937194824219e+01
2.801665496826171875e+01
2.856359291076660156e+01
2.848693275451660156e+01
2.947678375244140625e+01
2.932986640930175781e+01
2.955061912536621094e+01
2.899574089050292969e+01
2.806112480163574219e+01
2.765385246276855469e+01
2.796372985839843750e+01
2.890699577331542969e+01
2.908368492126464844e+01
2.981555366516113281e+01
2.936114692687988281e+01
2.931120491027832031e+01
2.898948097229003906e+01
2.886213874816894531e+01
2.804914283752441406e+01
2.787225914001464844e+01
2.771144866943359375e+01
2.845795822143554688e+01
2.712978744506835938e+01
2.812138175964355469e+01
2.836767196655273438e+01
2.941488265991210938e+01
2.879684448242187500e+01
2.844166183471679688e+01
2.827531242370605469e+01
2.802401161193847656e+01
2.813479614257812500e+01
2.838919830322265625e+01
2.871248245239257812e+01
2.887831306457519531e+01
2.866778755187988281e+01
2.900539588928222656e+01
2.901078796386718750e+01
2.901180076599121094e+01
2.805116081237792969e+01
2.831184577941894531e+01
2.815504074096679688e+01
2.856822776794433594e+01
2.856206321716308594e+01
2.888675308227539062e+01
2.831245231628417969e+01
2.853529167175292969e+01
2.832767295837402344e+01
2.854201507568359375e+01
2.861079406738281250e+01
2.854785537719726562e+01
2.866626358032226562e+01
2.863695526123046875e+01
2.861886787414550781e+01
2.837003517150878906e+01
2.787629127502441406e+01
2.830557823181152344e+01
2.861290740966796875e+01
2.977021026611328125e+01
2.938266563415527344e+01
2.906888961791992188e+01
2.856647872924804688e+01
2.875198364257812500e+01
2.856943893432617188e+01
2.868903923034667969e+01
2.830878448486328125e+01
2.895114135742187500e+01
2.954580307006835938e+01
2.964066505432128906e+01
2.888291549682617188e+01
2.866264724731445312e+01
2.880926132202148438e+01
2.811439323425292969e+01
2.792320823669433594e+01
2.744866180419921875e+01
2.771830558776855469e+01
2.815239143371582031e+01
2.844453430175781250e+01
2.924414634704589844e+01
2.947606468200683594e+01
2.887078094482421875e+01
2.822105789184570312e+01
2.775704002380371094e+01
2.833428764343261719e+01
2.899363517761230469e+01
2.904521942138671875e+01
2.936824417114257812e+01
2.918839454650878906e+01
2.968782234191894531e+01
2.942132949829101562e+01
2.940038871765136719e+01
2.904230499267578125e+01
2.920959663391113281e+01
2.884865760803222656e+01
2.861718177795410156e+01
2.791929817199707031e+01
2.723365592956542969e+01
2.679714965820312500e+01
2.653278350830078125e+01
2.708947944641113281e+01
2.807316017150878906e+01
2.843894004821777344e+01
2.856678009033203125e+01
2.822891426086425781e+01
2.729607391357421875e+01
2.720387840270996094e+01
2.785553741455078125e+01
2.793646049499511719e+01
2.832801628112792969e+01
2.851244735717773438e+01
2.961956787109375000e+01
3.009831619262695312e+01
2.938252258300781250e+01
2.855044555664062500e+01
2.852927017211914062e+01
2.784863281250000000e+01
2.768194198608398438e+01
2.687833595275878906e+01
2.672058486938476562e+01
2.656471633911132812e+01
2.696510314941406250e+01
2.711682510375976562e+01
2.652501487731933594e+01
2.621730995178222656e+01
2.634890174865722656e+01
2.653675270080566406e+01
2.690759086608886719e+01
2.751799392700195312e+01
2.789780616760253906e+01
2.823462677001953125e+01
2.810064697265625000e+01
2.757393836975097656e+01
2.763065719604492188e+01
2.750321388244628906e+01
2.728232383728027344e+01
2.687265586853027344e+01
2.718263816833496094e+01
2.739972877502441406e+01
2.782113838195800781e+01
2.814254188537597656e+01
2.817732048034667969e+01
2.772997283935546875e+01
2.815200805664062500e+01
2.779406929016113281e+01
2.815853309631347656e+01
2.805208015441894531e+01
2.831775093078613281e+01
2.922491455078125000e+01
2.841955947875976562e+01
2.843708038330078125e+01
2.813238716125488281e+01
2.870701408386230469e+01
2.938777160644531250e+01
2.863165473937988281e+01
2.762564086914062500e+01
2.649520683288574219e+01
2.625839805603027344e+01
2.636183929443359375e+01
2.643222236633300781e+01
2.735411834716796875e+01
2.775918006896972656e+01
2.795358085632324219e+01
2.723596572875976562e+01
2.719239997863769531e+01
2.764551353454589844e+01
2.794683074951171875e+01
2.810867118835449219e+01
2.824434471130371094e+01
2.866374397277832031e+01
2.844765853881835938e+01
2.828785133361816406e+01
2.884008789062500000e+01
2.949011802673339844e+01
2.978967857360839844e+01
2.970068168640136719e+01
2.925189399719238281e+01
2.743919944763183594e+01
2.595926666259765625e+01
2.555038261413574219e+01
2.632865905761718750e+01
2.680494499206542969e+01
2.719828033447265625e+01
2.686333465576171875e+01
2.698504829406738281e+01
2.688687705993652344e+01
2.725323486328125000e+01
2.669096755981445312e+01
2.664715385437011719e+01
2.642974662780761719e+01
2.729069519042968750e+01
2.801820945739746094e+01
2.831787300109863281e+01
2.807547569274902344e+01
2.705365753173828125e+01
2.643013954162597656e+01
2.588804626464843750e+01
2.564682579040527344e+01
2.572504615783691406e+01
2.546250915527343750e+01
2.551720237731933594e+01
2.569516372680664062e+01
2.630324745178222656e+01
2.688580513000488281e+01
2.638301467895507812e+01
2.690445899963378906e+01
2.739467620849609375e+01
2.725627136230468750e+01
2.761558151245117188e+01
2.714561080932617188e+01
2.764430427551269531e+01
2.733664512634277344e+01
2.755452156066894531e+01
2.750231552124023438e+01
2.760187530517578125e+01
2.747654724121093750e+01
2.704957199096679688e+01
2.686869621276855469e+01
2.698229217529296875e+01
2.752897453308105469e+01
2.694108963012695312e+01
2.658131217956542969e+01
2.585445213317871094e+01
2.605004882812500000e+01
2.591156768798828125e+01
2.637658309936523438e+01
2.732060432434082031e+01
2.776246452331542969e+01
2.748845291137695312e+01
2.689067840576171875e+01
2.714247703552246094e+01
2.724666404724121094e+01
2.716499328613281250e+01
2.673393440246582031e+01
2.614417648315429688e+01
2.605311393737792969e+01
2.588275527954101562e+01
2.574224662780761719e+01
2.610205268859863281e+01
2.683768081665039062e+01
2.735153770446777344e+01
2.757181739807128906e+01
2.743239974975585938e+01
2.702455139160156250e+01
2.649869155883789062e+01
2.677562904357910156e+01
2.681241798400878906e+01
2.650108528137207031e+01
2.689675712585449219e+01
2.676010131835937500e+01
2.718496322631835938e+01
2.736553001403808594e+01
2.757141113281250000e+01
2.725489234924316406e+01
2.648480987548828125e+01
2.647455787658691406e+01
2.674913024902343750e+01
2.677863502502441406e+01
2.668255996704101562e+01
2.676816368103027344e+01
2.670166778564453125e+01
2.701894569396972656e+01
2.680321884155273438e+01
2.744831085205078125e+01
2.690220832824707031e+01
2.685004043579101562e+01
2.627031707763671875e+01
2.546876144409179688e+01
2.558546447753906250e+01
2.505442619323730469e+01
2.497360229492187500e+01
2.551309204101562500e+01
2.647276687622070312e+01
2.686260414123535156e+01
2.611509513854980469e+01
2.553065299987792969e+01
2.528310203552246094e+01
2.526141929626464844e+01
2.555582809448242188e+01
2.587506675720214844e+01
2.601106643676757812e+01
2.618069458007812500e+01
2.584058952331542969e+01
2.652350044250488281e+01
2.637086105346679688e+01
2.631036949157714844e+01
2.627380180358886719e+01
2.677717590332031250e+01
2.743554496765136719e+01
2.757633590698242188e+01
2.797574043273925781e+01
2.756604003906250000e+01
2.742909622192382812e+01
2.700604629516601562e+01
2.580645561218261719e+01
2.621371459960937500e+01
2.608414649963378906e+01
2.700636100769042969e+01
2.646801185607910156e+01
2.623836898803710938e+01
2.662290954589843750e+01
2.702138710021972656e+01
2.698835372924804688e+01
2.651654815673828125e+01
2.613301467895507812e+01
2.581210899353027344e+01
2.605301666259765625e+01
2.677010345458984375e+01
2.691626167297363281e+01
2.636185455322265625e+01
2.558822631835937500e+01
2.562076187133789062e+01
2.552415847778320312e+01
2.549726676940917969e+01
2.531345176696777344e+01
2.541479301452636719e+01
2.560125732421875000e+01
2.565350723266601562e+01
2.594588470458984375e+01
2.574757575988769531e+01
2.607454681396484375e+01
2.616542816162109375e+01
2.680478668212890625e+01
2.744728279113769531e+01
2.711370849609375000e+01
2.668824195861816406e+01
2.601704978942871094e+01
2.689301300048828125e+01
2.772434806823730469e+01
2.722762489318847656e+01
2.690740966796875000e+01
2.663020896911621094e+01
2.670319747924804688e+01
2.608458900451660156e+01
2.632853507995605469e+01
2.660487937927246094e+01
2.674668312072753906e+01
2.644223403930664062e+01
2.643224906921386719e+01
2.637723159790039062e+01
2.702886199951171875e+01
2.785634994506835938e+01
2.755751419067382812e+01
2.674373245239257812e+01
2.688558769226074219e+01
2.731605529785156250e+01
2.884335899353027344e+01
3.050310325622558594e+01
3.121672058105468750e+01
2.993395614624023438e+01
2.942040252685546875e+01
2.917611122131347656e+01
2.889645767211914062e+01
2.772320556640625000e+01
2.799467086791992188e+01
3.016950988769531250e+01
3.195119667053222656e+01
3.216622543334960938e+01
3.126033401489257812e+01
3.052883529663085938e+01
3.035039710998535156e+01
3.027042007446289062e+01
3.003736305236816406e+01
2.924697303771972656e+01
2.919878959655761719e+01
2.890571975708007812e+01
2.892342185974121094e+01
2.858641242980957031e+01
2.902470397949218750e+01
2.922568893432617188e+01
2.900162887573242188e+01
2.889582252502441406e+01
2.870678520202636719e+01
2.835518836975097656e+01
2.793336486816406250e+01
2.788643264770507812e+01
2.803167915344238281e+01
2.772312164306640625e+01
2.714599800109863281e+01
2.701646232604980469e+01
2.619552803039550781e+01
2.640806388854980469e+01
2.659894180297851562e+01
2.633563232421875000e+01
2.593213272094726562e+01
2.511710166931152344e+01
2.527985382080078125e+01
2.587120819091796875e+01
2.679186248779296875e+01
2.669479942321777344e+01
2.655602455139160156e+01
2.607992362976074219e+01
2.637707710266113281e+01
2.638721656799316406e+01
2.643081283569335938e+01
2.613621330261230469e+01
2.601993179321289062e+01
2.668735122680664062e+01
2.664706039428710938e+01
2.674613189697265625e+01
2.647147560119628906e+01
2.653116416931152344e+01
2.632969474792480469e+01
2.679653739929199219e+01
2.697007369995117188e+01
2.699499130249023438e+01
2.684002113342285156e+01
2.677750778198242188e+01
2.640225219726562500e+01
2.612941169738769531e+01
2.659271430969238281e+01
2.774015426635742188e+01
2.821372222900390625e+01
2.851169776916503906e+01
2.746323204040527344e+01
2.671329498291015625e+01
2.602178382873535156e+01
2.578336524963378906e+01
2.629657745361328125e+01
2.649818229675292969e+01
2.743803596496582031e+01
2.741222572326660156e+01
2.766956710815429688e+01
2.828399848937988281e+01
2.879331970214843750e+01
2.853420639038085938e+01
2.793209266662597656e+01
2.737674331665039062e+01
2.646609115600585938e+01
2.514450073242187500e+01
2.525504302978515625e+01
2.583975982666015625e+01
2.633616065979003906e+01
2.659459114074707031e+01
2.712145233154296875e+01
2.665089035034179688e+01
2.677637100219726562e+01
2.687467002868652344e+01
2.710422134399414062e+01
2.735716056823730469e+01
2.743066596984863281e+01
2.667893218994140625e+01
2.669546890258789062e+01
2.685976791381835938e+01
2.741553688049316406e+01
2.676621055603027344e+01
2.634668159484863281e+01
2.652933502197265625e+01
2.644674301147460938e+01
2.627333831787109375e+01
2.653578376770019531e+01
2.656884384155273438e+01
2.640464591979980469e+01
2.642129135131835938e+01
2.660931777954101562e+01
2.607257461547851562e+01
2.672605705261230469e+01
2.686338806152343750e+01
2.762873077392578125e+01
2.659767341613769531e+01
2.548694419860839844e+01
2.490644073486328125e+01
2.476588821411132812e+01
2.542173385620117188e+01
2.595024299621582031e+01
2.622163772583007812e+01
2.620253753662109375e+01
2.591278076171875000e+01
2.602664184570312500e+01
2.621172332763671875e+01
2.703892135620117188e+01
2.639727592468261719e+01
2.617555999755859375e+01
2.571176528930664062e+01
2.646492004394531250e+01
2.644335365295410156e+01
2.657748794555664062e+01
2.639223289489746094e+01
2.685672187805175781e+01
2.757555007934570312e+01
2.760873794555664062e+01
2.725960159301757812e+01
2.667540550231933594e+01
2.615562057495117188e+01
2.622389984130859375e+01
2.657804298400878906e+01
2.600210189819335938e+01
2.587573623657226562e+01
2.633273124694824219e+01
2.776747703552246094e+01
2.845083999633789062e+01
2.870015144348144531e+01
2.789303970336914062e+01
2.684572219848632812e+01
2.612989997863769531e+01
2.655441474914550781e+01
2.668433761596679688e+01
2.661832237243652344e+01
2.571040916442871094e+01
2.554607391357421875e+01
2.563628578186035156e+01
2.614699935913085938e+01
2.641452217102050781e+01
2.631342697143554688e+01
2.701353073120117188e+01
2.656927871704101562e+01
2.635418891906738281e+01
2.447698402404785156e+01
2.481995391845703125e+01
2.565599250793457031e+01
2.644522666931152344e+01
2.604860305786132812e+01
2.663884735107421875e+01
2.690967941284179688e+01
2.643676376342773438e+01
2.527282905578613281e+01
2.495942497253417969e+01
2.533781051635742188e+01
2.573125076293945312e+01
2.552367591857910156e+01
2.549483871459960938e+01
2.541236114501953125e+01
2.617497825622558594e+01
2.758077239990234375e+01
2.783709526062011719e+01
2.764942169189453125e+01
2.729232025146484375e+01
2.730858993530273438e+01
2.786146926879882812e+01
2.720730400085449219e+01
2.653642654418945312e+01
2.563117599487304688e+01
2.553660583496093750e+01
2.604258155822753906e+01
2.647007751464843750e+01
2.677369117736816406e+01
2.694111442565917969e+01
2.734095382690429688e+01
2.687252616882324219e+01
2.695388412475585938e+01
2.638974761962890625e+01
2.638190269470214844e+01
2.641912651062011719e+01
2.619993972778320312e+01
2.555869674682617188e+01
2.509202957153320312e+01
2.511413955688476562e+01
2.615466690063476562e+01
2.651081085205078125e+01
2.721266746520996094e+01
2.715589141845703125e+01
2.692694664001464844e+01
2.620735931396484375e+01
2.547980308532714844e+01
2.433755111694335938e+01
2.467853736877441406e+01
2.502921104431152344e+01
2.607718849182128906e+01
2.576926422119140625e+01
2.620106887817382812e+01
2.636870574951171875e+01
2.646858787536621094e+01
2.578183746337890625e+01
2.569412231445312500e+01
2.597565078735351562e+01
2.684978675842285156e+01
2.651638221740722656e+01
2.629097747802734375e+01
2.539433479309082031e+01
2.592626571655273438e+01
2.684137916564941406e+01
2.790859031677246094e+01
2.720489883422851562e+01
2.631339645385742188e+01
2.530713653564453125e+01
2.518723678588867188e+01
2.481444549560546875e+01
2.475719070434570312e+01
2.468014335632324219e+01
2.549382781982421875e+01
2.677928733825683594e+01
2.683282661437988281e+01
2.666009140014648438e+01
2.634017944335937500e+01
2.660470581054687500e+01
2.636621475219726562e+01
2.607657241821289062e+01
2.592068672180175781e+01
2.598379898071289062e+01
2.581319427490234375e+01
2.569668769836425781e+01
2.570968818664550781e+01
2.673159599304199219e+01
2.677520179748535156e+01
2.653806495666503906e+01
2.574204635620117188e+01
2.531658744812011719e+01
2.536602401733398438e+01
2.534058189392089844e+01
2.564343452453613281e+01
2.538711929321289062e+01
2.560693740844726562e+01
2.655728340148925781e+01
2.692949867248535156e+01
2.650128173828125000e+01
2.602375030517578125e+01
2.649625968933105469e+01
2.687763786315917969e+01
2.658204650878906250e+01
2.630063819885253906e+01
2.611081695556640625e+01
2.651899909973144531e+01
2.590590476989746094e+01
2.508589363098144531e+01
2.465012931823730469e+01
2.557699394226074219e+01
2.592772865295410156e+01
2.520953369140625000e+01
2.460131072998046875e+01
2.487989616394042969e+01
2.572112083435058594e+01
2.594811248779296875e+01
2.559595489501953125e+01
2.588895034790039062e+01
2.608210372924804688e+01
2.528656768798828125e+01
2.547367095947265625e+01
2.669114875793457031e+01
2.653889656066894531e+01
2.576250267028808594e+01
2.473460388183593750e+01
2.541740798950195312e+01
2.611534881591796875e+01
2.544127273559570312e+01
2.505186843872070312e+01
2.458019638061523438e+01
2.560333061218261719e+01
2.614687347412109375e+01
2.600535202026367188e+01
2.526200294494628906e+01
2.404823875427246094e+01
2.384473419189453125e+01
2.433586120605468750e+01
2.507583999633789062e+01
2.585364723205566406e+01
2.575927352905273438e+01
2.489353561401367188e+01
2.395346832275390625e+01
2.389104652404785156e+01
2.429046249389648438e+01
2.422078514099121094e+01
2.444041252136230469e+01
2.477973937988281250e+01
2.478057098388671875e+01
2.520536613464355469e+01
2.568990325927734375e+01
2.560786247253417969e+01
2.521550750732421875e+01
2.627543640136718750e+01
2.697976875305175781e+01
2.619842147827148438e+01
2.506104660034179688e+01
2.520150375366210938e+01
2.522856330871582031e+01
2.488919639587402344e+01
2.532421302795410156e+01
2.504153442382812500e+01
2.480132484436035156e+01
2.482809829711914062e+01
2.573604393005371094e+01
2.637219619750976562e+01
2.573514938354492188e+01
2.534059715270996094e+01
2.495568466186523438e+01
2.523312568664550781e+01
2.603074455261230469e+01
2.689924049377441406e+01
2.578343200683593750e+01
2.561628723144531250e+01
2.539235877990722656e+01
2.539497566223144531e+01
2.483912086486816406e+01
2.420406341552734375e+01
2.431937408447265625e+01
2.484338760375976562e+01
2.542062568664550781e+01
2.554751205444335938e+01
2.581835937500000000e+01
2.595462989807128906e+01
2.596169281005859375e+01
2.516275405883789062e+01
2.482272720336914062e+01
2.513538360595703125e+01
2.669517707824707031e+01
2.682150459289550781e+01
2.609009170532226562e+01
2.535304260253906250e+01
2.546228218078613281e+01
2.567753028869628906e+01
2.483025932312011719e+01
2.599238204956054688e+01
2.701450347900390625e+01
2.733460235595703125e+01
2.640291786193847656e+01
2.557493782043457031e+01
2.543922615051269531e+01
2.531120872497558594e+01
2.550295829772949219e+01
2.439707374572753906e+01
2.438362312316894531e+01
2.446808624267578125e+01
2.490614891052246094e+01
2.530297279357910156e+01
2.610888099670410156e+01
2.621098327636718750e+01
2.521645164489746094e+01
2.461890602111816406e+01
2.436328697204589844e+01
2.496046257019042969e+01
2.584829521179199219e+01
2.598370742797851562e+01
2.601869201660156250e+01
2.586722946166992188e+01
2.535994338989257812e+01
2.523668289184570312e+01
2.550963020324707031e+01
2.665290069580078125e+01
2.660750198364257812e+01
2.653740310668945312e+01
2.663441658020019531e+01
2.685260009765625000e+01
2.697048187255859375e+01
2.664097785949707031e+01
2.630044746398925781e+01
2.557406044006347656e+01
2.554674530029296875e+01
2.630171775817871094e+01
2.715218162536621094e+01
2.691433334350585938e+01
2.637559318542480469e+01
2.566636657714843750e+01
2.605662345886230469e+01
2.599430274963378906e+01
2.572959327697753906e+01
2.593764114379882812e+01
2.493412971496582031e+01
2.472753524780273438e+01
2.510264396667480469e+01
2.625419044494628906e+01
2.658945083618164062e+01
2.558810615539550781e+01
2.446002388000488281e+01
2.359148597717285156e+01
2.403288078308105469e+01
2.508681106567382812e+01
2.555068397521972656e+01
2.515896034240722656e+01
2.519319152832031250e+01
2.519571113586425781e+01
2.549894523620605469e+01
2.561415672302246094e+01
2.593477630615234375e+01
2.582615280151367188e+01
2.562179756164550781e+01
2.518390464782714844e+01
2.499702835083007812e+01
2.503628730773925781e+01
2.521249008178710938e+01
2.543856048583984375e+01
2.609279251098632812e+01
2.692086601257324219e+01
2.767336082458496094e+01
2.682580184936523438e+01
2.575280380249023438e+01
2.522512817382812500e+01
2.530584907531738281e+01
2.511295127868652344e+01
2.456111526489257812e+01
2.484185791015625000e+01
2.502939796447753906e+01
2.525244140625000000e+01
2.508684539794921875e+01
2.483122444152832031e+01
2.460618972778320312e+01
2.438290977478027344e+01
2.444447898864746094e+01
2.523305511474609375e+01
2.657574462890625000e+01
2.629280662536621094e+01
2.619529151916503906e+01
2.555630493164062500e+01
2.567999458312988281e+01
2.507954406738281250e+01
2.546271514892578125e+01
2.496093177795410156e+01
2.523475646972656250e+01
2.510203552246093750e+01
2.530886459350585938e+01
2.512808609008789062e+01
2.583078956604003906e+01
2.576676940917968750e+01
2.584607315063476562e+01
2.433748626708984375e+01
2.394048690795898438e+01
2.402069854736328125e+01
2.498070526123046875e+01
2.463459587097167969e+01
2.455270385742187500e+01
2.447015762329101562e+01
2.498016357421875000e+01
2.547714042663574219e+01
2.631104850769042969e+01
2.713597679138183594e+01
2.622190093994140625e+01
2.519493675231933594e+01
2.527621459960937500e+01
2.557493972778320312e+01
2.571010780334472656e+01
2.619514274597167969e+01
2.677011299133300781e+01
2.619048118591308594e+01
2.584780883789062500e+01
2.658819770812988281e+01
2.674711227416992188e+01
2.606840324401855469e+01
2.528464508056640625e+01
2.531065368652343750e+01
2.533199310302734375e+01
2.604910659790039062e+01
2.607090759277343750e+01
2.534956359863281250e+01
2.363823890686035156e+01
2.263175964355468750e+01
2.323819541931152344e+01
2.473989868164062500e+01
2.409889602661132812e+01
2.243469429016113281e+01
2.224779319763183594e+01
2.223734474182128906e+01
2.296272659301757812e+01
2.272125625610351562e+01
2.396685028076171875e+01
2.449607849121093750e+01
2.511870002746582031e+01
2.440647315979003906e+01
2.341681098937988281e+01
2.371644973754882812e+01
2.433638381958007812e+01
2.437856292724609375e+01
2.357217979431152344e+01
2.333969306945800781e+01
2.248490715026855469e+01
2.263498497009277344e+01
2.271759414672851562e+01
2.338157653808593750e+01
2.360582160949707031e+01
2.395935440063476562e+01
2.455693244934082031e+01
2.409104919433593750e+01
2.488592529296875000e+01
2.594190788269042969e+01
2.727843475341796875e+01
2.681424331665039062e+01
2.593963432312011719e+01
2.492117691040039062e+01
2.545100402832031250e+01
2.525363731384277344e+01
2.435682487487792969e+01
2.423989105224609375e+01
2.420375633239746094e+01
2.442550086975097656e+01
2.336237716674804688e+01
2.401511001586914062e+01
2.426164054870605469e+01
2.488787078857421875e+01
2.482274627685546875e+01
2.489517784118652344e+01
2.494326210021972656e+01
2.595437240600585938e+01
2.592648696899414062e+01
2.597801780700683594e+01
2.629036521911621094e+01
2.531541633605957031e+01
2.398503494262695312e+01
2.243674468994140625e+01
2.422144889831542969e+01
2.412211227416992188e+01
2.283714675903320312e+01
2.132937240600585938e+01
2.216623687744140625e+01
2.368024635314941406e+01
2.432511329650878906e+01
2.543578338623046875e+01
2.516522789001464844e+01
2.525593757629394531e+01
2.331490707397460938e+01
2.245910644531250000e+01
2.302183914184570312e+01
2.375320625305175781e+01
2.450231552124023438e+01
2.392063903808593750e+01
2.324030876159667969e+01
2.202982711791992188e+01
2.232788658142089844e+01
2.273174285888671875e+01
2.277187156677246094e+01
2.320829200744628906e+01
2.284665870666503906e+01
2.255942344665527344e+01
2.189168167114257812e+01
2.217052841186523438e+01
2.351997375488281250e+01
2.363885688781738281e+01
2.413100051879882812e+01
2.241110420227050781e+01
2.292226219177246094e+01
2.340996360778808594e+01
2.435102272033691406e+01
2.503997230529785156e+01
2.690326690673828125e+01
2.722647476196289062e+01
2.541019821166992188e+01
2.502290344238281250e+01
2.635025596618652344e+01
2.622680664062500000e+01
2.473951911926269531e+01
2.265033721923828125e+01
2.302173614501953125e+01
2.209712791442871094e+01
2.311272621154785156e+01
2.466356086730957031e+01
2.606622695922851562e+01
2.586305236816406250e+01
2.438411903381347656e+01
2.348729133605957031e+01
2.321891975402832031e+01
2.403097915649414062e+01
2.348451232910156250e+01
2.209968376159667969e+01
2.142375946044921875e+01
2.162907600402832031e+01
2.153160858154296875e+01
2.109114074707031250e+01
2.050608444213867188e+01
2.072895050048828125e+01
2.269711685180664062e+01
2.342611312866210938e+01
2.357567596435546875e+01
2.203034591674804688e+01
2.206966781616210938e+01
2.162726783752441406e+01
2.132826232910156250e+01
2.127967453002929688e+01
2.209309959411621094e+01
2.461445236206054688e+01
2.713835144042968750e+01
2.911268424987792969e+01
2.998344802856445312e+01
2.793770217895507812e+01
2.438941955566406250e+01
2.237037467956542969e+01
2.238913345336914062e+01
2.127971458435058594e+01
2.049422645568847656e+01
2.138048553466796875e+01
2.337415695190429688e+01
2.505063056945800781e+01
2.565410995483398438e+01
2.499001502990722656e+01
2.316960525512695312e+01
2.266325950622558594e+01
2.280594444274902344e+01
2.513657951354980469e+01
2.681910133361816406e+01
2.535318374633789062e+01
2.589990615844726562e+01
2.670755195617675781e+01
2.783950996398925781e+01
2.725417709350585938e+01
2.785061836242675781e+01
2.914513587951660156e+01
2.857271003723144531e+01
2.672375106811523438e+01
2.647673606872558594e+01
2.658761596679687500e+01
2.584794425964355469e+01
2.524758338928222656e+01
2.551129531860351562e+01
2.627228927612304688e+01
2.578876495361328125e+01
2.572180938720703125e+01
2.665156364440917969e+01
2.716024017333984375e+01
2.668031501770019531e+01
2.548275947570800781e+01
2.645220375061035156e+01
2.700169181823730469e+01
2.759166717529296875e+01
2.653460884094238281e+01
2.686013603210449219e+01
2.729741477966308594e+01
2.744163131713867188e+01
2.682490348815917969e+01
2.585253334045410156e+01
2.555265617370605469e+01
2.565498352050781250e+01
2.708141326904296875e+01
2.741532897949218750e+01
2.633466911315917969e+01
2.468955612182617188e+01
2.445146942138671875e+01
2.507340240478515625e+01
2.624332427978515625e+01
2.751283645629882812e+01
2.646069717407226562e+01
2.465622329711914062e+01
2.489957046508789062e+01
2.628611373901367188e+01
2.603159332275390625e+01
2.650626945495605469e+01
2.749210929870605469e+01
2.664222717285156250e+01
2.507560729980468750e+01
2.487659645080566406e+01
2.591757583618164062e+01
2.609809875488281250e+01
2.591601181030273438e+01
2.569491767883300781e+01
2.506413078308105469e+01
2.448856544494628906e+01
2.506980133056640625e+01
2.569993591308593750e+01
2.513031005859375000e+01
2.461473846435546875e+01
2.550621986389160156e+01
2.596749877929687500e+01
2.599179840087890625e+01
2.496566009521484375e+01
2.419886779785156250e+01
2.476957321166992188e+01
2.485031318664550781e+01
2.479668617248535156e+01
2.330883979797363281e+01
2.345033454895019531e+01
2.492659568786621094e+01
2.478080749511718750e+01
2.526641464233398438e+01
2.532442283630371094e+01
2.495344924926757812e+01
2.404696846008300781e+01
2.370283508300781250e+01
2.338603782653808594e+01
2.344587516784667969e+01
2.327077674865722656e+01
2.458728408813476562e+01
2.647263336181640625e+01
2.636294746398925781e+01
2.542663574218750000e+01
2.490210342407226562e+01
2.477732467651367188e+01
2.397598457336425781e+01
2.379807090759277344e+01
2.420157814025878906e+01
2.463673973083496094e+01
2.481060600280761719e+01
2.477408599853515625e+01
2.489906120300292969e+01
2.406215476989746094e+01
2.358817100524902344e+01
2.412028694152832031e+01
2.510496520996093750e+01
2.645364761352539062e+01
2.522935104370117188e+01
2.504388427734375000e+01
2.507519531250000000e+01
2.590394783020019531e+01
2.535275077819824219e+01
2.537226676940917969e+01
2.561499023437500000e+01
2.620426177978515625e+01
2.658341979980468750e+01
2.571845245361328125e+01
2.396146583557128906e+01
2.368151283264160156e+01
2.400838661193847656e+01
2.339855003356933594e+01
2.260423278808593750e+01
2.274380874633789062e+01
2.402821731567382812e+01
2.416146469116210938e+01
2.425321388244628906e+01
2.359218788146972656e+01
2.375281524658203125e+01
2.465717315673828125e+01
2.586518669128417969e+01
2.523663711547851562e+01
2.441090393066406250e+01
2.419782447814941406e+01
2.443002128601074219e+01
2.400099754333496094e+01
2.522003173828125000e+01
2.637803649902343750e+01
2.631965255737304688e+01
2.532804679870605469e+01
2.520741081237792969e+01
2.460807228088378906e+01
2.445180702209472656e+01
2.503283882141113281e+01
2.528542518615722656e+01
2.435374259948730469e+01
2.283775520324707031e+01
2.316193199157714844e+01
2.479928398132324219e+01
2.542817878723144531e+01
2.515639114379882812e+01
2.409195518493652344e+01
2.359319877624511719e+01
2.434245491027832031e+01
2.487422561645507812e+01
2.461644363403320312e+01
2.378316116333007812e+01
2.267400360107421875e+01
2.257378768920898438e+01
2.355032157897949219e+01
2.412293052673339844e+01
2.396950340270996094e+01
2.407894515991210938e+01
2.374006462097167969e+01
2.433040809631347656e+01
2.387218284606933594e+01
2.428111076354980469e+01
2.494506454467773438e+01
2.474842453002929688e+01
2.466333389282226562e+01
2.484230995178222656e+01
2.468302726745605469e+01
2.360001945495605469e+01
2.364257621765136719e+01
2.413255691528320312e+01
2.453436660766601562e+01
2.383988952636718750e+01
2.353209686279296875e+01
2.305757141113281250e+01
2.331683921813964844e+01
2.359607887268066406e+01
2.355641365051269531e+01
2.347447776794433594e+01
2.350861167907714844e+01
2.363682937622070312e+01
2.415406036376953125e+01
2.397422218322753906e+01
2.371933555603027344e+01
2.277483177185058594e+01
2.261195564270019531e+01
2.268922805786132812e+01
2.368175888061523438e+01
2.364393997192382812e+01
2.352774238586425781e+01
2.370038604736328125e+01
2.381538772583007812e+01
2.459588050842285156e+01
2.456115913391113281e+01
2.413148307800292969e+01
2.236690521240234375e+01
2.170639610290527344e+01
2.262446784973144531e+01
2.336207580566406250e+01
2.454790496826171875e+01
2.515340805053710938e+01
2.472244644165039062e+01
2.427499580383300781e+01
2.479487609863281250e+01
2.442501068115234375e+01
2.445363426208496094e+01
2.463447952270507812e+01
2.459047698974609375e+01
2.478796386718750000e+01
2.513705825805664062e+01
2.510236358642578125e+01
2.456063270568847656e+01
2.410440254211425781e+01
2.365994262695312500e+01
2.377846717834472656e+01
2.440422439575195312e+01
2.379880142211914062e+01
2.363011550903320312e+01
2.336709976196289062e+01
2.259507369995117188e+01
2.274355316162109375e+01
2.362059974670410156e+01
2.374750709533691406e+01
2.364403343200683594e+01
2.327026176452636719e+01
2.287122535705566406e+01
2.284880256652832031e+01
2.288381385803222656e+01
2.332259368896484375e+01
2.372381210327148438e+01
2.333138465881347656e+01
2.261669921875000000e+01
2.292551040649414062e+01
2.364099502563476562e+01
2.411621284484863281e+01
2.464409828186035156e+01
2.388693046569824219e+01
2.378851699829101562e+01
2.366075134277343750e+01
2.387261581420898438e+01
2.395833587646484375e+01
2.363445281982421875e+01
2.302249717712402344e+01
2.298368263244628906e+01
2.337228965759277344e+01
2.381981277465820312e+01
2.379070472717285156e+01
2.377582740783691406e+01
2.347492790222167969e+01
2.256522560119628906e+01
2.242299270629882812e+01
2.344659233093261719e+01
2.337572860717773438e+01
2.355234909057617188e+01
2.352121162414550781e+01
2.370296859741210938e+01
2.345787811279296875e+01
2.301254844665527344e+01
2.223469543457031250e+01
2.237154388427734375e+01
2.294936370849609375e+01
2.359917449951171875e+01
2.400171279907226562e+01
2.458102035522460938e+01
2.486128616333007812e+01
2.459146499633789062e+01
2.396606254577636719e+01
2.331641197204589844e+01
2.290100097656250000e+01
2.373789215087890625e+01
2.396069717407226562e+01
2.288149261474609375e+01
2.223376274108886719e+01
2.214429092407226562e+01
2.280143165588378906e+01
2.309447479248046875e+01
2.331358528137207031e+01
2.288232231140136719e+01
2.251321411132812500e+01
2.346687698364257812e+01
2.439389038085937500e+01
2.431572341918945312e+01
2.333433532714843750e+01
2.307662200927734375e+01
2.399232101440429688e+01
2.431651878356933594e+01
2.374257087707519531e+01
2.293450927734375000e+01
2.247666549682617188e+01
2.273341751098632812e+01
2.357695770263671875e+01
2.341932868957519531e+01
2.383459663391113281e+01
2.375305366516113281e+01
2.234840202331542969e+01
2.193832397460937500e+01
2.286384582519531250e+01
2.370839500427246094e+01
2.360738945007324219e+01
2.352891540527343750e+01
2.297289276123046875e+01
2.282096099853515625e+01
2.277450370788574219e+01
2.312786674499511719e+01
2.302696800231933594e+01
2.230933761596679688e+01
2.268262290954589844e+01
2.257814025878906250e+01
2.225007629394531250e+01
2.223173332214355469e+01
2.254758453369140625e+01
2.294311523437500000e+01
2.329093933105468750e+01
2.312717437744140625e+01
2.250189208984375000e+01
2.240037727355957031e+01
2.264754104614257812e+01
2.263285064697265625e+01
2.293652725219726562e+01
2.328848838806152344e+01
2.452906608581542969e+01
2.488949012756347656e+01
2.458130645751953125e+01
2.423290061950683594e+01
2.373953819274902344e+01
2.289720344543457031e+01
2.228159904479980469e+01
2.325132942199707031e+01
2.405497169494628906e+01
2.400841331481933594e+01
2.367096900939941406e+01
2.389305305480957031e+01
2.326692008972167969e+01
2.325902366638183594e+01
2.323081779479980469e+01
2.281725883483886719e+01
2.271721649169921875e+01
2.381978225708007812e+01
2.399049758911132812e+01
2.310094642639160156e+01
2.247212028503417969e+01
2.244849205017089844e+01
2.294284629821777344e+01
2.369051551818847656e+01
2.356243324279785156e+01
2.379603004455566406e+01
2.249886322021484375e+01
2.238437271118164062e+01
2.345666503906250000e+01
2.385209465026855469e+01
2.376503372192382812e+01
2.370842933654785156e+01
2.319742393493652344e+01
2.260693740844726562e+01
2.120569038391113281e+01
2.085576057434082031e+01
2.212292480468750000e+01
2.343969154357910156e+01
2.358519554138183594e+01
2.366831207275390625e+01
2.283285140991210938e+01
2.181690788269042969e+01
2.230367088317871094e+01
2.310251426696777344e+01
2.310544776916503906e+01
2.195156669616699219e+01
2.170607185363769531e+01
2.211061668395996094e+01
2.267019844055175781e+01
2.215404701232910156e+01
2.229994773864746094e+01
2.243725967407226562e+01
2.213304519653320312e+01
2.204155921936035156e+01
2.162229537963867188e+01
2.170704269409179688e+01
2.178451347351074219e+01
2.146253013610839844e+01
2.134992408752441406e+01
2.143992996215820312e+01
2.263802719116210938e+01
2.321396636962890625e+01
2.277477455139160156e+01
2.256731605529785156e+01
2.344972229003906250e+01
2.390993309020996094e+01
2.266423988342285156e+01
2.187662887573242188e+01
2.272452354431152344e+01
2.305396270751953125e+01
2.323704338073730469e+01
2.265411567687988281e+01
2.213877296447753906e+01
2.177624702453613281e+01
2.251134490966796875e+01
2.308989906311035156e+01
2.272253227233886719e+01
2.226554870605468750e+01
2.228557395935058594e+01
2.278656578063964844e+01
2.370483016967773438e+01
2.366124916076660156e+01
2.321044158935546875e+01
2.398220825195312500e+01
2.338314056396484375e+01
2.300874137878417969e+01
2.643521499633789062e+01
2.849140357971191406e+01
2.642238998413085938e+01
2.445539283752441406e+01
2.525439643859863281e+01
2.499090766906738281e+01
2.476497077941894531e+01
2.629538917541503906e+01
2.706929588317871094e+01
2.722250366210937500e+01
2.836960601806640625e+01
2.778058624267578125e+01
2.572611808776855469e+01
2.525172615051269531e+01
2.480499458312988281e+01
2.386916542053222656e+01
2.299707794189453125e+01
2.356600379943847656e+01
2.506055259704589844e+01
2.494911003112792969e+01
2.340987968444824219e+01
2.246064949035644531e+01
2.261120796203613281e+01
2.274941635131835938e+01
2.336944389343261719e+01
2.322194671630859375e+01
2.254762840270996094e+01
2.211499977111816406e+01
2.161174774169921875e+01
2.156534385681152344e+01
2.141614532470703125e+01
2.168724060058593750e+01
2.197832679748535156e+01
2.249739837646484375e+01
2.215817832946777344e+01
2.142227935791015625e+01
2.156420135498046875e+01
2.224000549316406250e+01
2.168721199035644531e+01
2.102005577087402344e+01
2.161301612854003906e+01
2.282350158691406250e+01
2.223755073547363281e+01
2.189608764648437500e+01
2.257688331604003906e+01
2.323488044738769531e+01
2.327171325683593750e+01
2.269449615478515625e+01
2.167617797851562500e+01
2.242590141296386719e+01
2.416064262390136719e+01
2.360062408447265625e+01
2.178430175781250000e+01
2.168924903869628906e+01
2.222442436218261719e+01
2.299606323242187500e+01
2.241975212097167969e+01
2.139890098571777344e+01
2.131921005249023438e+01
2.207642364501953125e+01
2.204002952575683594e+01
2.237022781372070312e+01
2.297976684570312500e+01
2.338402175903320312e+01
2.371479225158691406e+01
2.301460838317871094e+01
2.212118721008300781e+01
2.178677177429199219e+01
2.135237503051757812e+01
2.090170288085937500e+01
2.169579887390136719e+01
2.283529663085937500e+01
2.346753311157226562e+01
2.268375396728515625e+01
2.221909523010253906e+01
2.215413284301757812e+01
2.216086769104003906e+01
2.213600158691406250e+01
2.171528053283691406e+01
2.016324615478515625e+01
2.041276931762695312e+01
2.169532203674316406e+01
2.152539634704589844e+01
2.109060096740722656e+01
2.129788208007812500e+01
2.089390182495117188e+01
2.092010116577148438e+01
2.187606048583984375e+01
2.273091316223144531e+01
2.265397071838378906e+01
2.280499839782714844e+01
2.316704559326171875e+01
2.360701179504394531e+01
2.176527404785156250e+01
2.045784950256347656e+01
2.098098564147949219e+01
2.130855941772460938e+01
2.187552261352539062e+01
2.262510681152343750e+01
2.279296493530273438e+01
2.243946456909179688e+01
2.171340751647949219e+01
2.231078910827636719e+01
2.368354034423828125e+01
2.312639999389648438e+01
2.170407485961914062e+01
2.210194396972656250e+01
2.192113494873046875e+01
2.072328758239746094e+01
2.081566619873046875e+01
2.140479469299316406e+01
2.210415267944335938e+01
2.129746437072753906e+01
2.124994659423828125e+01
2.233083915710449219e+01
2.317384910583496094e+01
2.297307777404785156e+01
2.211430358886718750e+01
2.250007057189941406e+01
2.238782119750976562e+01
2.203445243835449219e+01
2.082677841186523438e+01
2.042454528808593750e+01
2.129762077331542969e+01
2.059393310546875000e+01
2.048254966735839844e+01
2.124754142761230469e+01
2.114707374572753906e+01
2.171524810791015625e+01
2.214215469360351562e+01
2.134709930419921875e+01
2.159337234497070312e+01
2.206018447875976562e+01
2.138766860961914062e+01
2.016760635375976562e+01
2.063408088684082031e+01
2.158653831481933594e+01
2.160609245300292969e+01
2.270085906982421875e+01
2.311456298828125000e+01
2.253999328613281250e+01
2.201521492004394531e+01
2.180191421508789062e+01
2.250704002380371094e+01
2.301869201660156250e+01
2.109648323059082031e+01
2.104457283020019531e+01
2.234646224975585938e+01
2.158559036254882812e+01
2.152671432495117188e+01
2.226400947570800781e+01
2.195562744140625000e+01
2.128494071960449219e+01
2.191582107543945312e+01
2.220834159851074219e+01
2.128702163696289062e+01
2.044853019714355469e+01
2.000008010864257812e+01
2.050193023681640625e+01
2.112789535522460938e+01
2.030648040771484375e+01
1.973991203308105469e+01
2.039906311035156250e+01
2.087935638427734375e+01
2.105474662780761719e+01
2.120197486877441406e+01
2.131234550476074219e+01
2.149485778808593750e+01
2.133682250976562500e+01
2.117823219299316406e+01
2.137820434570312500e+01
2.101338958740234375e+01
2.070394706726074219e+01
2.108576583862304688e+01
2.107626533508300781e+01
1.994652938842773438e+01
1.953001594543457031e+01
2.023948478698730469e+01
2.144850921630859375e+01
2.094191360473632812e+01
2.019442749023437500e+01
2.031520271301269531e+01
2.079452514648437500e+01
2.149819755554199219e+01
2.201630020141601562e+01
2.283796310424804688e+01
2.228894042968750000e+01
2.100673103332519531e+01
2.074026679992675781e+01
2.025767135620117188e+01
2.051251792907714844e+01
2.046207237243652344e+01
2.060031890869140625e+01
2.054288482666015625e+01
2.076313018798828125e+01
2.058576965332031250e+01
2.108434486389160156e+01
2.156637001037597656e+01
2.128680229187011719e+01
2.118818855285644531e+01
2.046148872375488281e+01
2.039170074462890625e+01
2.072363281250000000e+01
2.118154144287109375e+01
2.095335769653320312e+01
2.111826705932617188e+01
2.119942283630371094e+01
2.100109291076660156e+01
2.074816322326660156e+01
2.084364700317382812e+01
2.135559272766113281e+01
2.198531150817871094e+01
2.194866752624511719e+01
2.111359024047851562e+01
2.031217765808105469e+01
1.980959320068359375e+01
2.028451728820800781e+01
2.079160690307617188e+01
2.076327514648437500e+01
2.129531478881835938e+01
2.181898498535156250e+01
2.170151519775390625e+01
2.087313079833984375e+01
2.032196426391601562e+01
2.078681182861328125e+01
2.127177047729492188e+01
2.091263389587402344e+01
2.030680274963378906e+01
2.041945648193359375e+01
2.021468544006347656e+01
2.036748504638671875e+01
2.053856658935546875e+01
2.085970687866210938e+01
2.148024368286132812e+01
2.140551185607910156e+01
2.108079147338867188e+01
2.101894378662109375e+01
2.133132934570312500e+01
2.142841720581054688e+01
2.087937736511230469e+01
2.047633934020996094e+01
2.057820892333984375e+01
1.997760009765625000e+01
1.996729469299316406e+01
2.071408081054687500e+01
2.126190948486328125e+01
2.087695121765136719e+01
2.044457435607910156e+01
2.102687263488769531e+01
2.095043754577636719e+01
2.027016258239746094e+01
2.013889122009277344e+01
2.053161811828613281e+01
2.034887123107910156e+01
1.981335449218750000e+01
2.053302955627441406e+01
2.195061874389648438e+01
2.177121543884277344e+01
2.081728935241699219e+01
2.013497161865234375e+01
1.985382652282714844e+01
1.960406875610351562e+01
1.957798004150390625e+01
1.929639244079589844e+01
1.930297088623046875e+01
2.112434768676757812e+01
2.172389793395996094e+01
2.065601158142089844e+01
2.125779342651367188e+01
2.061523056030273438e+01
2.045042610168457031e+01
2.159810638427734375e+01
2.079123497009277344e+01
1.991900444030761719e+01
2.040842247009277344e+01
1.987205886840820312e+01
1.970965766906738281e+01
2.081080627441406250e+01
2.216438865661621094e+01
2.258647346496582031e+01
2.190798950195312500e+01
2.059315681457519531e+01
1.982022857666015625e+01
2.014525985717773438e+01
2.115377998352050781e+01
2.058313941955566406e+01
2.000434112548828125e+01
1.910703468322753906e+01
1.930323791503906250e+01
2.116307449340820312e+01
2.112331390380859375e+01
2.038510894775390625e+01
2.088118171691894531e+01
2.146044158935546875e+01
2.089401817321777344e+01
1.988928222656250000e+01
2.000018310546875000e+01
2.113371658325195312e+01
2.054624748229980469e+01
2.006811332702636719e+01
1.990520477294921875e+01
1.949895477294921875e+01
1.982432556152343750e+01
2.081118202209472656e+01
2.169674491882324219e+01
2.134705924987792969e+01
2.037793159484863281e+01
2.082077217102050781e+01
2.170047378540039062e+01
2.099241065979003906e+01
2.044396209716796875e+01
2.079286384582519531e+01
2.071709251403808594e+01
2.030329704284667969e+01
2.041486358642578125e+01
1.994963073730468750e+01
1.980496788024902344e+01
2.045781898498535156e+01
2.144892311096191406e+01
2.105852890014648438e+01
1.994949913024902344e+01
1.912458801269531250e+01
1.920025062561035156e+01
1.990801811218261719e+01
2.069887924194335938e+01
2.088724708557128906e+01
1.954581260681152344e+01
1.946355247497558594e+01
2.064555931091308594e+01
2.121907615661621094e+01
2.065813827514648438e+01
2.063271713256835938e+01
2.099027252197265625e+01
2.040176010131835938e+01
2.062492752075195312e+01
2.044335174560546875e+01
1.992687606811523438e+01
2.051486206054687500e+01
2.145628547668457031e+01
2.060354042053222656e+01
1.992132568359375000e+01
2.051900100708007812e+01
2.043277549743652344e+01
1.992848014831542969e+01
2.024009895324707031e+01
2.097790336608886719e+01
2.036834144592285156e+01
2.020076751708984375e+01
2.086563301086425781e+01
2.046749305725097656e+01
1.967451858520507812e+01
1.930036735534667969e+01
1.873087310791015625e+01
1.839546585083007812e+01
1.818704986572265625e+01
1.923217964172363281e+01
1.989090156555175781e+01
1.862542152404785156e+01
1.840493774414062500e+01
1.831066322326660156e+01
1.932913970947265625e+01
2.015328598022460938e+01
1.938959312438964844e+01
1.935587310791015625e+01
1.922857475280761719e+01
2.006721496582031250e+01
2.061221313476562500e+01
1.994732093811035156e+01
1.936412811279296875e+01
1.770876121520996094e+01
1.632600212097167969e+01
1.789377403259277344e+01
1.915087318420410156e+01
1.964169502258300781e+01
1.885793876647949219e+01
1.857187271118164062e+01
1.899411582946777344e+01
1.888914299011230469e+01
1.915343093872070312e+01
1.757355880737304688e+01
1.760762596130371094e+01
1.833856391906738281e+01
1.718166542053222656e+01
1.705628776550292969e+01
1.842498970031738281e+01
1.838953971862792969e+01
1.887995147705078125e+01
1.861611175537109375e+01
1.726575660705566406e+01
1.726469039916992188e+01
1.695150184631347656e+01
1.766315078735351562e+01
1.829613876342773438e+01
1.886915588378906250e+01
1.866644287109375000e+01
1.721153640747070312e+01
1.855796051025390625e+01
1.883622169494628906e+01
1.881997871398925781e+01
1.952362442016601562e+01
1.908493804931640625e+01
1.848057174682617188e+01
1.721789169311523438e+01
1.560477828979492188e+01
1.612547492980957031e+01
1.765190887451171875e+01
1.813776206970214844e+01
1.837166976928710938e+01
1.895083427429199219e+01
2.091424942016601562e+01
1.857413291931152344e+01
1.529219245910644531e+01
1.657867431640625000e+01
1.865073776245117188e+01
2.041557693481445312e+01
1.907078361511230469e+01
1.739937782287597656e+01
1.718509101867675781e+01
1.595403480529785156e+01
1.659022712707519531e+01
1.791409683227539062e+01
1.848141670227050781e+01
1.649635314941406250e+01
1.730755233764648438e+01
1.836548233032226562e+01
1.625711822509765625e+01
1.613430213928222656e+01
1.858064270019531250e+01
1.841139793395996094e+01
1.927017402648925781e+01
2.006714820861816406e+01
1.889798164367675781e+01
1.957183647155761719e+01
1.923778724670410156e+01
2.017540359497070312e+01
2.019781875610351562e+01
1.920881271362304688e+01
1.923647880554199219e+01
1.949054908752441406e+01
1.851859855651855469e+01
1.817109489440917969e+01
1.750587272644042969e+01
1.904844856262207031e+01
2.288905143737792969e+01
2.216361045837402344e+01
2.148214149475097656e+01
1.996552848815917969e+01
1.607289695739746094e+01
1.538573455810546875e+01
1.195382118225097656e+01
1.148210239410400391e+01
1.222980785369873047e+01
7.733119487762451172e+00
1.535204315185546875e+01
2.102007675170898438e+01
1.463964557647705078e+01
1.573371696472167969e+01
2.232690048217773438e+01
2.312396430969238281e+01
1.992887306213378906e+01
1.247833251953125000e+01
1.316907882690429688e+01
2.640015411376953125e+01
2.122745704650878906e+01
1.930160713195800781e+01
2.668265533447265625e+01
2.316083145141601562e+01
2.005799102783203125e+01
1.046675586700439453e+01
-7.982974648475646973e-01
-1.894093751907348633e+00
nan
nan
