nan
nan
nan
nan
nan
nan
nan
nan
nan
nan
nan
nan
nan
nan
nan
nan
nan
nan
nan
nan
nan
nan
nan
nan
nan
nan
nan
7.246820831298828125e+01
7.274924468994140625e+01
7.066141510009765625e+01
7.448577117919921875e+01
8.020958709716796875e+01
8.139187622070312500e+01
7.741905212402343750e+01
7.541392517089843750e+01
7.600751495361328125e+01
7.583625030517578125e+01
7.327534484863281250e+01
7.209660339355468750e+01
7.071880340576171875e+01
7.078784942626953125e+01
7.134700775146484375e+01
7.316062927246093750e+01
7.303759002685546875e+01
7.048690032958984375e+01
6.871575164794921875e+01
6.707955932617187500e+01
6.692295074462890625e+01
6.709528350830078125e+01
6.783724212646484375e+01
6.697394561767578125e+01
6.572016906738281250e+01
6.703348541259765625e+01
7.080002593994140625e+01
7.270112609863281250e+01
7.563863372802734375e+01
7.504659271240234375e+01
7.380831146240234375e+01
7.121384429931640625e+01
6.952279663085937500e+01
6.696390533447265625e+01
6.585711669921875000e+01
6.544545745849609375e+01
6.699534606933593750e+01
6.874112701416015625e+01
7.090891265869140625e+01
7.272041320800781250e+01
7.139648437500000000e+01
7.076580810546875000e+01
6.979758453369140625e+01
7.169265747070312500e+01
7.202964782714843750e+01
7.430293273925781250e+01
7.581585693359375000e+01
7.494181060791015625e+01
7.328283691406250000e+01
7.186212921142578125e+01
7.104982757568359375e+01
7.258197021484375000e+01
7.257290649414062500e+01
7.344560241699218750e+01
7.207970428466796875e+01
7.101751708984375000e+01
7.033460998535156250e+01
6.969736480712890625e+01
6.937406921386718750e+01
6.926643371582031250e+01
7.044858551025390625e+01
7.113753509521484375e+01
7.140455627441406250e+01
7.207265472412109375e+01
7.097283935546875000e+01
6.990598297119140625e+01
6.917278289794921875e+01
6.945738220214843750e+01
7.077323150634765625e+01
7.097950744628906250e+01
7.029692077636718750e+01
6.873949432373046875e+01
6.822590637207031250e+01
6.794519042968750000e+01
6.979209136962890625e+01
6.925957489013671875e+01
6.932359313964843750e+01
6.991819763183593750e+01
7.074462127685546875e+01
7.098097229003906250e+01
7.100347900390625000e+01
7.191878509521484375e+01
7.277265167236328125e+01
7.206753540039062500e+01
7.151205444335937500e+01
7.209259796142578125e+01
7.103731536865234375e+01
6.995432281494140625e+01
6.951194763183593750e+01
6.972215270996093750e+01
6.907048797607421875e+01
6.864933013916015625e+01
6.870960998535156250e+01
6.931184387207031250e+01
6.892435455322265625e+01
6.861873626708984375e+01
6.787448883056640625e+01
6.790709686279296875e+01
6.885389709472656250e+01
6.947290039062500000e+01
7.100202178955078125e+01
7.176710510253906250e+01
7.257769775390625000e+01
7.126013946533203125e+01
7.045001983642578125e+01
6.829870605468750000e+01
6.877173614501953125e+01
6.907199859619140625e+01
7.057801055908203125e+01
7.117394256591796875e+01
7.135426330566406250e+01
7.077989959716796875e+01
7.036671447753906250e+01
7.047234344482421875e+01
7.092667388916015625e+01
7.128276062011718750e+01
7.045373535156250000e+01
7.143551635742187500e+01
7.123406219482421875e+01
7.107276916503906250e+01
7.021204376220703125e+01
6.972298431396484375e+01
6.934601593017578125e+01
7.030091094970703125e+01
7.105995941162109375e+01
7.298165893554687500e+01
7.354522705078125000e+01
7.208090209960937500e+01
7.154407501220703125e+01
6.959379577636718750e+01
6.975067901611328125e+01
7.108596038818359375e+01
7.221573638916015625e+01
7.122651672363281250e+01
6.841781616210937500e+01
6.775774383544921875e+01
6.880353546142578125e+01
7.088283538818359375e+01
7.237750244140625000e+01
7.330761718750000000e+01
7.276171112060546875e+01
7.253034973144531250e+01
7.131838989257812500e+01
7.148306274414062500e+01
7.131188964843750000e+01
7.064900207519531250e+01
6.968362426757812500e+01
7.034905242919921875e+01
7.173903656005859375e+01
7.283179473876953125e+01
7.083824920654296875e+01
7.057260131835937500e+01
6.896607208251953125e+01
7.039418792724609375e+01
7.104911041259765625e+01
7.162751770019531250e+01
7.295251464843750000e+01
7.218124389648437500e+01
7.162748718261718750e+01
7.110128021240234375e+01
7.082135772705078125e+01
7.194339752197265625e+01
7.283152008056640625e+01
7.362093353271484375e+01
7.396920013427734375e+01
7.381027984619140625e+01
7.170684814453125000e+01
7.078881072998046875e+01
7.044500732421875000e+01
7.120992279052734375e+01
7.125035858154296875e+01
7.172027587890625000e+01
7.153452301025390625e+01
7.123776245117187500e+01
7.140228271484375000e+01
7.139308929443359375e+01
7.147519683837890625e+01
7.184745025634765625e+01
7.269447326660156250e+01
7.507613372802734375e+01
7.353926086425781250e+01
7.240291595458984375e+01
7.161415100097656250e+01
7.126818847656250000e+01
7.082617950439453125e+01
7.041608428955078125e+01
7.226436614990234375e+01
7.400759124755859375e+01
7.351204681396484375e+01
7.164929199218750000e+01
7.098800659179687500e+01
7.035517883300781250e+01
7.124301147460937500e+01
7.125729370117187500e+01
7.199846649169921875e+01
7.116480255126953125e+01
7.279335784912109375e+01
7.287128448486328125e+01
7.224603271484375000e+01
7.172653961181640625e+01
7.180277252197265625e+01
7.181556701660156250e+01
7.168361663818359375e+01
7.060397338867187500e+01
6.904734802246093750e+01
6.863221740722656250e+01
6.783385467529296875e+01
6.839758300781250000e+01
6.822775268554687500e+01
6.781083679199218750e+01
6.862548065185546875e+01
7.002842712402343750e+01
7.107603454589843750e+01
7.262996673583984375e+01
7.213890075683593750e+01
7.280805969238281250e+01
7.232179260253906250e+01
7.342063140869140625e+01
7.452931213378906250e+01
7.356738281250000000e+01
7.316722869873046875e+01
7.175179290771484375e+01
7.141899871826171875e+01
7.211166381835937500e+01
7.159072875976562500e+01
7.049456787109375000e+01
7.042455291748046875e+01
6.967438507080078125e+01
6.978038787841796875e+01
7.003952789306640625e+01
7.011959838867187500e+01
7.057374572753906250e+01
7.182371520996093750e+01
7.254033660888671875e+01
7.202413940429687500e+01
7.120894622802734375e+01
7.054135131835937500e+01
6.990126800537109375e+01
7.008399200439453125e+01
7.112173461914062500e+01
7.278021240234375000e+01
7.263786315917968750e+01
7.150829315185546875e+01
7.041586303710937500e+01
7.043062591552734375e+01
7.068171691894531250e+01
7.069403076171875000e+01
7.078025054931640625e+01
7.320648956298828125e+01
7.399135589599609375e+01
7.343454742431640625e+01
7.296060943603515625e+01
7.258312988281250000e+01
7.202098846435546875e+01
7.239666748046875000e+01
7.240565490722656250e+01
7.346918487548828125e+01
7.260607147216796875e+01
7.189586639404296875e+01
7.174977111816406250e+01
7.107910156250000000e+01
7.088327026367187500e+01
7.174738311767578125e+01
7.179769897460937500e+01
7.140599822998046875e+01
7.026344299316406250e+01
7.144562530517578125e+01
7.225883483886718750e+01
7.233237457275390625e+01
7.219908905029296875e+01
7.152584838867187500e+01
7.087863159179687500e+01
7.127770233154296875e+01
7.094252777099609375e+01
7.122541046142578125e+01
7.088616943359375000e+01
6.956916046142578125e+01
6.809166717529296875e+01
6.609194183349609375e+01
6.561939239501953125e+01
6.752499389648437500e+01
6.949560546875000000e+01
7.128726959228515625e+01
7.082962036132812500e+01
7.157865142822265625e+01
7.226441955566406250e+01
7.175224304199218750e+01
7.227694702148437500e+01
7.148173522949218750e+01
7.176827239990234375e+01
7.094915008544921875e+01
7.051860809326171875e+01
6.928564453125000000e+01
6.858834838867187500e+01
6.885298919677734375e+01
6.986443328857421875e+01
7.140646362304687500e+01
7.185110473632812500e+01
7.128950500488281250e+01
6.977606201171875000e+01
7.000973510742187500e+01
6.961835479736328125e+01
7.058741760253906250e+01
6.975852966308593750e+01
6.742239379882812500e+01
6.766068267822265625e+01
6.744927215576171875e+01
6.814466094970703125e+01
6.888455200195312500e+01
7.023913574218750000e+01
7.002417755126953125e+01
6.899057006835937500e+01
6.749543762207031250e+01
6.877283477783203125e+01
6.800630187988281250e+01
6.811074066162109375e+01
6.695158386230468750e+01
6.754543304443359375e+01
6.705274200439453125e+01
6.664133453369140625e+01
6.713899230957031250e+01
6.709586334228515625e+01
6.764207458496093750e+01
6.725644683837890625e+01
6.691746520996093750e+01
6.685524749755859375e+01
6.612085723876953125e+01
6.635635375976562500e+01
6.699781036376953125e+01
6.778440093994140625e+01
6.751742553710937500e+01
6.725244903564453125e+01
6.683905029296875000e+01
6.669515991210937500e+01
6.671131134033203125e+01
6.714511871337890625e+01
6.738924407958984375e+01
6.599617004394531250e+01
6.675531768798828125e+01
6.644060516357421875e+01
6.633760833740234375e+01
6.516643524169921875e+01
6.407251739501953125e+01
6.324751281738281250e+01
6.281549835205078125e+01
6.274375915527343750e+01
6.315411376953125000e+01
6.408386993408203125e+01
6.535996246337890625e+01
6.620703887939453125e+01
6.658134460449218750e+01
6.714879608154296875e+01
6.754083251953125000e+01
6.762525177001953125e+01
6.569175720214843750e+01
6.582131958007812500e+01
6.480946350097656250e+01
6.440060424804687500e+01
6.307098770141601562e+01
6.409061431884765625e+01
6.507472229003906250e+01
6.657621002197265625e+01
6.570288848876953125e+01
6.467738342285156250e+01
6.490072631835937500e+01
6.558421325683593750e+01
6.643088531494140625e+01
6.508143615722656250e+01
6.400679779052734375e+01
6.326670455932617188e+01
6.443633270263671875e+01
6.631050109863281250e+01
6.693883514404296875e+01
6.618133544921875000e+01
6.506592559814453125e+01
6.499205017089843750e+01
6.495452117919921875e+01
6.601303863525390625e+01
6.598004913330078125e+01
6.648386383056640625e+01
6.558831024169921875e+01
6.496160125732421875e+01
6.474597930908203125e+01
6.490683746337890625e+01
6.367490768432617188e+01
6.364221954345703125e+01
6.370362854003906250e+01
6.379914855957031250e+01
6.359259414672851562e+01
6.372007369995117188e+01
6.386425399780273438e+01
6.379487228393554688e+01
6.301647567749023438e+01
6.317360305786132812e+01
6.405719757080078125e+01
6.475650024414062500e+01
6.461212158203125000e+01
6.344526672363281250e+01
6.352379226684570312e+01
6.369403076171875000e+01
6.260816955566406250e+01
6.221578216552734375e+01
6.100803375244140625e+01
6.165246200561523438e+01
6.232427215576171875e+01
6.296424484252929688e+01
6.370557785034179688e+01
6.268280792236328125e+01
6.361015319824218750e+01
6.244843292236328125e+01
6.188091659545898438e+01
6.176307296752929688e+01
6.169709777832031250e+01
6.266698074340820312e+01
6.186988449096679688e+01
6.156831359863281250e+01
6.115432739257812500e+01
6.247146224975585938e+01
6.447697448730468750e+01
6.520461273193359375e+01
6.498231506347656250e+01
6.429325866699218750e+01
6.457247161865234375e+01
6.385869979858398438e+01
6.402597045898437500e+01
6.262574768066406250e+01
6.337904357910156250e+01
6.382508468627929688e+01
6.401517486572265625e+01
6.305947494506835938e+01
6.211636352539062500e+01
6.247214508056640625e+01
6.186232376098632812e+01
6.120439147949218750e+01
6.054351043701171875e+01
5.913445663452148438e+01
5.955338287353515625e+01
5.895041275024414062e+01
6.102039337158203125e+01
6.149567794799804688e+01
6.225832748413085938e+01
6.124757766723632812e+01
6.096477508544921875e+01
5.981557464599609375e+01
5.938784790039062500e+01
5.923167037963867188e+01
5.979015350341796875e+01
6.041598510742187500e+01
6.101404953002929688e+01
6.164967346191406250e+01
6.142644882202148438e+01
6.207072067260742188e+01
6.093882369995117188e+01
6.165823364257812500e+01
6.152017974853515625e+01
6.117570495605468750e+01
5.921698760986328125e+01
5.903808593750000000e+01
5.929524230957031250e+01
6.046661758422851562e+01
6.126050567626953125e+01
6.175474929809570312e+01
6.119477081298828125e+01
6.054973602294921875e+01
5.931304550170898438e+01
5.762505722045898438e+01
5.718482971191406250e+01
5.714232635498046875e+01
5.740950393676757812e+01
5.726004028320312500e+01
5.726356887817382812e+01
5.743628692626953125e+01
5.752329635620117188e+01
5.798646163940429688e+01
5.755738830566406250e+01
5.829431915283203125e+01
5.876738739013671875e+01
5.814572525024414062e+01
5.704166412353515625e+01
5.543037414550781250e+01
5.541059875488281250e+01
5.583618927001953125e+01
5.687393569946289062e+01
5.720101547241210938e+01
5.879367065429687500e+01
5.844060516357421875e+01
5.803173065185546875e+01
5.790962600708007812e+01
5.766953659057617188e+01
5.776845932006835938e+01
5.739784622192382812e+01
5.656359481811523438e+01
5.584857940673828125e+01
5.566865158081054688e+01
5.587008285522460938e+01
5.578693389892578125e+01
5.558006286621093750e+01
5.536592864990234375e+01
5.578306961059570312e+01
5.492739868164062500e+01
5.395539093017578125e+01
5.336486434936523438e+01
5.350189971923828125e+01
5.373875045776367188e+01
5.436356735229492188e+01
5.446047210693359375e+01
5.486950302124023438e+01
5.453311920166015625e+01
5.364103698730468750e+01
5.347828292846679688e+01
5.240879821777343750e+01
5.311925125122070312e+01
5.352507400512695312e+01
5.429365539550781250e+01
5.449866485595703125e+01
5.410005569458007812e+01
5.327783966064453125e+01
5.346294021606445312e+01
5.413027954101562500e+01
5.484757232666015625e+01
5.428596496582031250e+01
5.381999588012695312e+01
5.433495712280273438e+01
5.529166412353515625e+01
5.458064270019531250e+01
5.337981414794921875e+01
5.432759094238281250e+01
5.593625640869140625e+01
5.658537292480468750e+01
5.576078033447265625e+01
5.393929290771484375e+01
5.272179794311523438e+01
5.359508895874023438e+01
5.356460571289062500e+01
5.421432876586914062e+01
5.319672012329101562e+01
5.319421386718750000e+01
5.326178741455078125e+01
5.306192016601562500e+01
5.336246109008789062e+01
5.250539779663085938e+01
5.205278778076171875e+01
5.180845260620117188e+01
5.323432922363281250e+01
5.551266860961914062e+01
5.586534500122070312e+01
5.475131607055664062e+01
5.244296646118164062e+01
5.120112228393554688e+01
5.047051620483398438e+01
5.079804229736328125e+01
5.177315902709960938e+01
5.237955474853515625e+01
5.289596176147460938e+01
5.203758239746093750e+01
5.115674209594726562e+01
5.191006469726562500e+01
5.234627532958984375e+01
5.358344268798828125e+01
5.283127593994140625e+01
5.219170379638671875e+01
5.175085067749023438e+01
5.091499710083007812e+01
5.004512786865234375e+01
4.971439743041992188e+01
5.053593063354492188e+01
5.192903900146484375e+01
5.196405410766601562e+01
5.236372756958007812e+01
5.169600677490234375e+01
5.185735321044921875e+01
5.153867340087890625e+01
5.239099502563476562e+01
5.099534606933593750e+01
5.047320175170898438e+01
5.130889129638671875e+01
5.273309707641601562e+01
5.323849105834960938e+01
5.275199508666992188e+01
5.213567352294921875e+01
5.186172485351562500e+01
5.006723022460937500e+01
4.931387329101562500e+01
4.877840042114257812e+01
4.901139450073242188e+01
4.921560287475585938e+01
4.897411346435546875e+01
5.013506317138671875e+01
5.159166336059570312e+01
5.286297607421875000e+01
5.218797683715820312e+01
5.124979019165039062e+01
5.083534622192382812e+01
5.015872192382812500e+01
5.056135940551757812e+01
4.981108474731445312e+01
4.930205535888671875e+01
4.940572357177734375e+01
4.894250106811523438e+01
4.903402709960937500e+01
4.855513000488281250e+01
4.872604751586914062e+01
4.817064285278320312e+01
4.874663925170898438e+01
4.884552383422851562e+01
4.876117706298828125e+01
4.839022445678710938e+01
4.826431655883789062e+01
4.837939834594726562e+01
4.838143920898437500e+01
4.816616058349609375e+01
4.822938919067382812e+01
4.789555740356445312e+01
4.799449157714843750e+01
4.887991333007812500e+01
4.891590118408203125e+01
4.796990966796875000e+01
4.803883743286132812e+01
4.801237869262695312e+01
4.898217773437500000e+01
4.881107711791992188e+01
4.826109695434570312e+01
4.735293197631835938e+01
4.680170059204101562e+01
4.621355056762695312e+01
4.657888793945312500e+01
4.697344970703125000e+01
4.765903091430664062e+01
4.766490173339843750e+01
4.726202011108398438e+01
4.635507202148437500e+01
4.608906173706054688e+01
4.707337570190429688e+01
4.728078079223632812e+01
4.648199081420898438e+01
4.613217544555664062e+01
4.648181533813476562e+01
4.813691711425781250e+01
4.735287475585937500e+01
4.609527969360351562e+01
4.539130020141601562e+01
4.680619812011718750e+01
4.815939712524414062e+01
4.715205001831054688e+01
4.520587158203125000e+01
4.477928924560546875e+01
4.561795425415039062e+01
4.692494964599609375e+01
4.700846862792968750e+01
4.616924285888671875e+01
4.575847625732421875e+01
4.604203414916992188e+01
4.552135848999023438e+01
4.557473373413085938e+01
4.554343032836914062e+01
4.608171081542968750e+01
4.541712188720703125e+01
4.589649963378906250e+01
4.532035446166992188e+01
4.595071792602539062e+01
4.660713195800781250e+01
4.641061019897460938e+01
4.587012481689453125e+01
4.501116180419921875e+01
4.543933486938476562e+01
4.572652053833007812e+01
4.529879379272460938e+01
4.430835342407226562e+01
4.468043899536132812e+01
4.459646224975585938e+01
4.531374740600585938e+01
4.579032135009765625e+01
4.689509582519531250e+01
4.803619384765625000e+01
4.749290084838867188e+01
4.728758621215820312e+01
4.603977966308593750e+01
4.574038314819335938e+01
4.496900939941406250e+01
4.426013183593750000e+01
4.436047363281250000e+01
4.448474502563476562e+01
4.423830032348632812e+01
4.513850021362304688e+01
4.564693450927734375e+01
4.685409927368164062e+01
4.587717819213867188e+01
4.566082382202148438e+01
4.403123092651367188e+01
4.305594635009765625e+01
4.205930709838867188e+01
4.193449020385742188e+01
4.279785156250000000e+01
4.271069717407226562e+01
4.240653228759765625e+01
4.229479980468750000e+01
4.335716629028320312e+01
4.318137359619140625e+01
4.395823287963867188e+01
4.428125381469726562e+01
4.460729980468750000e+01
4.428020095825195312e+01
4.435452651977539062e+01
4.499101257324218750e+01
4.462559509277343750e+01
4.444985198974609375e+01
4.390809631347656250e+01
4.362814331054687500e+01
4.317098236083984375e+01
4.342969131469726562e+01
4.375596237182617188e+01
4.382255554199218750e+01
4.283254241943359375e+01
4.281411361694335938e+01
4.282755661010742188e+01
4.291738510131835938e+01
4.194600677490234375e+01
4.170492935180664062e+01
4.159377288818359375e+01
4.223396301269531250e+01
4.254189300537109375e+01
4.207187652587890625e+01
4.174556732177734375e+01
4.183902359008789062e+01
4.316126632690429688e+01
4.409675598144531250e+01
4.420895004272460938e+01
4.446681594848632812e+01
4.396071624755859375e+01
4.299268341064453125e+01
4.219422149658203125e+01
4.122394561767578125e+01
4.183270263671875000e+01
4.217528152465820312e+01
4.255478668212890625e+01
4.278359603881835938e+01
4.303670883178710938e+01
4.310415267944335938e+01
4.375719833374023438e+01
4.438565826416015625e+01
4.427754974365234375e+01
4.259346389770507812e+01
4.149458312988281250e+01
4.147076797485351562e+01
4.260201263427734375e+01
4.224613571166992188e+01
4.157210922241210938e+01
4.091276550292968750e+01
4.170619201660156250e+01
4.191466140747070312e+01
4.191801452636718750e+01
4.177978897094726562e+01
4.183858871459960938e+01
4.162520217895507812e+01
4.212558746337890625e+01
4.242742919921875000e+01
4.305268096923828125e+01
4.170647048950195312e+01
4.179147338867187500e+01
4.221768569946289062e+01
4.376259231567382812e+01
4.463940429687500000e+01
4.354359817504882812e+01
4.250527572631835938e+01
4.202629852294921875e+01
4.307018280029296875e+01
4.292778778076171875e+01
4.217234802246093750e+01
4.207422256469726562e+01
4.217099761962890625e+01
4.217827224731445312e+01
4.243140411376953125e+01
4.153364181518554688e+01
4.115327453613281250e+01
4.074057006835937500e+01
4.247809982299804688e+01
4.271895599365234375e+01
4.205961608886718750e+01
4.058588027954101562e+01
3.965053558349609375e+01
4.026879501342773438e+01
4.109126281738281250e+01
4.088930892944335938e+01
4.113844680786132812e+01
4.153014373779296875e+01
4.272469329833984375e+01
4.184949111938476562e+01
4.098653411865234375e+01
3.985029602050781250e+01
3.988991928100585938e+01
4.032594680786132812e+01
4.073952102661132812e+01
4.117085647583007812e+01
4.114382553100585938e+01
4.015158462524414062e+01
3.982790756225585938e+01
3.913263320922851562e+01
3.896345520019531250e+01
3.816469955444335938e+01
3.884865951538085938e+01
3.906933593750000000e+01
3.896024322509765625e+01
3.905385971069335938e+01
3.949894332885742188e+01
3.963409805297851562e+01
3.933111190795898438e+01
3.882726669311523438e+01
3.824644851684570312e+01
3.826958847045898438e+01
3.808516693115234375e+01
3.891458511352539062e+01
3.933322143554687500e+01
4.060536956787109375e+01
4.080480575561523438e+01
4.076575088500976562e+01
3.977235412597656250e+01
3.944396209716796875e+01
4.032479858398437500e+01
4.245022201538085938e+01
4.208753967285156250e+01
4.123652267456054688e+01
3.998820495605468750e+01
4.005865478515625000e+01
3.984446334838867188e+01
3.949472427368164062e+01
3.941633224487304688e+01
3.892840194702148438e+01
3.994074630737304688e+01
4.151280975341796875e+01
4.241113281250000000e+01
4.208356094360351562e+01
4.152484512329101562e+01
4.090517044067382812e+01
4.094930267333984375e+01
4.049004745483398438e+01
4.116884994506835938e+01
4.191396331787109375e+01
4.239295196533203125e+01
4.145120620727539062e+01
3.967883682250976562e+01
3.902198028564453125e+01
3.894557189941406250e+01
3.944287490844726562e+01
3.946247100830078125e+01
3.942095184326171875e+01
3.959263610839843750e+01
4.059745025634765625e+01
4.045521163940429688e+01
4.052705383300781250e+01
4.057497787475585938e+01
4.062394714355468750e+01
3.895991134643554688e+01
3.837036132812500000e+01
3.863708877563476562e+01
3.917187881469726562e+01
3.926773452758789062e+01
3.944789886474609375e+01
3.894481277465820312e+01
3.958753204345703125e+01
3.998113632202148438e+01
4.022175979614257812e+01
4.025532913208007812e+01
4.029444885253906250e+01
4.006249237060546875e+01
3.975815963745117188e+01
3.942711639404296875e+01
3.872896957397460938e+01
3.932091140747070312e+01
3.887258148193359375e+01
3.923773574829101562e+01
3.887644195556640625e+01
3.933249282836914062e+01
3.860817718505859375e+01
3.883893203735351562e+01
3.896421051025390625e+01
3.947592926025390625e+01
3.920139312744140625e+01
3.923793411254882812e+01
3.827554321289062500e+01
3.809813308715820312e+01
3.796253585815429688e+01
3.862612533569335938e+01
3.947475051879882812e+01
3.944316482543945312e+01
4.048457336425781250e+01
4.101235198974609375e+01
4.149287033081054688e+01
4.018457412719726562e+01
3.867100143432617188e+01
3.865823364257812500e+01
3.926520538330078125e+01
3.867394256591796875e+01
3.778054428100585938e+01
3.783061218261718750e+01
3.792974472045898438e+01
3.797224044799804688e+01
3.768493270874023438e+01
3.844970321655273438e+01
3.824527740478515625e+01
3.741207885742187500e+01
3.759150695800781250e+01
3.758176803588867188e+01
3.784136199951171875e+01
3.787798690795898438e+01
3.859505844116210938e+01
3.838325119018554688e+01
3.757621765136718750e+01
3.754393768310546875e+01
3.785549545288085938e+01
3.888775634765625000e+01
3.881739807128906250e+01
3.916521453857421875e+01
3.823968887329101562e+01
3.827950286865234375e+01
3.818339157104492188e+01
3.811459732055664062e+01
3.774967956542968750e+01
3.790998077392578125e+01
3.826031112670898438e+01
3.915794754028320312e+01
3.929596328735351562e+01
3.860961151123046875e+01
3.815779113769531250e+01
3.779679870605468750e+01
3.691677856445312500e+01
3.710093688964843750e+01
3.833415985107421875e+01
3.931351470947265625e+01
3.937214279174804688e+01
3.866872406005859375e+01
3.812882232666015625e+01
3.747898483276367188e+01
3.773480987548828125e+01
3.793023300170898438e+01
3.795910644531250000e+01
3.684870529174804688e+01
3.678547668457031250e+01
3.693045806884765625e+01
3.761011886596679688e+01
3.781072616577148438e+01
3.797925567626953125e+01
3.769493865966796875e+01
3.863226699829101562e+01
3.869945526123046875e+01
3.781772994995117188e+01
3.678332519531250000e+01
3.693596649169921875e+01
3.779405593872070312e+01
3.812131118774414062e+01
3.773241424560546875e+01
3.722452926635742188e+01
3.758410263061523438e+01
3.677483367919921875e+01
3.688941574096679688e+01
3.595284652709960938e+01
3.579570770263671875e+01
3.571092224121093750e+01
3.729490661621093750e+01
3.792026519775390625e+01
3.876716995239257812e+01
3.875540161132812500e+01
3.828221511840820312e+01
3.787198257446289062e+01
3.803482437133789062e+01
3.806160354614257812e+01
3.809573364257812500e+01
3.747797393798828125e+01
3.715982055664062500e+01
3.668091964721679688e+01
3.690795516967773438e+01
3.640995025634765625e+01
3.658967208862304688e+01
3.659442520141601562e+01
3.707430648803710938e+01
3.723188781738281250e+01
3.633692932128906250e+01
3.595603561401367188e+01
3.621738815307617188e+01
3.774957656860351562e+01
3.837896728515625000e+01
3.732453536987304688e+01
3.674856567382812500e+01
3.618873596191406250e+01
3.566203308105468750e+01
3.471846389770507812e+01
3.468048858642578125e+01
3.506470489501953125e+01
3.538577270507812500e+01
3.573157501220703125e+01
3.659924316406250000e+01
3.702760314941406250e+01
3.903366851806640625e+01
3.962266921997070312e+01
4.052138519287109375e+01
4.084522628784179688e+01
4.199911117553710938e+01
4.187668228149414062e+01
4.047417449951171875e+01
3.948535156250000000e+01
3.914774322509765625e+01
3.974134445190429688e+01
3.893562316894531250e+01
3.756338882446289062e+01
3.699433517456054688e+01
3.578810119628906250e+01
3.510338211059570312e+01
3.485620498657226562e+01
3.548862838745117188e+01
3.541104888916015625e+01
3.610996246337890625e+01
3.625315475463867188e+01
3.650991058349609375e+01
3.586965179443359375e+01
3.688156509399414062e+01
3.725996780395507812e+01
3.697359085083007812e+01
3.583529663085937500e+01
3.640534210205078125e+01
3.694265365600585938e+01
3.748126983642578125e+01
3.730829238891601562e+01
3.778219604492187500e+01
3.673594284057617188e+01
3.593405914306640625e+01
3.550174331665039062e+01
3.439717102050781250e+01
3.432538986206054688e+01
3.436629104614257812e+01
3.527432250976562500e+01
3.652507400512695312e+01
3.701480484008789062e+01
3.714998245239257812e+01
3.502204513549804688e+01
3.579292297363281250e+01
3.665304565429687500e+01
3.814595794677734375e+01
3.677157211303710938e+01
3.630858230590820312e+01
3.494693756103515625e+01
3.496443939208984375e+01
3.571159744262695312e+01
3.686789321899414062e+01
3.645478820800781250e+01
3.555237579345703125e+01
3.526599121093750000e+01
3.613977050781250000e+01
3.627513504028320312e+01
3.709249496459960938e+01
3.704595947265625000e+01
3.840288925170898438e+01
3.754657745361328125e+01
3.529843521118164062e+01
3.341541671752929688e+01
3.298400878906250000e+01
3.483726882934570312e+01
3.494627380371093750e+01
3.518565750122070312e+01
3.555884552001953125e+01
3.595188140869140625e+01
3.547572326660156250e+01
3.406182479858398438e+01
3.333266067504882812e+01
3.355220413208007812e+01
3.426192474365234375e+01
3.406035614013671875e+01
3.283465576171875000e+01
3.468962097167968750e+01
4.003612136840820312e+01
4.228142929077148438e+01
4.152808380126953125e+01
4.148612213134765625e+01
4.168400573730468750e+01
4.101819229125976562e+01
4.097028732299804688e+01
4.083656692504882812e+01
4.092637252807617188e+01
4.012163543701171875e+01
4.020205688476562500e+01
3.798902511596679688e+01
3.773375701904296875e+01
3.722616958618164062e+01
3.776824188232421875e+01
3.713558578491210938e+01
3.673431396484375000e+01
3.747698974609375000e+01
3.824966049194335938e+01
3.736057662963867188e+01
3.723587036132812500e+01
3.659326171875000000e+01
3.547426605224609375e+01
3.599517440795898438e+01
3.750975036621093750e+01
3.794411087036132812e+01
3.792868041992187500e+01
3.827171325683593750e+01
3.755759048461914062e+01
3.742250442504882812e+01
3.766529083251953125e+01
3.795697784423828125e+01
3.824419784545898438e+01
3.650714111328125000e+01
3.412518692016601562e+01
3.468002700805664062e+01
3.739004898071289062e+01
3.801042938232421875e+01
3.768788909912109375e+01
3.741135787963867188e+01
3.665683364868164062e+01
3.665531921386718750e+01
3.602921676635742188e+01
3.759311676025390625e+01
3.817261505126953125e+01
3.849036407470703125e+01
3.722652053833007812e+01
3.754305267333984375e+01
3.683411788940429688e+01
3.793578720092773438e+01
3.728237152099609375e+01
3.821189880371093750e+01
3.785116958618164062e+01
3.774675369262695312e+01
3.715472793579101562e+01
3.622641372680664062e+01
3.509248352050781250e+01
3.561545944213867188e+01
3.722779464721679688e+01
3.788914108276367188e+01
3.776535797119140625e+01
3.692584991455078125e+01
3.728946304321289062e+01
3.762591171264648438e+01
3.735892868041992188e+01
3.779740524291992188e+01
3.887994766235351562e+01
3.884336090087890625e+01
3.802558898925781250e+01
3.726573562622070312e+01
3.687056350708007812e+01
3.640127944946289062e+01
3.668341827392578125e+01
3.698632431030273438e+01
3.652873992919921875e+01
3.579894638061523438e+01
3.689249801635742188e+01
3.698406219482421875e+01
3.678629684448242188e+01
3.496535491943359375e+01
3.537168121337890625e+01
3.616867446899414062e+01
3.647899627685546875e+01
3.562852859497070312e+01
3.503429031372070312e+01
3.579467010498046875e+01
3.806744003295898438e+01
3.784972381591796875e+01
3.686333847045898438e+01
3.585548019409179688e+01
3.612466049194335938e+01
3.565087127685546875e+01
3.456333541870117188e+01
3.497439575195312500e+01
3.575077819824218750e+01
3.618012619018554688e+01
3.582688140869140625e+01
3.645131683349609375e+01
3.573197174072265625e+01
3.579650115966796875e+01
3.622506713867187500e+01
3.671776580810546875e+01
3.665314102172851562e+01
3.720579147338867188e+01
3.693162536621093750e+01
3.777952575683593750e+01
3.765253829956054688e+01
3.720347976684570312e+01
3.657929229736328125e+01
3.761926651000976562e+01
3.790100860595703125e+01
3.804027175903320312e+01
3.775081253051757812e+01
3.812285614013671875e+01
3.709072875976562500e+01
3.696071624755859375e+01
3.703559494018554688e+01
3.709690856933593750e+01
3.632159805297851562e+01
3.597242355346679688e+01
3.657658767700195312e+01
3.631996154785156250e+01
3.543090057373046875e+01
3.648748397827148438e+01
3.755352783203125000e+01
3.757415008544921875e+01
3.580826187133789062e+01
3.477828216552734375e+01
3.509250640869140625e+01
3.578244781494140625e+01
3.567988204956054688e+01
3.678766250610351562e+01
3.705321884155273438e+01
3.705198669433593750e+01
3.680472183227539062e+01
3.687374877929687500e+01
3.708066940307617188e+01
3.688144683837890625e+01
3.631450653076171875e+01
3.528445053100585938e+01
3.514805984497070312e+01
3.460395050048828125e+01
3.534161376953125000e+01
3.627285766601562500e+01
3.691447830200195312e+01
3.706959915161132812e+01
3.722307968139648438e+01
3.697879791259765625e+01
3.689223480224609375e+01
3.692668533325195312e+01
3.626801300048828125e+01
3.595770263671875000e+01
3.620909500122070312e+01
3.583773803710937500e+01
3.641228866577148438e+01
3.592381286621093750e+01
3.559355926513671875e+01
3.457529449462890625e+01
3.496627426147460938e+01
3.494303131103515625e+01
3.433792495727539062e+01
3.400179672241210938e+01
3.549036407470703125e+01
3.643400192260742188e+01
3.671414947509765625e+01
3.561580657958984375e+01
3.508458328247070312e+01
3.598868942260742188e+01
3.609848022460937500e+01
3.583439254760742188e+01
3.565993881225585938e+01
3.581051254272460938e+01
3.742444229125976562e+01
3.817150878906250000e+01
3.834883499145507812e+01
3.715417861938476562e+01
3.669799804687500000e+01
3.602075195312500000e+01
3.669664001464843750e+01
3.636077499389648438e+01
3.552988815307617188e+01
3.502904129028320312e+01
3.429838562011718750e+01
3.295817947387695312e+01
3.327648162841796875e+01
3.459619903564453125e+01
3.657233810424804688e+01
3.670862579345703125e+01
3.626778411865234375e+01
3.508580017089843750e+01
3.523906326293945312e+01
3.574229431152343750e+01
3.664165878295898438e+01
3.595135879516601562e+01
3.603546524047851562e+01
3.595382690429687500e+01
3.622522735595703125e+01
3.599577713012695312e+01
3.567182540893554688e+01
3.439528656005859375e+01
3.355170059204101562e+01
3.401100158691406250e+01
3.393116378784179688e+01
3.372717666625976562e+01
3.418416595458984375e+01
3.561178588867187500e+01
3.711644744873046875e+01
3.780682373046875000e+01
3.756279373168945312e+01
3.663199996948242188e+01
3.558372116088867188e+01
3.575062179565429688e+01
3.560992813110351562e+01
3.471961975097656250e+01
3.423612594604492188e+01
3.630582427978515625e+01
3.614035797119140625e+01
3.524564361572265625e+01
3.341694259643554688e+01
3.385386276245117188e+01
3.363980484008789062e+01
3.439443588256835938e+01
3.476738739013671875e+01
3.511232376098632812e+01
3.446308898925781250e+01
3.443369674682617188e+01
3.463702774047851562e+01
3.470689392089843750e+01
3.373310470581054688e+01
3.393667984008789062e+01
3.416747665405273438e+01
3.483818817138671875e+01
3.541492462158203125e+01
3.648388671875000000e+01
3.631048965454101562e+01
3.585630798339843750e+01
3.596042633056640625e+01
3.584709930419921875e+01
3.500403213500976562e+01
3.483877563476562500e+01
3.461578750610351562e+01
3.479250335693359375e+01
3.464746475219726562e+01
3.496918869018554688e+01
3.449725723266601562e+01
3.427845382690429688e+01
3.453979873657226562e+01
3.470625686645507812e+01
3.433739471435546875e+01
3.426955032348632812e+01
3.451611709594726562e+01
3.502503967285156250e+01
3.534111404418945312e+01
3.611785888671875000e+01
3.640924835205078125e+01
3.659748840332031250e+01
3.732023239135742188e+01
3.670151901245117188e+01
3.643199157714843750e+01
3.523719787597656250e+01
3.484395599365234375e+01
3.492208480834960938e+01
3.592186737060546875e+01
3.584804916381835938e+01
3.557092666625976562e+01
3.553543472290039062e+01
3.528760147094726562e+01
3.593955612182617188e+01
3.644102096557617188e+01
3.610747909545898438e+01
3.547094726562500000e+01
3.526709365844726562e+01
3.572002029418945312e+01
3.553625106811523438e+01
3.391779327392578125e+01
3.367646408081054688e+01
3.470578384399414062e+01
3.499646759033203125e+01
3.493371582031250000e+01
3.584676742553710938e+01
3.592642974853515625e+01
3.515916061401367188e+01
3.427813339233398438e+01
3.514165496826171875e+01
3.574292373657226562e+01
3.579736709594726562e+01
3.439587402343750000e+01
3.437976837158203125e+01
3.389739227294921875e+01
3.434491348266601562e+01
3.555286407470703125e+01
3.550158309936523438e+01
3.479145431518554688e+01
3.511934280395507812e+01
3.551945114135742188e+01
3.529074859619140625e+01
3.420714569091796875e+01
3.360493469238281250e+01
3.398439788818359375e+01
3.578163909912109375e+01
3.543113708496093750e+01
3.500953292846679688e+01
3.413363265991210938e+01
3.414906311035156250e+01
3.465749740600585938e+01
3.461938858032226562e+01
3.491234207153320312e+01
3.404618072509765625e+01
3.423666000366210938e+01
3.417681884765625000e+01
3.505130767822265625e+01
3.503757095336914062e+01
3.432559967041015625e+01
3.381375122070312500e+01
3.493248748779296875e+01
3.550804138183593750e+01
3.515549468994140625e+01
3.542149353027343750e+01
3.525251388549804688e+01
3.543175125122070312e+01
3.591495132446289062e+01
3.706024551391601562e+01
3.689437103271484375e+01
3.559865188598632812e+01
3.560126113891601562e+01
3.582413482666015625e+01
3.667490768432617188e+01
3.587759399414062500e+01
3.634952163696289062e+01
3.701327133178710938e+01
3.653530502319335938e+01
3.473852539062500000e+01
3.377601623535156250e+01
3.536620330810546875e+01
3.600269317626953125e+01
3.517007446289062500e+01
3.489839935302734375e+01
3.481098556518554688e+01
3.543853378295898438e+01
3.488190841674804688e+01
3.467027282714843750e+01
3.439486694335937500e+01
3.425014877319335938e+01
3.389379501342773438e+01
3.411421203613281250e+01
3.481823348999023438e+01
3.564560317993164062e+01
3.475006866455078125e+01
3.459019470214843750e+01
3.493919372558593750e+01
3.500873184204101562e+01
3.473398590087890625e+01
3.467424011230468750e+01
3.471746063232421875e+01
3.454650497436523438e+01
3.496924972534179688e+01
3.390419006347656250e+01
3.296715545654296875e+01
3.288327026367187500e+01
3.359468460083007812e+01
3.524599456787109375e+01
3.569440078735351562e+01
3.545158767700195312e+01
3.469750976562500000e+01
3.467990493774414062e+01
3.396723175048828125e+01
3.399631881713867188e+01
3.415721511840820312e+01
3.425244903564453125e+01
3.392284774780273438e+01
3.397672271728515625e+01
3.458713531494140625e+01
3.533773040771484375e+01
3.585515594482421875e+01
3.578390884399414062e+01
3.566309356689453125e+01
3.501844024658203125e+01
3.446504974365234375e+01
3.440374755859375000e+01
3.458083724975585938e+01
3.446506881713867188e+01
3.446624755859375000e+01
3.459746170043945312e+01
3.381412887573242188e+01
3.387932968139648438e+01
3.415399551391601562e+01
3.524050903320312500e+01
3.563417434692382812e+01
3.517882156372070312e+01
3.373283767700195312e+01
3.350709533691406250e+01
3.532219314575195312e+01
3.643846893310546875e+01
3.564110565185546875e+01
3.455516433715820312e+01
3.403633117675781250e+01
3.414595413208007812e+01
3.478031158447265625e+01
3.613869094848632812e+01
3.648567962646484375e+01
3.637148284912109375e+01
3.658511352539062500e+01
3.649234008789062500e+01
3.642052841186523438e+01
3.548917770385742188e+01
3.538698577880859375e+01
3.472275543212890625e+01
3.553362274169921875e+01
3.634527587890625000e+01
3.569719314575195312e+01
3.439253616333007812e+01
3.486136627197265625e+01
3.558474731445312500e+01
3.554057693481445312e+01
3.616661834716796875e+01
3.740920639038085938e+01
3.827634048461914062e+01
3.820486831665039062e+01
3.668980407714843750e+01
3.656060028076171875e+01
3.615291595458984375e+01
3.563504791259765625e+01
3.491818618774414062e+01
3.505106735229492188e+01
3.736448287963867188e+01
3.805854797363281250e+01
3.673831558227539062e+01
3.617515945434570312e+01
3.531333160400390625e+01
3.512120819091796875e+01
3.551457214355468750e+01
3.534571075439453125e+01
3.546159362792968750e+01
3.510564804077148438e+01
3.530624771118164062e+01
3.593716430664062500e+01
3.609405517578125000e+01
3.629395675659179688e+01
3.583126068115234375e+01
3.431949234008789062e+01
3.441462326049804688e+01
3.579824447631835938e+01
3.597528076171875000e+01
3.457676315307617188e+01
3.461867523193359375e+01
3.559146118164062500e+01
3.584211349487304688e+01
3.440029525756835938e+01
3.216022872924804688e+01
3.097681427001953125e+01
3.133837699890136719e+01
3.408095169067382812e+01
3.637203216552734375e+01
3.641909408569335938e+01
3.610201644897460938e+01
3.570409393310546875e+01
3.488209152221679688e+01
3.437659835815429688e+01
3.354484176635742188e+01
3.348207473754882812e+01
3.310035324096679688e+01
3.327928924560546875e+01
3.454968261718750000e+01
3.582029724121093750e+01
3.538389205932617188e+01
3.481806182861328125e+01
3.549456405639648438e+01
3.602825546264648438e+01
3.452184677124023438e+01
3.294616317749023438e+01
3.200230026245117188e+01
3.358506011962890625e+01
3.516440200805664062e+01
3.435246276855468750e+01
3.283081817626953125e+01
3.256999588012695312e+01
3.259043121337890625e+01
3.306381607055664062e+01
3.410863876342773438e+01
3.490715789794921875e+01
3.722176742553710938e+01
3.792432785034179688e+01
3.682978057861328125e+01
3.673343658447265625e+01
3.533183670043945312e+01
3.445770263671875000e+01
3.601755523681640625e+01
3.708274841308593750e+01
3.448694229125976562e+01
3.336166000366210938e+01
3.458178710937500000e+01
3.445158004760742188e+01
3.423583984375000000e+01
3.418728637695312500e+01
3.514459991455078125e+01
3.620576095581054688e+01
3.579826736450195312e+01
3.518277740478515625e+01
3.480598068237304688e+01
3.361296844482421875e+01
3.258784484863281250e+01
3.316375732421875000e+01
3.387434387207031250e+01
3.318887329101562500e+01
3.260226058959960938e+01
3.332032394409179688e+01
3.435880661010742188e+01
3.456848144531250000e+01
3.437048721313476562e+01
3.439096069335937500e+01
3.589568328857421875e+01
3.680584716796875000e+01
3.511792373657226562e+01
3.447911071777343750e+01
3.422624969482421875e+01
3.338223648071289062e+01
3.375000762939453125e+01
3.258609771728515625e+01
3.162459373474121094e+01
3.311536026000976562e+01
3.504555892944335938e+01
3.474028015136718750e+01
3.436450958251953125e+01
3.521250534057617188e+01
3.595194625854492188e+01
3.554344558715820312e+01
3.489858627319335938e+01
3.438384246826171875e+01
3.421361160278320312e+01
3.390615081787109375e+01
3.338523483276367188e+01
3.260118103027343750e+01
3.274255371093750000e+01
3.439471435546875000e+01
3.461948776245117188e+01
3.496931838989257812e+01
3.527249145507812500e+01
3.474080657958984375e+01
3.542578125000000000e+01
3.483588409423828125e+01
3.476213836669921875e+01
3.599759674072265625e+01
3.587873077392578125e+01
3.462690353393554688e+01
3.508221435546875000e+01
3.430476760864257812e+01
3.341069030761718750e+01
3.331536102294921875e+01
3.423721694946289062e+01
3.431586074829101562e+01
3.318341445922851562e+01
3.330265045166015625e+01
3.444969177246093750e+01
3.457062530517578125e+01
3.390848159790039062e+01
3.320520401000976562e+01
3.365811920166015625e+01
3.539979934692382812e+01
3.612720108032226562e+01
3.529531478881835938e+01
3.457851028442382812e+01
3.360805511474609375e+01
3.387690734863281250e+01
3.510362243652343750e+01
3.477162551879882812e+01
3.550203323364257812e+01
3.663687515258789062e+01
3.503876113891601562e+01
3.541878890991210938e+01
3.564721298217773438e+01
3.569470596313476562e+01
3.661560821533203125e+01
3.660915756225585938e+01
3.681779861450195312e+01
3.701924133300781250e+01
3.600683593750000000e+01
3.677260971069335938e+01
3.576975631713867188e+01
3.483641052246093750e+01
3.438556671142578125e+01
3.403688812255859375e+01
3.375391387939453125e+01
3.268131256103515625e+01
3.317907714843750000e+01
3.395827865600585938e+01
3.487528228759765625e+01
3.416850280761718750e+01
3.418251037597656250e+01
3.385489273071289062e+01
3.270087051391601562e+01
3.179361915588378906e+01
3.283183288574218750e+01
3.422394180297851562e+01
3.290938949584960938e+01
3.153187179565429688e+01
3.299411010742187500e+01
3.543908309936523438e+01
3.616619491577148438e+01
3.488514328002929688e+01
3.461371612548828125e+01
3.504740524291992188e+01
3.383586502075195312e+01
3.366344833374023438e+01
3.407463455200195312e+01
3.342998504638671875e+01
3.290686416625976562e+01
3.280798721313476562e+01
3.305225753784179688e+01
3.404418945312500000e+01
3.372241210937500000e+01
3.303945541381835938e+01
3.301361465454101562e+01
3.246091079711914062e+01
3.227906036376953125e+01
3.284185028076171875e+01
3.216841125488281250e+01
3.193464279174804688e+01
3.255643081665039062e+01
3.368487167358398438e+01
3.371150970458984375e+01
3.423474121093750000e+01
3.453254699707031250e+01
3.408164215087890625e+01
3.414187240600585938e+01
3.504978561401367188e+01
3.610735702514648438e+01
3.463603973388671875e+01
3.302792358398437500e+01
3.355129623413085938e+01
3.306759643554687500e+01
3.206691741943359375e+01
3.150338172912597656e+01
3.176964187622070312e+01
3.359023666381835938e+01
3.384917449951171875e+01
3.290970230102539062e+01
3.404775238037109375e+01
3.380535507202148438e+01
3.300303649902343750e+01
3.295157623291015625e+01
3.289487457275390625e+01
3.281167221069335938e+01
3.288672256469726562e+01
3.270621109008789062e+01
3.195347595214843750e+01
3.387158203125000000e+01
3.495122909545898438e+01
3.321892547607421875e+01
3.176765060424804688e+01
3.136464500427246094e+01
3.212866973876953125e+01
3.281518173217773438e+01
3.204447937011718750e+01
3.186648941040039062e+01
3.221937179565429688e+01
3.206460189819335938e+01
3.138183212280273438e+01
3.200547790527343750e+01
3.318308258056640625e+01
3.338409423828125000e+01
3.329724884033203125e+01
3.359237670898437500e+01
3.282851791381835938e+01
3.256267929077148438e+01
3.231922149658203125e+01
3.142102432250976562e+01
3.167248535156250000e+01
3.210656738281250000e+01
3.206618499755859375e+01
3.328136062622070312e+01
3.447509002685546875e+01
3.378439712524414062e+01
3.368422317504882812e+01
3.391363525390625000e+01
3.329644775390625000e+01
3.276045608520507812e+01
3.243000030517578125e+01
3.377846908569335938e+01
3.460344314575195312e+01
3.421554946899414062e+01
3.315592956542968750e+01
3.240157699584960938e+01
3.206250381469726562e+01
3.135910034179687500e+01
3.190655708312988281e+01
3.278704071044921875e+01
3.279455947875976562e+01
3.244495773315429688e+01
3.259991455078125000e+01
3.124173736572265625e+01
3.075193023681640625e+01
3.073908996582031250e+01
3.183257675170898438e+01
3.262336349487304688e+01
3.339868545532226562e+01
3.330856323242187500e+01
3.247125244140625000e+01
3.271340179443359375e+01
3.221370697021484375e+01
3.303492355346679688e+01
3.324558639526367188e+01
3.166887092590332031e+01
3.171879959106445312e+01
3.281845474243164062e+01
3.202363586425781250e+01
3.090849685668945312e+01
3.138961601257324219e+01
3.201908111572265625e+01
3.019285202026367188e+01
3.001764297485351562e+01
3.264683151245117188e+01
3.210731506347656250e+01
3.198551559448242188e+01
3.316559600830078125e+01
3.364820098876953125e+01
3.337346649169921875e+01
3.194294357299804688e+01
3.251966476440429688e+01
3.212495040893554688e+01
3.061364173889160156e+01
3.126185417175292969e+01
3.296187973022460938e+01
3.333850097656250000e+01
3.173694419860839844e+01
3.209512329101562500e+01
3.396350097656250000e+01
3.285933685302734375e+01
3.144340515136718750e+01
3.189310455322265625e+01
3.193542671203613281e+01
3.242617034912109375e+01
3.236778259277343750e+01
3.396593093872070312e+01
3.377294158935546875e+01
3.237243270874023438e+01
3.138536071777343750e+01
2.993789482116699219e+01
3.022843170166015625e+01
3.212910461425781250e+01
3.370957946777343750e+01
3.367528533935546875e+01
3.366281509399414062e+01
3.245791244506835938e+01
3.073570442199707031e+01
3.144930076599121094e+01
3.130451583862304688e+01
3.078297233581542969e+01
3.213755798339843750e+01
3.181805610656738281e+01
3.134593772888183594e+01
3.186863708496093750e+01
3.150932502746582031e+01
2.981806945800781250e+01
3.022091674804687500e+01
3.305281066894531250e+01
3.168335533142089844e+01
2.849755668640136719e+01
2.958805274963378906e+01
3.079560470581054688e+01
3.112169456481933594e+01
3.036407470703125000e+01
2.925488281250000000e+01
3.016334533691406250e+01
3.043352127075195312e+01
3.042036247253417969e+01
3.222350311279296875e+01
3.257177352905273438e+01
3.196464729309082031e+01
3.223159027099609375e+01
3.166989517211914062e+01
3.120235252380371094e+01
3.215117645263671875e+01
3.155168724060058594e+01
3.088603401184082031e+01
3.102643203735351562e+01
3.055901908874511719e+01
3.098422050476074219e+01
3.190698242187500000e+01
3.158981513977050781e+01
3.015926170349121094e+01
2.969141197204589844e+01
3.127528381347656250e+01
3.235527801513671875e+01
3.156657600402832031e+01
3.110552787780761719e+01
3.104675865173339844e+01
3.090901565551757812e+01
3.038954925537109375e+01
3.051837348937988281e+01
3.228068161010742188e+01
3.219610595703125000e+01
2.990067100524902344e+01
3.107419204711914062e+01
3.258180236816406250e+01
3.203857040405273438e+01
3.065776824951171875e+01
2.989797973632812500e+01
3.092631149291992188e+01
3.143160057067871094e+01
3.077822303771972656e+01
2.963977622985839844e+01
3.023311233520507812e+01
3.067662620544433594e+01
3.049402809143066406e+01
3.063451576232910156e+01
3.128981399536132812e+01
3.323189163208007812e+01
3.284160614013671875e+01
3.273780059814453125e+01
3.380193328857421875e+01
3.130870437622070312e+01
3.094051170349121094e+01
3.252650070190429688e+01
3.215893554687500000e+01
3.086207771301269531e+01
2.832044219970703125e+01
2.788410186767578125e+01
2.857595252990722656e+01
2.820896720886230469e+01
3.062332916259765625e+01
3.193693161010742188e+01
2.919574546813964844e+01
2.907619476318359375e+01
3.193733596801757812e+01
3.113675308227539062e+01
3.035616493225097656e+01
3.182027053833007812e+01
3.180829429626464844e+01
2.828584480285644531e+01
2.701478004455566406e+01
2.836603355407714844e+01
2.915916061401367188e+01
3.135622406005859375e+01
3.262081909179687500e+01
3.180600929260253906e+01
3.125864791870117188e+01
3.067348861694335938e+01
3.002614212036132812e+01
2.779952430725097656e+01
2.526680564880371094e+01
2.494281959533691406e+01
2.708099174499511719e+01
3.029010963439941406e+01
3.151487731933593750e+01
3.012670516967773438e+01
2.607113075256347656e+01
2.471313476562500000e+01
2.630748748779296875e+01
3.037659263610839844e+01
3.259430313110351562e+01
2.989585494995117188e+01
2.456210708618164062e+01
2.417646980285644531e+01
2.719779968261718750e+01
2.568479156494140625e+01
2.712791633605957031e+01
2.833166885375976562e+01
2.988049888610839844e+01
3.063359069824218750e+01
3.060344505310058594e+01
2.949336051940917969e+01
2.711628532409667969e+01
2.974582862854003906e+01
3.234709548950195312e+01
3.025397300720214844e+01
2.760745429992675781e+01
2.877100944519042969e+01
2.883581161499023438e+01
2.875198936462402344e+01
3.330661773681640625e+01
3.515072250366210938e+01
3.313481140136718750e+01
3.430129623413085938e+01
3.535931396484375000e+01
3.301539611816406250e+01
3.377552413940429688e+01
2.927011489868164062e+01
2.251856422424316406e+01
2.517573356628417969e+01
2.784047126770019531e+01
3.197400665283203125e+01
3.784884643554687500e+01
3.843333435058593750e+01
3.240620803833007812e+01
2.998741149902343750e+01
2.529435348510742188e+01
2.053327178955078125e+01
2.296010780334472656e+01
3.142909812927246094e+01
3.098554420471191406e+01
2.972696685791015625e+01
4.632142257690429688e+01
4.969260406494140625e+01
4.271187591552734375e+01
3.935052871704101562e+01
4.020730972290039062e+01
2.310604286193847656e+01
2.108851242065429688e+01
4.666559219360351562e+01
5.340620422363281250e+01
3.754102325439453125e+01
3.253389358520507812e+01
1.871983146667480469e+01
nan
nan
nan
