nan
nan
nan
nan
nan
nan
nan
nan
nan
nan
nan
nan
nan
nan
nan
nan
nan
nan
5.034908771514892578e+00
6.606907844543457031e+00
7.441200256347656250e+00
7.726198673248291016e+00
7.581625938415527344e+00
6.435047626495361328e+00
5.493408679962158203e+00
5.415853977203369141e+00
5.089772224426269531e+00
4.569362163543701172e+00
5.186460018157958984e+00
5.387911796569824219e+00
5.831306934356689453e+00
7.115591049194335938e+00
7.584186553955078125e+00
6.863618850708007812e+00
5.506965160369873047e+00
6.636533260345458984e+00
6.739259243011474609e+00
5.172170639038085938e+00
5.041452884674072266e+00
4.208895683288574219e+00
4.776096343994140625e+00
5.649250984191894531e+00
6.473247051239013672e+00
6.404955863952636719e+00
6.777644157409667969e+00
6.681906700134277344e+00
5.295373916625976562e+00
5.527342796325683594e+00
6.078326225280761719e+00
5.712774276733398438e+00
5.201836585998535156e+00
5.112471103668212891e+00
5.609436988830566406e+00
5.683353900909423828e+00
5.941270351409912109e+00
6.021651268005371094e+00
5.294696331024169922e+00
5.285181522369384766e+00
7.136305809020996094e+00
7.450007915496826172e+00
6.167500972747802734e+00
6.811863422393798828e+00
7.100682258605957031e+00
6.315009117126464844e+00
6.249902725219726562e+00
6.313584327697753906e+00
7.469444751739501953e+00
7.512734413146972656e+00
6.221948623657226562e+00
6.349131584167480469e+00
7.301690578460693359e+00
8.649849891662597656e+00
8.265008926391601562e+00
7.207154273986816406e+00
6.623764991760253906e+00
5.965808391571044922e+00
6.722940921783447266e+00
6.591862201690673828e+00
5.992496013641357422e+00
7.167077064514160156e+00
7.100889682769775391e+00
6.802924633026123047e+00
6.843332767486572266e+00
6.678100585937500000e+00
6.861052989959716797e+00
6.662423133850097656e+00
6.433896064758300781e+00
6.266131401062011719e+00
6.259162902832031250e+00
6.553107261657714844e+00
6.921839714050292969e+00
7.240043640136718750e+00
7.281287193298339844e+00
6.812716007232666016e+00
6.229812622070312500e+00
7.047250270843505859e+00
7.301708221435546875e+00
7.422610759735107422e+00
8.591052055358886719e+00
8.418465614318847656e+00
6.873027324676513672e+00
5.127367496490478516e+00
6.200306892395019531e+00
7.439152240753173828e+00
7.638484477996826172e+00
8.183874130249023438e+00
8.393268585205078125e+00
8.204703330993652344e+00
6.938178539276123047e+00
5.751729965209960938e+00
7.168977737426757812e+00
7.210616588592529297e+00
6.850179195404052734e+00
6.837382793426513672e+00
7.370138645172119141e+00
7.109073162078857422e+00
6.018099308013916016e+00
6.192840099334716797e+00
7.577423095703125000e+00
7.925765991210937500e+00
7.839486598968505859e+00
7.687196731567382812e+00
7.200040340423583984e+00
6.769422054290771484e+00
6.929561138153076172e+00
7.739043712615966797e+00
8.327384948730468750e+00
7.711666584014892578e+00
7.235923290252685547e+00
6.767425060272216797e+00
5.666360855102539062e+00
6.113676548004150391e+00
7.348909854888916016e+00
7.559165477752685547e+00
6.480783939361572266e+00
5.342163085937500000e+00
6.189722537994384766e+00
7.638358592987060547e+00
8.094396591186523438e+00
7.190108299255371094e+00
6.882192134857177734e+00
7.275180816650390625e+00
7.395617008209228516e+00
6.610686302185058594e+00
6.188254356384277344e+00
6.896415233612060547e+00
7.132248878479003906e+00
6.764878273010253906e+00
6.279311656951904297e+00
6.747103214263916016e+00
7.360491275787353516e+00
6.554063320159912109e+00
5.839010715484619141e+00
6.203121662139892578e+00
6.749546527862548828e+00
6.392122268676757812e+00
5.182175159454345703e+00
6.292269706726074219e+00
7.137232780456542969e+00
7.022985458374023438e+00
7.004909992218017578e+00
7.249141216278076172e+00
7.692669391632080078e+00
8.237442970275878906e+00
7.079976081848144531e+00
6.829246044158935547e+00
7.448842525482177734e+00
8.038100242614746094e+00
7.769845008850097656e+00
6.497724533081054688e+00
6.040903091430664062e+00
6.591585636138916016e+00
7.019087791442871094e+00
7.195251464843750000e+00
7.383861064910888672e+00
7.160662651062011719e+00
7.022382259368896484e+00
6.881394863128662109e+00
6.357881069183349609e+00
7.297607421875000000e+00
7.815929889678955078e+00
7.025856494903564453e+00
6.769279479980468750e+00
6.881770610809326172e+00
7.133944988250732422e+00
7.060788631439208984e+00
7.461372852325439453e+00
7.723436355590820312e+00
7.696957111358642578e+00
6.857997417449951172e+00
7.107479572296142578e+00
7.561479091644287109e+00
6.729689598083496094e+00
7.034234046936035156e+00
7.579095363616943359e+00
7.267515659332275391e+00
7.307344436645507812e+00
7.396295547485351562e+00
7.787307262420654297e+00
7.982245445251464844e+00
7.174987316131591797e+00
7.168120861053466797e+00
7.255733966827392578e+00
7.598308563232421875e+00
7.134722709655761719e+00
6.512800216674804688e+00
6.652332782745361328e+00
7.542652130126953125e+00
7.298597812652587891e+00
7.170883178710937500e+00
7.808165073394775391e+00
7.924006938934326172e+00
7.372941493988037109e+00
6.708899974822998047e+00
6.729340076446533203e+00
6.958392620086669922e+00
7.088811874389648438e+00
7.473859786987304688e+00
8.039579391479492188e+00
7.847708702087402344e+00
7.525363445281982422e+00
7.336886405944824219e+00
7.895175457000732422e+00
7.669265747070312500e+00
7.141701221466064453e+00
7.102184295654296875e+00
6.939004421234130859e+00
7.229382038116455078e+00
7.464216709136962891e+00
7.229444503784179688e+00
7.216785907745361328e+00
8.087979316711425781e+00
7.741800308227539062e+00
6.859840393066406250e+00
6.780156135559082031e+00
7.001108169555664062e+00
6.889011383056640625e+00
7.172676563262939453e+00
8.032830238342285156e+00
8.130804061889648438e+00
7.838279724121093750e+00
7.319628715515136719e+00
7.249402999877929688e+00
7.492948055267333984e+00
7.645990848541259766e+00
7.462008953094482422e+00
6.798514842987060547e+00
7.045374870300292969e+00
6.964166641235351562e+00
6.018960952758789062e+00
5.530486106872558594e+00
6.005640029907226562e+00
6.619318008422851562e+00
6.695120811462402344e+00
6.663299560546875000e+00
7.527975082397460938e+00
8.264238357543945312e+00
8.415252685546875000e+00
7.668891429901123047e+00
7.460137367248535156e+00
8.055596351623535156e+00
8.066545486450195312e+00
7.688064575195312500e+00
7.522668838500976562e+00
6.980891704559326172e+00
7.128952980041503906e+00
7.700176239013671875e+00
7.645511627197265625e+00
7.666243076324462891e+00
7.535544395446777344e+00
7.204511165618896484e+00
6.731528759002685547e+00
6.954267501831054688e+00
7.595749378204345703e+00
8.073872566223144531e+00
8.084199905395507812e+00
7.831890106201171875e+00
7.344667434692382812e+00
6.827769279479980469e+00
6.693076133728027344e+00
6.438706398010253906e+00
6.397202491760253906e+00
7.157473087310791016e+00
7.401688098907470703e+00
7.616908550262451172e+00
7.636861801147460938e+00
7.435267448425292969e+00
7.747663974761962891e+00
7.563138008117675781e+00
6.675168037414550781e+00
6.336310863494873047e+00
6.447885036468505859e+00
6.499349594116210938e+00
6.341958045959472656e+00
6.498505115509033203e+00
6.231239795684814453e+00
5.979373931884765625e+00
5.987211227416992188e+00
6.313747406005859375e+00
6.711478233337402344e+00
7.307426929473876953e+00
7.484232425689697266e+00
7.418415546417236328e+00
7.215941905975341797e+00
7.314909934997558594e+00
7.186518192291259766e+00
7.233230113983154297e+00
7.909614086151123047e+00
7.964843273162841797e+00
7.526287078857421875e+00
7.522160530090332031e+00
8.032239913940429688e+00
8.370965957641601562e+00
8.066563606262207031e+00
6.932762145996093750e+00
7.153830528259277344e+00
7.612880229949951172e+00
7.860329151153564453e+00
7.601033687591552734e+00
6.883253574371337891e+00
6.707608222961425781e+00
7.101840972900390625e+00
7.557105541229248047e+00
7.419468879699707031e+00
7.413856983184814453e+00
7.479915618896484375e+00
7.459271430969238281e+00
6.980379104614257812e+00
7.346605777740478516e+00
7.468602657318115234e+00
7.552572250366210938e+00
7.541969776153564453e+00
7.699104785919189453e+00
7.956188201904296875e+00
7.869356155395507812e+00
7.352633476257324219e+00
6.422631740570068359e+00
6.600957870483398438e+00
7.462320327758789062e+00
7.879501819610595703e+00
7.365381717681884766e+00
6.665241241455078125e+00
6.060436248779296875e+00
6.245475769042968750e+00
7.038791179656982422e+00
7.192652225494384766e+00
7.313637733459472656e+00
7.865963459014892578e+00
8.240757942199707031e+00
8.077713012695312500e+00
8.264998435974121094e+00
8.353486061096191406e+00
8.524814605712890625e+00
8.125284194946289062e+00
7.443774223327636719e+00
7.441388607025146484e+00
8.433954238891601562e+00
8.393774986267089844e+00
7.850698471069335938e+00
7.671376228332519531e+00
7.915136337280273438e+00
7.870038509368896484e+00
8.418693542480468750e+00
8.888444900512695312e+00
8.855855941772460938e+00
8.073272705078125000e+00
7.435451984405517578e+00
7.977180957794189453e+00
8.333339691162109375e+00
8.002540588378906250e+00
7.851254463195800781e+00
8.068247795104980469e+00
7.687617301940917969e+00
8.202938079833984375e+00
8.787047386169433594e+00
8.475386619567871094e+00
8.165126800537109375e+00
8.540273666381835938e+00
8.592231750488281250e+00
8.076569557189941406e+00
8.089873313903808594e+00
8.923806190490722656e+00
8.613027572631835938e+00
7.956408500671386719e+00
7.935958385467529297e+00
8.597537040710449219e+00
8.958303451538085938e+00
8.876953125000000000e+00
8.460968017578125000e+00
9.184878349304199219e+00
9.053782463073730469e+00
8.319785118103027344e+00
7.893485069274902344e+00
8.251604080200195312e+00
8.338247299194335938e+00
8.527401924133300781e+00
8.626255035400390625e+00
8.514802932739257812e+00
8.499889373779296875e+00
8.000504493713378906e+00
8.094810485839843750e+00
8.374294281005859375e+00
8.082784652709960938e+00
8.192997932434082031e+00
8.130771636962890625e+00
8.775940895080566406e+00
8.856158256530761719e+00
7.668495178222656250e+00
7.046504974365234375e+00
7.505920886993408203e+00
8.051716804504394531e+00
8.439733505249023438e+00
8.238218307495117188e+00
8.156257629394531250e+00
8.321215629577636719e+00
8.621565818786621094e+00
9.336019515991210938e+00
9.607779502868652344e+00
9.218897819519042969e+00
9.277058601379394531e+00
8.943864822387695312e+00
8.215071678161621094e+00
8.029808998107910156e+00
8.109660148620605469e+00
8.366183280944824219e+00
8.886432647705078125e+00
9.181388854980468750e+00
8.464249610900878906e+00
8.116167068481445312e+00
8.340083122253417969e+00
8.740888595581054688e+00
8.630595207214355469e+00
8.647186279296875000e+00
8.255404472351074219e+00
7.931612014770507812e+00
8.537518501281738281e+00
9.085892677307128906e+00
9.091942787170410156e+00
8.771147727966308594e+00
8.507492065429687500e+00
8.477447509765625000e+00
8.056024551391601562e+00
8.043642044067382812e+00
9.025072097778320312e+00
9.280662536621093750e+00
9.615069389343261719e+00
9.208381652832031250e+00
8.708650588989257812e+00
9.032246589660644531e+00
9.102986335754394531e+00
8.533731460571289062e+00
8.894939422607421875e+00
8.892230033874511719e+00
9.114222526550292969e+00
9.360238075256347656e+00
8.998453140258789062e+00
9.410098075866699219e+00
9.558342933654785156e+00
9.249164581298828125e+00
9.435990333557128906e+00
9.796922683715820312e+00
9.826838493347167969e+00
8.811047554016113281e+00
7.999859809875488281e+00
7.785066604614257812e+00
7.673380374908447266e+00
8.017770767211914062e+00
8.507289886474609375e+00
8.340953826904296875e+00
8.027640342712402344e+00
8.113060951232910156e+00
8.695968627929687500e+00
9.421440124511718750e+00
9.754343032836914062e+00
9.834224700927734375e+00
9.851713180541992188e+00
9.513269424438476562e+00
9.060892105102539062e+00
8.965493202209472656e+00
8.733380317687988281e+00
8.705918312072753906e+00
9.048609733581542969e+00
9.007264137268066406e+00
8.741968154907226562e+00
8.304933547973632812e+00
8.558691978454589844e+00
8.937930107116699219e+00
9.158169746398925781e+00
8.689763069152832031e+00
9.244517326354980469e+00
9.216361045837402344e+00
9.634017944335937500e+00
9.596355438232421875e+00
9.423809051513671875e+00
9.409214019775390625e+00
1.006413841247558594e+01
9.944849014282226562e+00
9.516300201416015625e+00
9.274114608764648438e+00
9.564429283142089844e+00
9.496081352233886719e+00
9.555301666259765625e+00
8.756433486938476562e+00
8.631284713745117188e+00
8.505939483642578125e+00
9.198928833007812500e+00
9.480484962463378906e+00
9.326592445373535156e+00
9.491405487060546875e+00
1.041206932067871094e+01
1.042400169372558594e+01
9.257543563842773438e+00
8.832768440246582031e+00
8.904581069946289062e+00
9.133822441101074219e+00
9.497342109680175781e+00
1.015168190002441406e+01
9.870592117309570312e+00
9.852771759033203125e+00
9.352857589721679688e+00
8.800369262695312500e+00
8.727684020996093750e+00
9.224387168884277344e+00
9.454207420349121094e+00
9.806742668151855469e+00
9.885539054870605469e+00
9.666767120361328125e+00
9.569458961486816406e+00
9.722199440002441406e+00
9.922453880310058594e+00
9.832880973815917969e+00
9.841649055480957031e+00
9.954209327697753906e+00
1.003236293792724609e+01
9.879092216491699219e+00
9.693412780761718750e+00
9.507754325866699219e+00
9.910440444946289062e+00
1.016712474822998047e+01
1.029815959930419922e+01
1.002766799926757812e+01
1.025990295410156250e+01
1.045856285095214844e+01
1.032223701477050781e+01
9.795456886291503906e+00
9.862024307250976562e+00
1.005195617675781250e+01
9.746619224548339844e+00
9.119505882263183594e+00
9.328959465026855469e+00
9.412649154663085938e+00
9.639123916625976562e+00
1.011827278137207031e+01
1.046962642669677734e+01
1.025344276428222656e+01
1.031272506713867188e+01
1.041017436981201172e+01
9.699971199035644531e+00
9.322836875915527344e+00
1.014126396179199219e+01
1.059020996093750000e+01
9.983700752258300781e+00
9.331999778747558594e+00
9.689747810363769531e+00
1.028642559051513672e+01
1.016376304626464844e+01
9.317520141601562500e+00
9.500876426696777344e+00
1.010284805297851562e+01
1.040511322021484375e+01
1.023452377319335938e+01
9.902938842773437500e+00
9.799514770507812500e+00
1.020092773437500000e+01
1.037062168121337891e+01
1.053174591064453125e+01
1.095636940002441406e+01
1.061462020874023438e+01
1.036597633361816406e+01
1.075971317291259766e+01
1.108592796325683594e+01
1.057988452911376953e+01
1.066041851043701172e+01
1.004237174987792969e+01
9.855161666870117188e+00
9.392922401428222656e+00
9.692252159118652344e+00
1.002227020263671875e+01
1.071774673461914062e+01
1.045720195770263672e+01
1.027516746520996094e+01
9.972617149353027344e+00
9.694426536560058594e+00
9.806596755981445312e+00
1.053630161285400391e+01
1.099929904937744141e+01
1.095036602020263672e+01
1.092210197448730469e+01
1.118035793304443359e+01
1.071298980712890625e+01
1.043527698516845703e+01
1.099957180023193359e+01
1.142297840118408203e+01
1.147230434417724609e+01
1.076851844787597656e+01
1.065424919128417969e+01
1.101853942871093750e+01
1.118847656250000000e+01
1.130914402008056641e+01
1.133172988891601562e+01
1.111154365539550781e+01
1.130289268493652344e+01
1.181299686431884766e+01
1.212936878204345703e+01
1.179468059539794922e+01
1.062630367279052734e+01
1.011419773101806641e+01
1.085713386535644531e+01
1.133871364593505859e+01
1.117089176177978516e+01
1.107544136047363281e+01
1.130486583709716797e+01
1.103146362304687500e+01
1.097578525543212891e+01
1.148003005981445312e+01
1.195219802856445312e+01
1.173548126220703125e+01
1.113195133209228516e+01
1.146603298187255859e+01
1.191469955444335938e+01
1.129386806488037109e+01
1.050225353240966797e+01
1.035028362274169922e+01
1.110246372222900391e+01
1.133951282501220703e+01
1.121763420104980469e+01
1.124596977233886719e+01
1.187642002105712891e+01
1.179398822784423828e+01
1.130171585083007812e+01
1.175144481658935547e+01
1.165345573425292969e+01
1.155188941955566406e+01
1.157783222198486328e+01
1.151669502258300781e+01
1.191043090820312500e+01
1.234645175933837891e+01
1.253432083129882812e+01
1.207857131958007812e+01
1.134660148620605469e+01
1.152624702453613281e+01
1.171040534973144531e+01
1.155579280853271484e+01
1.134739971160888672e+01
1.174146080017089844e+01
1.260146522521972656e+01
1.324090576171875000e+01
1.290911388397216797e+01
1.234792423248291016e+01
1.188588237762451172e+01
1.259480285644531250e+01
1.264412879943847656e+01
1.217475605010986328e+01
1.199995040893554688e+01
1.240277004241943359e+01
1.219018363952636719e+01
1.147657012939453125e+01
1.142979717254638672e+01
1.156065368652343750e+01
1.172200679779052734e+01
1.187826919555664062e+01
1.212914085388183594e+01
1.208513545989990234e+01
1.215045261383056641e+01
1.190503883361816406e+01
1.239970302581787109e+01
1.293000984191894531e+01
1.274338531494140625e+01
1.208167743682861328e+01
1.160433864593505859e+01
1.197504711151123047e+01
1.235570907592773438e+01
1.193379020690917969e+01
1.179713726043701172e+01
1.241413116455078125e+01
1.284850025177001953e+01
1.323294067382812500e+01
1.350166130065917969e+01
1.357594299316406250e+01
1.335885238647460938e+01
1.327960395812988281e+01
1.330047321319580078e+01
1.345841693878173828e+01
1.303661918640136719e+01
1.306709861755371094e+01
1.255244255065917969e+01
1.271249294281005859e+01
1.297280502319335938e+01
1.298293495178222656e+01
1.273534774780273438e+01
1.249784755706787109e+01
1.292620563507080078e+01
1.299110698699951172e+01
1.281325531005859375e+01
1.305875205993652344e+01
1.315584659576416016e+01
1.342850303649902344e+01
1.247793769836425781e+01
1.232882213592529297e+01
1.228699588775634766e+01
1.242040443420410156e+01
1.258590698242187500e+01
1.300240230560302734e+01
1.308958339691162109e+01
1.282243919372558594e+01
1.252571773529052734e+01
1.241068172454833984e+01
1.190131187438964844e+01
1.224690055847167969e+01
1.266001605987548828e+01
1.359079551696777344e+01
1.392662811279296875e+01
1.393822097778320312e+01
1.400430583953857422e+01
1.354257392883300781e+01
1.258655261993408203e+01
1.236534309387207031e+01
1.237502002716064453e+01
1.243698406219482422e+01
1.227150535583496094e+01
1.269468116760253906e+01
1.303038597106933594e+01
1.336266326904296875e+01
1.357550907135009766e+01
1.350511837005615234e+01
1.317437744140625000e+01
1.314312076568603516e+01
1.344262599945068359e+01
1.369590187072753906e+01
1.367714881896972656e+01
1.332184219360351562e+01
1.291161251068115234e+01
1.280698966979980469e+01
1.346323585510253906e+01
1.340819358825683594e+01
1.287446689605712891e+01
1.258477687835693359e+01
1.261290264129638672e+01
1.295638465881347656e+01
1.303239059448242188e+01
1.260514354705810547e+01
1.255115509033203125e+01
1.261744403839111328e+01
1.290965843200683594e+01
1.295512580871582031e+01
1.335615921020507812e+01
1.413271141052246094e+01
1.382709407806396484e+01
1.319931983947753906e+01
1.317360782623291016e+01
1.300883293151855469e+01
1.329904079437255859e+01
1.274935054779052734e+01
1.291081047058105469e+01
1.322301769256591797e+01
1.419209861755371094e+01
1.432699394226074219e+01
1.378881072998046875e+01
1.332465744018554688e+01
1.335949516296386719e+01
1.324403285980224609e+01
1.305294227600097656e+01
1.365296554565429688e+01
1.399975872039794922e+01
1.387896537780761719e+01
1.405894088745117188e+01
1.413690376281738281e+01
1.397296619415283203e+01
1.408759403228759766e+01
1.392035961151123047e+01
1.393998622894287109e+01
1.368353462219238281e+01
1.344174289703369141e+01
1.294184303283691406e+01
1.295001792907714844e+01
1.340348434448242188e+01
1.357318210601806641e+01
1.345632743835449219e+01
1.311362552642822266e+01
1.307222843170166016e+01
1.272193622589111328e+01
1.282944583892822266e+01
1.317030906677246094e+01
1.320047855377197266e+01
1.276709175109863281e+01
1.286965465545654297e+01
1.304051685333251953e+01
1.329370784759521484e+01
1.416143608093261719e+01
1.450752258300781250e+01
1.434496879577636719e+01
1.352239990234375000e+01
1.263266181945800781e+01
1.237946224212646484e+01
1.275708389282226562e+01
1.290680694580078125e+01
1.329062747955322266e+01
1.356933498382568359e+01
1.334582328796386719e+01
1.294035720825195312e+01
1.287275314331054688e+01
1.365542316436767578e+01
1.389894390106201172e+01
1.357305431365966797e+01
1.302206230163574219e+01
1.282388114929199219e+01
1.284318828582763672e+01
1.295286655426025391e+01
1.312234973907470703e+01
1.272818374633789062e+01
1.274159145355224609e+01
1.314233684539794922e+01
1.333656978607177734e+01
1.336888313293457031e+01
1.304211711883544922e+01
1.335933876037597656e+01
1.397749900817871094e+01
1.364992332458496094e+01
1.319452857971191406e+01
1.328263568878173828e+01
1.388219833374023438e+01
1.331057929992675781e+01
1.293521213531494141e+01
1.318251037597656250e+01
1.354307270050048828e+01
1.377600002288818359e+01
1.389361858367919922e+01
1.358525753021240234e+01
1.283534240722656250e+01
1.261043834686279297e+01
1.297267818450927734e+01
1.287149143218994141e+01
1.305979347229003906e+01
1.302592468261718750e+01
1.331370067596435547e+01
1.306767272949218750e+01
1.350505638122558594e+01
1.347469997406005859e+01
1.318877410888671875e+01
1.291831588745117188e+01
1.285858535766601562e+01
1.346136665344238281e+01
1.321229648590087891e+01
1.308308982849121094e+01
1.249108600616455078e+01
1.216278648376464844e+01
1.173334598541259766e+01
1.208526515960693359e+01
1.299252891540527344e+01
1.352167701721191406e+01
1.307497406005859375e+01
1.287902069091796875e+01
1.286841011047363281e+01
1.270279216766357422e+01
1.240768527984619141e+01
1.178870391845703125e+01
1.185239219665527344e+01
1.203689861297607422e+01
1.233479499816894531e+01
1.227056503295898438e+01
1.193385219573974609e+01
1.204179382324218750e+01
1.262098693847656250e+01
1.296171569824218750e+01
1.291133689880371094e+01
1.246464347839355469e+01
1.197037315368652344e+01
1.216808319091796875e+01
1.243472290039062500e+01
1.226567459106445312e+01
1.244499683380126953e+01
1.218655681610107422e+01
1.196012687683105469e+01
1.182363414764404297e+01
1.149180793762207031e+01
1.171853923797607422e+01
1.182324028015136719e+01
1.194540882110595703e+01
1.213589668273925781e+01
1.247124004364013672e+01
1.232456779479980469e+01
1.179497814178466797e+01
1.139116668701171875e+01
1.155084705352783203e+01
1.175600051879882812e+01
1.130273342132568359e+01
1.136536216735839844e+01
1.182794284820556641e+01
1.237832450866699219e+01
1.217666435241699219e+01
1.191072845458984375e+01
1.189013004302978516e+01
1.225361919403076172e+01
1.213646697998046875e+01
1.147292041778564453e+01
1.072599601745605469e+01
1.084665012359619141e+01
1.105303764343261719e+01
1.159412860870361328e+01
1.175608539581298828e+01
1.152554130554199219e+01
1.091695499420166016e+01
1.060363674163818359e+01
1.117415904998779297e+01
1.166486549377441406e+01
1.159815311431884766e+01
1.108918380737304688e+01
1.079520511627197266e+01
1.100984573364257812e+01
1.143651199340820312e+01
1.202577590942382812e+01
1.192070770263671875e+01
1.134131622314453125e+01
1.125468635559082031e+01
1.111158370971679688e+01
1.186292934417724609e+01
1.215158939361572266e+01
1.208693981170654297e+01
1.150035667419433594e+01
1.155079364776611328e+01
1.129459476470947266e+01
1.106470108032226562e+01
1.103594398498535156e+01
1.118639373779296875e+01
1.122000122070312500e+01
1.075416946411132812e+01
1.071067523956298828e+01
1.099766063690185547e+01
1.108227062225341797e+01
1.058009815216064453e+01
1.023584365844726562e+01
1.045507144927978516e+01
1.107017612457275391e+01
1.107188224792480469e+01
1.097287940979003906e+01
1.058275794982910156e+01
1.088835906982421875e+01
1.117559051513671875e+01
1.154820728302001953e+01
1.141073131561279297e+01
1.153586483001708984e+01
1.117603588104248047e+01
1.066589736938476562e+01
1.095450496673583984e+01
1.094402217864990234e+01
1.067854404449462891e+01
1.047431087493896484e+01
1.053442955017089844e+01
1.052738094329833984e+01
1.066842460632324219e+01
1.105042266845703125e+01
1.132554912567138672e+01
1.115577793121337891e+01
1.126362895965576172e+01
1.110380935668945312e+01
1.089409351348876953e+01
1.097645378112792969e+01
1.118485164642333984e+01
1.108058452606201172e+01
1.120550632476806641e+01
1.107215595245361328e+01
1.074672222137451172e+01
1.078477191925048828e+01
1.051844215393066406e+01
1.044268894195556641e+01
1.067267894744873047e+01
1.114905738830566406e+01
1.131486701965332031e+01
1.123490238189697266e+01
1.118504142761230469e+01
1.113702392578125000e+01
1.095684814453125000e+01
1.087337875366210938e+01
1.063867092132568359e+01
1.078153514862060547e+01
1.101783943176269531e+01
1.105163955688476562e+01
1.077404689788818359e+01
1.040113735198974609e+01
1.002433967590332031e+01
1.000004005432128906e+01
1.037669467926025391e+01
1.046794509887695312e+01
1.061388111114501953e+01
1.083044910430908203e+01
1.071103572845458984e+01
1.032227706909179688e+01
9.914572715759277344e+00
1.000500965118408203e+01
1.014293766021728516e+01
1.063001251220703125e+01
1.064063358306884766e+01
1.056180858612060547e+01
1.056847095489501953e+01
1.052297592163085938e+01
1.051139640808105469e+01
1.012159347534179688e+01
9.747781753540039062e+00
9.857553482055664062e+00
1.044077491760253906e+01
1.110712146759033203e+01
1.100411224365234375e+01
1.070921897888183594e+01
1.076052856445312500e+01
1.042130088806152344e+01
1.022869491577148438e+01
1.025465488433837891e+01
1.023615074157714844e+01
1.047288417816162109e+01
1.094385051727294922e+01
1.139351654052734375e+01
1.127247905731201172e+01
1.103066539764404297e+01
1.120115661621093750e+01
1.120786952972412109e+01
1.080588436126708984e+01
1.007191467285156250e+01
9.476872444152832031e+00
9.313364028930664062e+00
9.786252021789550781e+00
9.887370109558105469e+00
1.008874034881591797e+01
1.009261417388916016e+01
9.898171424865722656e+00
9.906283378601074219e+00
1.015881824493408203e+01
1.041450977325439453e+01
1.043430328369140625e+01
1.029880619049072266e+01
1.017409896850585938e+01
1.026897907257080078e+01
1.021611118316650391e+01
1.015621089935302734e+01
9.916534423828125000e+00
1.032420349121093750e+01
1.068193531036376953e+01
1.166950702667236328e+01
1.175626182556152344e+01
1.133192920684814453e+01
1.063837146759033203e+01
9.922894477844238281e+00
9.926472663879394531e+00
1.031566429138183594e+01
1.082697868347167969e+01
1.062773895263671875e+01
1.087893009185791016e+01
1.132581329345703125e+01
1.164924430847167969e+01
1.132159328460693359e+01
1.071607303619384766e+01
1.053116798400878906e+01
1.077220344543457031e+01
1.083059120178222656e+01
1.070283699035644531e+01
9.992560386657714844e+00
1.024459171295166016e+01
1.057576084136962891e+01
1.114077281951904297e+01
1.138057804107666016e+01
1.164337635040283203e+01
1.136599349975585938e+01
1.092319869995117188e+01
1.052121734619140625e+01
1.016427326202392578e+01
1.040737724304199219e+01
1.047636604309082031e+01
1.067278480529785156e+01
1.063887882232666016e+01
1.084086132049560547e+01
1.018973445892333984e+01
9.983254432678222656e+00
1.001430511474609375e+01
1.068439769744873047e+01
1.106747913360595703e+01
1.056225490570068359e+01
1.040386581420898438e+01
1.035971450805664062e+01
1.063109111785888672e+01
1.084878444671630859e+01
1.085137653350830078e+01
1.053757572174072266e+01
1.099985408782958984e+01
1.079570770263671875e+01
1.089346599578857422e+01
1.123758888244628906e+01
1.091406631469726562e+01
1.101866531372070312e+01
1.118032646179199219e+01
1.137219715118408203e+01
1.170144557952880859e+01
1.150358390808105469e+01
1.097749042510986328e+01
1.099611282348632812e+01
1.183745098114013672e+01
1.192100048065185547e+01
1.219229698181152344e+01
1.232996559143066406e+01
1.235838890075683594e+01
1.197284126281738281e+01
1.157592105865478516e+01
1.110645866394042969e+01
1.099258327484130859e+01
1.091093826293945312e+01
1.191791343688964844e+01
1.258858871459960938e+01
1.229842376708984375e+01
1.176536655426025391e+01
1.145805549621582031e+01
1.133005619049072266e+01
1.144050598144531250e+01
1.150295162200927734e+01
1.177599525451660156e+01
1.205750942230224609e+01
1.224457073211669922e+01
1.229998207092285156e+01
1.252370452880859375e+01
1.206112480163574219e+01
1.225042819976806641e+01
1.245520591735839844e+01
1.262788295745849609e+01
1.238368129730224609e+01
1.224340438842773438e+01
1.255633544921875000e+01
1.229076576232910156e+01
1.230775547027587891e+01
1.228153419494628906e+01
1.234150123596191406e+01
1.210230350494384766e+01
1.202222728729248047e+01
1.164745426177978516e+01
1.147998714447021484e+01
1.129645347595214844e+01
1.125235462188720703e+01
1.143861389160156250e+01
1.190799999237060547e+01
1.240123653411865234e+01
1.247625827789306641e+01
1.273879337310791016e+01
1.231929588317871094e+01
1.163329792022705078e+01
1.190245342254638672e+01
1.299882888793945312e+01
1.329543304443359375e+01
1.304857826232910156e+01
1.281826782226562500e+01
1.254027462005615234e+01
1.261421203613281250e+01
1.204129886627197266e+01
1.178027057647705078e+01
1.213457965850830078e+01
1.280503082275390625e+01
1.333346748352050781e+01
1.283620357513427734e+01
1.233166980743408203e+01
1.174701690673828125e+01
1.172858333587646484e+01
1.216496658325195312e+01
1.245268154144287109e+01
1.263231372833251953e+01
1.271602058410644531e+01
1.269262409210205078e+01
1.284977817535400391e+01
1.275789833068847656e+01
1.267018222808837891e+01
1.263486099243164062e+01
1.253885173797607422e+01
1.236200523376464844e+01
1.230478191375732422e+01
1.211360836029052734e+01
1.193884372711181641e+01
1.235267353057861328e+01
1.323375034332275391e+01
1.351340293884277344e+01
1.311083412170410156e+01
1.281443119049072266e+01
1.292517280578613281e+01
1.303255653381347656e+01
1.256374645233154297e+01
1.230360794067382812e+01
1.268821144104003906e+01
1.344450950622558594e+01
1.407406616210937500e+01
1.384258174896240234e+01
1.348062324523925781e+01
1.325880718231201172e+01
1.266426658630371094e+01
1.250310134887695312e+01
1.292565155029296875e+01
1.301857757568359375e+01
1.386765384674072266e+01
1.414538764953613281e+01
1.404550552368164062e+01
1.326091670989990234e+01
1.324856662750244141e+01
1.347176265716552734e+01
1.367978191375732422e+01
1.323356533050537109e+01
1.284773254394531250e+01
1.254544830322265625e+01
1.210530281066894531e+01
1.211103725433349609e+01
1.251913833618164062e+01
1.261911392211914062e+01
1.280558776855468750e+01
1.304161167144775391e+01
1.308814525604248047e+01
1.232381534576416016e+01
1.257501983642578125e+01
1.271397113800048828e+01
1.274373531341552734e+01
1.277843666076660156e+01
1.320453739166259766e+01
1.326810646057128906e+01
1.274513244628906250e+01
1.231956672668457031e+01
1.267730617523193359e+01
1.305653381347656250e+01
1.321561431884765625e+01
1.326835441589355469e+01
1.259996700286865234e+01
1.273231601715087891e+01
1.270774459838867188e+01
1.258572578430175781e+01
1.259150791168212891e+01
1.250343036651611328e+01
1.243303203582763672e+01
1.272792625427246094e+01
1.271871662139892578e+01
1.223605346679687500e+01
1.216276454925537109e+01
1.217113876342773438e+01
1.224099636077880859e+01
1.258219909667968750e+01
1.277118587493896484e+01
1.294327354431152344e+01
1.280649566650390625e+01
1.270190620422363281e+01
1.295265007019042969e+01
1.308110141754150391e+01
1.241434955596923828e+01
1.219284057617187500e+01
1.236269855499267578e+01
1.281792449951171875e+01
1.284033584594726562e+01
1.309024429321289062e+01
1.291963195800781250e+01
1.299919414520263672e+01
1.276164817810058594e+01
1.247565555572509766e+01
1.248572254180908203e+01
1.270838356018066406e+01
1.259510898590087891e+01
1.251670932769775391e+01
1.228378772735595703e+01
1.205123329162597656e+01
1.191445159912109375e+01
1.265820789337158203e+01
1.293790149688720703e+01
1.256617450714111328e+01
1.245086669921875000e+01
1.233475971221923828e+01
1.186191463470458984e+01
1.242271804809570312e+01
1.249344921112060547e+01
1.198635387420654297e+01
1.204080390930175781e+01
1.272756862640380859e+01
1.321905612945556641e+01
1.277114963531494141e+01
1.233749103546142578e+01
1.160894393920898438e+01
1.100138473510742188e+01
1.159053421020507812e+01
1.247513103485107422e+01
1.223095321655273438e+01
1.154560565948486328e+01
1.099598121643066406e+01
1.153837013244628906e+01
1.213662147521972656e+01
1.271330833435058594e+01
1.206915187835693359e+01
1.224786090850830078e+01
1.238228893280029297e+01
1.254991054534912109e+01
1.256512641906738281e+01
1.212858390808105469e+01
1.188591670989990234e+01
1.181981182098388672e+01
1.207432079315185547e+01
1.247517013549804688e+01
1.183765602111816406e+01
1.203611946105957031e+01
1.258095264434814453e+01
1.246278476715087891e+01
1.261527156829833984e+01
1.249508571624755859e+01
1.148388481140136719e+01
1.122663211822509766e+01
1.170427417755126953e+01
1.223187828063964844e+01
1.224857521057128906e+01
1.189935779571533203e+01
1.143843936920166016e+01
1.126997280120849609e+01
1.112736988067626953e+01
1.126841545104980469e+01
1.131327629089355469e+01
1.150666332244873047e+01
1.165677261352539062e+01
1.180531024932861328e+01
1.204482269287109375e+01
1.182132339477539062e+01
1.140108776092529297e+01
1.115670394897460938e+01
1.085194396972656250e+01
1.119242572784423828e+01
1.104513454437255859e+01
1.084189510345458984e+01
1.146773052215576172e+01
1.205854511260986328e+01
1.210886669158935547e+01
1.163093376159667969e+01
1.155552005767822266e+01
1.162631797790527344e+01
1.130273818969726562e+01
1.095082092285156250e+01
1.050500583648681641e+01
1.101752281188964844e+01
1.167098712921142578e+01
1.211378002166748047e+01
1.180205154418945312e+01
1.137594413757324219e+01
1.154917716979980469e+01
1.166348743438720703e+01
1.152804470062255859e+01
1.070481204986572266e+01
1.046735858917236328e+01
1.045018768310546875e+01
1.078584575653076172e+01
1.110793304443359375e+01
1.105595302581787109e+01
1.100726985931396484e+01
1.088759899139404297e+01
1.112568664550781250e+01
1.118910503387451172e+01
1.086441707611083984e+01
1.146561908721923828e+01
1.157179450988769531e+01
1.120349121093750000e+01
1.094828701019287109e+01
1.097898387908935547e+01
1.126393890380859375e+01
1.148061180114746094e+01
1.185314178466796875e+01
1.174951076507568359e+01
1.180521965026855469e+01
1.174941349029541016e+01
1.147848701477050781e+01
1.149247169494628906e+01
1.194160270690917969e+01
1.220247745513916016e+01
1.160433769226074219e+01
1.120890617370605469e+01
1.132510948181152344e+01
1.109631633758544922e+01
1.052825927734375000e+01
1.063315963745117188e+01
1.063874816894531250e+01
1.066149997711181641e+01
1.064027309417724609e+01
1.115373229980468750e+01
1.162095928192138672e+01
1.218783283233642578e+01
1.178276729583740234e+01
1.112935638427734375e+01
1.049820423126220703e+01
1.045753669738769531e+01
1.051016426086425781e+01
1.039312934875488281e+01
1.035141181945800781e+01
1.052056789398193359e+01
1.063410568237304688e+01
1.069743728637695312e+01
1.084041118621826172e+01
1.091923999786376953e+01
1.077374267578125000e+01
1.029057407379150391e+01
1.008870506286621094e+01
1.034385108947753906e+01
1.053606033325195312e+01
1.078062725067138672e+01
1.081875705718994141e+01
1.079747962951660156e+01
1.083086395263671875e+01
1.131871700286865234e+01
1.109850692749023438e+01
1.077259159088134766e+01
1.066804409027099609e+01
1.063033580780029297e+01
1.062208938598632812e+01
1.033783531188964844e+01
1.076180553436279297e+01
1.106410694122314453e+01
1.103378582000732422e+01
1.037172222137451172e+01
9.812499046325683594e+00
1.016669845581054688e+01
1.052525711059570312e+01
1.048948860168457031e+01
1.072368717193603516e+01
1.086323738098144531e+01
1.092100620269775391e+01
1.087059497833251953e+01
1.087665939331054688e+01
1.097272777557373047e+01
1.059953689575195312e+01
1.105490207672119141e+01
1.103993225097656250e+01
1.068614959716796875e+01
1.032688426971435547e+01
1.074818325042724609e+01
1.094449424743652344e+01
1.126311779022216797e+01
1.112007999420166016e+01
1.074422645568847656e+01
1.046394920349121094e+01
1.042077827453613281e+01
1.031513023376464844e+01
1.051640224456787109e+01
1.077227020263671875e+01
1.083531570434570312e+01
1.020562171936035156e+01
9.824875831604003906e+00
1.014946460723876953e+01
1.058718109130859375e+01
1.105560111999511719e+01
1.109340858459472656e+01
1.103128814697265625e+01
1.090607452392578125e+01
1.050867462158203125e+01
1.021819686889648438e+01
1.029651165008544922e+01
1.035593986511230469e+01
1.007816219329833984e+01
1.012537670135498047e+01
1.061023044586181641e+01
1.064466094970703125e+01
1.032549285888671875e+01
9.879899978637695312e+00
9.806168556213378906e+00
9.684947013854980469e+00
9.876166343688964844e+00
9.683447837829589844e+00
9.892116546630859375e+00
9.919147491455078125e+00
1.036500740051269531e+01
1.046827220916748047e+01
1.052566146850585938e+01
9.962216377258300781e+00
9.727152824401855469e+00
9.649476051330566406e+00
9.594159126281738281e+00
9.872365951538085938e+00
1.011581325531005859e+01
1.034020709991455078e+01
1.005161285400390625e+01
9.707736015319824219e+00
9.593790054321289062e+00
1.004886436462402344e+01
1.004333305358886719e+01
9.834802627563476562e+00
9.934898376464843750e+00
1.018836975097656250e+01
1.012153434753417969e+01
9.836001396179199219e+00
9.752205848693847656e+00
9.701528549194335938e+00
9.541950225830078125e+00
9.286509513854980469e+00
8.634174346923828125e+00
8.430869102478027344e+00
8.796603202819824219e+00
9.287014961242675781e+00
9.210918426513671875e+00
9.260700225830078125e+00
9.327168464660644531e+00
9.555620193481445312e+00
9.784419059753417969e+00
9.833009719848632812e+00
1.016034603118896484e+01
1.051823711395263672e+01
1.016150856018066406e+01
9.576052665710449219e+00
9.176733016967773438e+00
9.568447113037109375e+00
9.850805282592773438e+00
1.011368846893310547e+01
1.001688861846923828e+01
9.796330451965332031e+00
9.171164512634277344e+00
8.673634529113769531e+00
8.470510482788085938e+00
8.768988609313964844e+00
8.998329162597656250e+00
9.213229179382324219e+00
9.789197921752929688e+00
1.002049350738525391e+01
9.777760505676269531e+00
9.415960311889648438e+00
9.095039367675781250e+00
9.289530754089355469e+00
9.911759376525878906e+00
1.013230895996093750e+01
1.011475276947021484e+01
1.011254310607910156e+01
9.999462127685546875e+00
9.962374687194824219e+00
9.694766998291015625e+00
9.724915504455566406e+00
9.548925399780273438e+00
9.403585433959960938e+00
9.697870254516601562e+00
9.818331718444824219e+00
9.878381729125976562e+00
9.582736968994140625e+00
9.400433540344238281e+00
9.338102340698242188e+00
9.663924217224121094e+00
9.206253051757812500e+00
9.061236381530761719e+00
9.349198341369628906e+00
9.561223983764648438e+00
9.276486396789550781e+00
8.829815864562988281e+00
8.734069824218750000e+00
9.100594520568847656e+00
9.349623680114746094e+00
9.477061271667480469e+00
8.929476737976074219e+00
8.865539550781250000e+00
9.082531929016113281e+00
9.479003906250000000e+00
9.301653861999511719e+00
9.344397544860839844e+00
9.186455726623535156e+00
9.113944053649902344e+00
9.138898849487304688e+00
8.987843513488769531e+00
8.852571487426757812e+00
8.937859535217285156e+00
9.136306762695312500e+00
9.210554122924804688e+00
9.370615959167480469e+00
9.165677070617675781e+00
9.013504981994628906e+00
9.109901428222656250e+00
9.318907737731933594e+00
8.883057594299316406e+00
8.328389167785644531e+00
8.750002861022949219e+00
8.906148910522460938e+00
8.815550804138183594e+00
8.351162910461425781e+00
8.367145538330078125e+00
8.622896194458007812e+00
9.230482101440429688e+00
9.380565643310546875e+00
9.363735198974609375e+00
8.974268913269042969e+00
8.820475578308105469e+00
9.049292564392089844e+00
9.406850814819335938e+00
9.071499824523925781e+00
8.652838706970214844e+00
8.584988594055175781e+00
8.990260124206542969e+00
9.350502967834472656e+00
9.275993347167968750e+00
9.256374359130859375e+00
8.893804550170898438e+00
9.058885574340820312e+00
9.087304115295410156e+00
8.938651084899902344e+00
9.056406021118164062e+00
8.909369468688964844e+00
8.947712898254394531e+00
8.847526550292968750e+00
8.791518211364746094e+00
8.770380973815917969e+00
9.202801704406738281e+00
9.689542770385742188e+00
9.626410484313964844e+00
9.393926620483398438e+00
9.184994697570800781e+00
9.336207389831542969e+00
9.141659736633300781e+00
8.371375083923339844e+00
7.649733066558837891e+00
7.407966136932373047e+00
7.714416027069091797e+00
8.030340194702148438e+00
8.561060905456542969e+00
8.879101753234863281e+00
8.881882667541503906e+00
8.652759552001953125e+00
8.621243476867675781e+00
8.663211822509765625e+00
8.957001686096191406e+00
9.051158905029296875e+00
8.933838844299316406e+00
8.613930702209472656e+00
8.528144836425781250e+00
8.415105819702148438e+00
8.459686279296875000e+00
8.163154602050781250e+00
8.111971855163574219e+00
7.998965263366699219e+00
8.351122856140136719e+00
8.639982223510742188e+00
9.206856727600097656e+00
9.323885917663574219e+00
9.141796112060546875e+00
8.763448715209960938e+00
8.345044136047363281e+00
8.182433128356933594e+00
8.173178672790527344e+00
8.341236114501953125e+00
8.193804740905761719e+00
8.004086494445800781e+00
8.148036956787109375e+00
8.204859733581542969e+00
7.745596885681152344e+00
8.065968513488769531e+00
8.682241439819335938e+00
8.716087341308593750e+00
8.455986022949218750e+00
7.896892070770263672e+00
8.039324760437011719e+00
7.941114425659179688e+00
8.310133934020996094e+00
8.612783432006835938e+00
9.395146369934082031e+00
9.533120155334472656e+00
8.786424636840820312e+00
8.488173484802246094e+00
8.670905113220214844e+00
8.856348991394042969e+00
8.281311988830566406e+00
8.298375129699707031e+00
8.255412101745605469e+00
8.263731002807617188e+00
8.002030372619628906e+00
8.049340248107910156e+00
8.071037292480468750e+00
8.373524665832519531e+00
8.035677909851074219e+00
7.863214969635009766e+00
7.714551448822021484e+00
8.067228317260742188e+00
8.731974601745605469e+00
8.945561408996582031e+00
8.777852058410644531e+00
8.043240547180175781e+00
7.554493904113769531e+00
7.729796409606933594e+00
8.058316230773925781e+00
9.023712158203125000e+00
8.714501380920410156e+00
8.421098709106445312e+00
7.895981788635253906e+00
8.080718994140625000e+00
8.184184074401855469e+00
8.307104110717773438e+00
8.610989570617675781e+00
9.142286300659179688e+00
9.354405403137207031e+00
9.039061546325683594e+00
8.502969741821289062e+00
8.514283180236816406e+00
8.428680419921875000e+00
8.234043121337890625e+00
8.219280242919921875e+00
7.915827274322509766e+00
8.187326431274414062e+00
8.209875106811523438e+00
8.021203994750976562e+00
7.666480064392089844e+00
7.825584888458251953e+00
8.277015686035156250e+00
8.365127563476562500e+00
8.220195770263671875e+00
8.690717697143554688e+00
8.710475921630859375e+00
8.437685966491699219e+00
7.702206134796142578e+00
7.784383296966552734e+00
8.016647338867187500e+00
8.367066383361816406e+00
8.271238327026367188e+00
7.998187541961669922e+00
7.744375705718994141e+00
7.779098033905029297e+00
7.815972805023193359e+00
7.884424686431884766e+00
7.686407089233398438e+00
7.691341876983642578e+00
7.892586708068847656e+00
8.575458526611328125e+00
9.043689727783203125e+00
9.328157424926757812e+00
9.882404327392578125e+00
1.003816986083984375e+01
9.664088249206542969e+00
8.884825706481933594e+00
8.171555519104003906e+00
7.614307403564453125e+00
7.751332759857177734e+00
8.287735939025878906e+00
8.328840255737304688e+00
8.839794158935546875e+00
8.386551856994628906e+00
8.215608596801757812e+00
7.841910362243652344e+00
8.227794647216796875e+00
8.328719139099121094e+00
8.198818206787109375e+00
8.200354576110839844e+00
8.323202133178710938e+00
8.442923545837402344e+00
8.814247131347656250e+00
8.615734100341796875e+00
8.189956665039062500e+00
7.921331882476806641e+00
7.974164962768554688e+00
7.849419593811035156e+00
7.598396778106689453e+00
7.999629497528076172e+00
9.046242713928222656e+00
9.772562980651855469e+00
8.996897697448730469e+00
7.968435287475585938e+00
7.784044742584228516e+00
8.173891067504882812e+00
8.193787574768066406e+00
7.921523571014404297e+00
7.807051658630371094e+00
7.913771629333496094e+00
8.481451034545898438e+00
8.838800430297851562e+00
8.847787857055664062e+00
7.895888805389404297e+00
7.873321056365966797e+00
8.477066993713378906e+00
9.260832786560058594e+00
9.368182182312011719e+00
9.674578666687011719e+00
9.540341377258300781e+00
9.328270912170410156e+00
8.218303680419921875e+00
7.608696460723876953e+00
7.770102977752685547e+00
8.656494140625000000e+00
9.100378036499023438e+00
9.102294921875000000e+00
9.052759170532226562e+00
9.136996269226074219e+00
8.358914375305175781e+00
7.870765686035156250e+00
7.641892433166503906e+00
7.744580745697021484e+00
7.960678100585937500e+00
8.376293182373046875e+00
8.839328765869140625e+00
8.129670143127441406e+00
7.906556129455566406e+00
7.303909301757812500e+00
7.464569091796875000e+00
7.871710300445556641e+00
9.453413009643554688e+00
9.497799873352050781e+00
9.499292373657226562e+00
9.326900482177734375e+00
9.604183197021484375e+00
8.875540733337402344e+00
8.217809677124023438e+00
8.117759704589843750e+00
8.761487960815429688e+00
8.697114944458007812e+00
8.567875862121582031e+00
8.099815368652343750e+00
7.869912624359130859e+00
7.548109054565429688e+00
7.466885566711425781e+00
8.153898239135742188e+00
8.806865692138671875e+00
9.441250801086425781e+00
8.755872726440429688e+00
9.104728698730468750e+00
9.222142219543457031e+00
9.634016990661621094e+00
8.616103172302246094e+00
8.235446929931640625e+00
7.636345863342285156e+00
7.525410175323486328e+00
8.086614608764648438e+00
9.027098655700683594e+00
9.605916023254394531e+00
9.069337844848632812e+00
8.757629394531250000e+00
8.419808387756347656e+00
8.871643066406250000e+00
8.756370544433593750e+00
8.706091880798339844e+00
7.883496761322021484e+00
7.607037544250488281e+00
7.563565731048583984e+00
7.636897563934326172e+00
7.266230106353759766e+00
7.027435302734375000e+00
7.234344482421875000e+00
7.773386955261230469e+00
8.135678291320800781e+00
8.441616058349609375e+00
8.416358947753906250e+00
8.482403755187988281e+00
8.493780136108398438e+00
8.274299621582031250e+00
8.160085678100585938e+00
8.949088096618652344e+00
9.408558845520019531e+00
8.779329299926757812e+00
7.944552898406982422e+00
7.683095932006835938e+00
8.456266403198242188e+00
9.335641860961914062e+00
1.010822391510009766e+01
9.191926002502441406e+00
8.348246574401855469e+00
8.521204948425292969e+00
8.507021903991699219e+00
8.693345069885253906e+00
8.473698616027832031e+00
8.946837425231933594e+00
8.349324226379394531e+00
7.931057929992675781e+00
7.386091232299804688e+00
7.628500938415527344e+00
8.440907478332519531e+00
9.351379394531250000e+00
9.087857246398925781e+00
8.585251808166503906e+00
7.768495559692382812e+00
7.429012775421142578e+00
6.874178886413574219e+00
6.884721755981445312e+00
6.314819812774658203e+00
6.013081073760986328e+00
6.169449329376220703e+00
6.814332962036132812e+00
8.581964492797851562e+00
8.937103271484375000e+00
9.440594673156738281e+00
8.478417396545410156e+00
8.259574890136718750e+00
7.980741024017333984e+00
8.333269119262695312e+00
9.626263618469238281e+00
1.020500946044921875e+01
9.868791580200195312e+00
8.546977043151855469e+00
7.312608242034912109e+00
6.545591354370117188e+00
6.495182991027832031e+00
7.355216026306152344e+00
8.533098220825195312e+00
9.486302375793457031e+00
9.050610542297363281e+00
8.533789634704589844e+00
8.536889076232910156e+00
8.873744964599609375e+00
8.777709960937500000e+00
9.018576622009277344e+00
9.540089607238769531e+00
1.074533367156982422e+01
1.093954944610595703e+01
1.040926265716552734e+01
9.679070472717285156e+00
9.506643295288085938e+00
9.923599243164062500e+00
8.368684768676757812e+00
7.048889160156250000e+00
7.695646286010742188e+00
8.383096694946289062e+00
9.659639358520507812e+00
8.968551635742187500e+00
9.549345970153808594e+00
9.159809112548828125e+00
9.861423492431640625e+00
9.784318923950195312e+00
9.252415657043457031e+00
9.625258445739746094e+00
1.097678756713867188e+01
1.064878368377685547e+01
1.054864883422851562e+01
1.017106246948242188e+01
1.058194732666015625e+01
8.464838027954101562e+00
7.642921924591064453e+00
7.668946266174316406e+00
8.401284217834472656e+00
8.220678329467773438e+00
7.395443439483642578e+00
7.783612728118896484e+00
8.848004341125488281e+00
9.984711647033691406e+00
1.073288059234619141e+01
9.984464645385742188e+00
9.990068435668945312e+00
9.969657897949218750e+00
1.131439304351806641e+01
1.168330001831054688e+01
1.037398624420166016e+01
9.050886154174804688e+00
9.863664627075195312e+00
1.038878631591796875e+01
1.019140148162841797e+01
7.957559108734130859e+00
8.585446357727050781e+00
8.719046592712402344e+00
9.528703689575195312e+00
7.888073444366455078e+00
6.064103126525878906e+00
4.754072189331054688e+00
6.195543289184570312e+00
7.343195915222167969e+00
7.917546749114990234e+00
7.939671039581298828e+00
9.559612274169921875e+00
1.000608444213867188e+01
9.310411453247070312e+00
8.286507606506347656e+00
8.528548240661621094e+00
7.347496032714843750e+00
7.068597793579101562e+00
6.412848472595214844e+00
7.479381084442138672e+00
9.834320068359375000e+00
1.114717769622802734e+01
1.254405307769775391e+01
1.015715026855468750e+01
1.136935234069824219e+01
9.574225425720214844e+00
9.352204322814941406e+00
6.427159309387207031e+00
4.506621360778808594e+00
3.141070842742919922e+00
2.683821916580200195e+00
3.755620479583740234e+00
6.262838363647460938e+00
7.492626190185546875e+00
2.691208124160766602e+00
5.112557411193847656e+00
6.915452003479003906e+00
6.130679607391357422e+00
1.325864940881729126e-01
3.714580833911895752e-01
2.721324920654296875e+00
1.098057079315185547e+01
2.554167938232421875e+01
3.217084884643554688e+01
3.296770095825195312e+01
2.374537467956542969e+01
1.698496437072753906e+01
9.134322166442871094e+00
1.216712760925292969e+01
1.354493045806884766e+01
1.167201137542724609e+01
1.857742309570312500e+01
2.800290298461914062e+01
4.085256195068359375e+01
nan
nan
nan
nan
nan
nan
nan
nan
nan
nan
