nan
nan
nan
nan
nan
nan
nan
nan
nan
nan
nan
nan
nan
nan
nan
nan
nan
nan
nan
nan
nan
nan
nan
8.435544967651367188e+00
2.254861450195312500e+01
2.391822433471679688e+01
2.682370376586914062e+01
2.206558227539062500e+01
2.040380287170410156e+01
2.155934333801269531e+01
2.133205604553222656e+01
1.863231658935546875e+01
1.674447250366210938e+01
1.824574279785156250e+01
1.883633041381835938e+01
2.076590728759765625e+01
1.951805877685546875e+01
1.802736282348632812e+01
1.891362190246582031e+01
2.027277946472167969e+01
2.039437675476074219e+01
1.857230377197265625e+01
1.677564239501953125e+01
1.744690704345703125e+01
1.795274734497070312e+01
2.049424171447753906e+01
2.085631179809570312e+01
1.857159805297851562e+01
1.582120990753173828e+01
1.537463569641113281e+01
1.647081375122070312e+01
1.794863319396972656e+01
1.898475074768066406e+01
2.042078781127929688e+01
2.058772659301757812e+01
1.988233757019042969e+01
2.170485305786132812e+01
2.222532463073730469e+01
2.223968315124511719e+01
1.884525299072265625e+01
1.490493488311767578e+01
1.473455810546875000e+01
1.569629287719726562e+01
1.823735427856445312e+01
2.137788581848144531e+01
2.224862480163574219e+01
2.168404197692871094e+01
2.094934463500976562e+01
2.021164512634277344e+01
1.989403724670410156e+01
2.144337081909179688e+01
2.243247222900390625e+01
2.018013954162597656e+01
1.891197967529296875e+01
1.935414314270019531e+01
2.039632606506347656e+01
2.100007057189941406e+01
1.982080459594726562e+01
2.111528587341308594e+01
2.147545051574707031e+01
1.952565574645996094e+01
1.757141685485839844e+01
1.848054122924804688e+01
1.973322296142578125e+01
1.981181526184082031e+01
1.929054641723632812e+01
1.921628379821777344e+01
1.942662429809570312e+01
1.932383537292480469e+01
1.774551200866699219e+01
1.563370323181152344e+01
1.506405830383300781e+01
1.493261337280273438e+01
1.661770820617675781e+01
1.810751533508300781e+01
1.953358459472656250e+01
1.773252296447753906e+01
1.711885643005371094e+01
1.769447135925292969e+01
1.714793777465820312e+01
1.722226905822753906e+01
1.727121734619140625e+01
1.605844116210937500e+01
1.527567100524902344e+01
1.499644088745117188e+01
1.711330413818359375e+01
1.753269577026367188e+01
1.675053024291992188e+01
1.572249221801757812e+01
1.679873085021972656e+01
1.855214118957519531e+01
1.856960868835449219e+01
1.820557403564453125e+01
1.738579177856445312e+01
1.544581604003906250e+01
1.585127162933349609e+01
1.762169265747070312e+01
1.878823471069335938e+01
1.815429687500000000e+01
1.812414360046386719e+01
1.669356727600097656e+01
1.590735244750976562e+01
1.681490898132324219e+01
1.563140106201171875e+01
1.537353515625000000e+01
1.568935966491699219e+01
1.568395614624023438e+01
1.527200412750244141e+01
1.587340545654296875e+01
1.611220359802246094e+01
1.618026351928710938e+01
1.722074317932128906e+01
1.742809295654296875e+01
1.707339286804199219e+01
1.750087928771972656e+01
1.737758064270019531e+01
1.676199531555175781e+01
1.515771293640136719e+01
1.452859687805175781e+01
1.423175048828125000e+01
1.461384010314941406e+01
1.462655925750732422e+01
1.494402694702148438e+01
1.600530624389648438e+01
1.620137786865234375e+01
1.624078750610351562e+01
1.593098831176757812e+01
1.521958351135253906e+01
1.533457088470458984e+01
1.513151931762695312e+01
1.540386867523193359e+01
1.494467449188232422e+01
1.487231636047363281e+01
1.539860725402832031e+01
1.610068130493164062e+01
1.750301551818847656e+01
1.765417671203613281e+01
1.761964607238769531e+01
1.578503227233886719e+01
1.488234043121337891e+01
1.479289340972900391e+01
1.714210510253906250e+01
1.780514335632324219e+01
1.662528038024902344e+01
1.509749221801757812e+01
1.601501846313476562e+01
1.582584762573242188e+01
1.597594356536865234e+01
1.560723781585693359e+01
1.503512573242187500e+01
1.536726379394531250e+01
1.642465019226074219e+01
1.626325607299804688e+01
1.539873313903808594e+01
1.473915863037109375e+01
1.513372802734375000e+01
1.528229904174804688e+01
1.506505107879638672e+01
1.508839988708496094e+01
1.511135768890380859e+01
1.535425376892089844e+01
1.442606830596923828e+01
1.377746963500976562e+01
1.382654571533203125e+01
1.552066898345947266e+01
1.541256141662597656e+01
1.598685646057128906e+01
1.559675025939941406e+01
1.488663482666015625e+01
1.442212486267089844e+01
1.436344909667968750e+01
1.386910438537597656e+01
1.354199218750000000e+01
1.336861991882324219e+01
1.420092964172363281e+01
1.531102561950683594e+01
1.587768650054931641e+01
1.595849132537841797e+01
1.606425094604492188e+01
1.481585502624511719e+01
1.387667942047119141e+01
1.386782360076904297e+01
1.493292331695556641e+01
1.580802822113037109e+01
1.604331588745117188e+01
1.591564846038818359e+01
1.533452224731445312e+01
1.490566062927246094e+01
1.583225536346435547e+01
1.680349731445312500e+01
1.683265495300292969e+01
1.593403816223144531e+01
1.518592166900634766e+01
1.372729015350341797e+01
1.324914455413818359e+01
1.374666690826416016e+01
1.506341457366943359e+01
1.607423782348632812e+01
1.519824123382568359e+01
1.446331691741943359e+01
1.386736583709716797e+01
1.364027500152587891e+01
1.387669086456298828e+01
1.427656269073486328e+01
1.383986377716064453e+01
1.252551651000976562e+01
1.303858947753906250e+01
1.339155387878417969e+01
1.312680244445800781e+01
1.228525829315185547e+01
1.325578498840332031e+01
1.413867855072021484e+01
1.397016143798828125e+01
1.399777507781982422e+01
1.400233078002929688e+01
1.440303611755371094e+01
1.409391689300537109e+01
1.408040332794189453e+01
1.391283988952636719e+01
1.438551712036132812e+01
1.512547302246093750e+01
1.489245414733886719e+01
1.387512397766113281e+01
1.288020515441894531e+01
1.294439220428466797e+01
1.305516910552978516e+01
1.352043342590332031e+01
1.355930900573730469e+01
1.344250011444091797e+01
1.341312026977539062e+01
1.378045749664306641e+01
1.408096694946289062e+01
1.436894035339355469e+01
1.422477054595947266e+01
1.413593769073486328e+01
1.354834938049316406e+01
1.332666015625000000e+01
1.381123447418212891e+01
1.295712947845458984e+01
1.299551486968994141e+01
1.270028018951416016e+01
1.288080120086669922e+01
1.253736400604248047e+01
1.315473175048828125e+01
1.349666213989257812e+01
1.356043815612792969e+01
1.221322250366210938e+01
1.261830043792724609e+01
1.364284610748291016e+01
1.353484916687011719e+01
1.255149078369140625e+01
1.320631122589111328e+01
1.400375270843505859e+01
1.485090541839599609e+01
1.509690093994140625e+01
1.414769744873046875e+01
1.363001441955566406e+01
1.380948734283447266e+01
1.365991783142089844e+01
1.347681903839111328e+01
1.260306549072265625e+01
1.175027275085449219e+01
1.147874259948730469e+01
1.214644908905029297e+01
1.265285491943359375e+01
1.284896659851074219e+01
1.202727985382080078e+01
1.226531600952148438e+01
1.292114257812500000e+01
1.342263603210449219e+01
1.328793239593505859e+01
1.315240192413330078e+01
1.308513832092285156e+01
1.317053794860839844e+01
1.264244651794433594e+01
1.294937038421630859e+01
1.332311439514160156e+01
1.298462295532226562e+01
1.282399654388427734e+01
1.266399002075195312e+01
1.352908229827880859e+01
1.439678859710693359e+01
1.547895050048828125e+01
1.617237091064453125e+01
1.786958122253417969e+01
1.946861457824707031e+01
2.067488288879394531e+01
2.014674377441406250e+01
1.893235969543457031e+01
1.695099830627441406e+01
1.563213443756103516e+01
1.495039081573486328e+01
1.405319690704345703e+01
1.332728958129882812e+01
1.355875301361083984e+01
1.368355941772460938e+01
1.323399448394775391e+01
1.238750934600830078e+01
1.222891330718994141e+01
1.259725189208984375e+01
1.317218875885009766e+01
1.275616073608398438e+01
1.284068202972412109e+01
1.288382625579833984e+01
1.288808345794677734e+01
1.334380245208740234e+01
1.291449832916259766e+01
1.287303829193115234e+01
1.402511119842529297e+01
1.408943748474121094e+01
1.337260627746582031e+01
1.255373477935791016e+01
1.244929790496826172e+01
1.274196529388427734e+01
1.214219474792480469e+01
1.142547321319580078e+01
1.171627998352050781e+01
1.300728797912597656e+01
1.370557880401611328e+01
1.267455387115478516e+01
1.211477565765380859e+01
1.209770393371582031e+01
1.206042861938476562e+01
1.155326461791992188e+01
1.266459274291992188e+01
1.297674751281738281e+01
1.263585376739501953e+01
1.191618728637695312e+01
1.237531471252441406e+01
1.311831283569335938e+01
1.272656822204589844e+01
1.221085643768310547e+01
1.196147918701171875e+01
1.218342876434326172e+01
1.207608509063720703e+01
1.185397052764892578e+01
1.180147933959960938e+01
1.227965068817138672e+01
1.232402896881103516e+01
1.209844493865966797e+01
1.214882183074951172e+01
1.248837852478027344e+01
1.321050739288330078e+01
1.296970462799072266e+01
1.294415760040283203e+01
1.319894599914550781e+01
1.323104858398437500e+01
1.319089603424072266e+01
1.352699375152587891e+01
1.416372776031494141e+01
1.416735935211181641e+01
1.370411014556884766e+01
1.274948596954345703e+01
1.188932514190673828e+01
1.209917068481445312e+01
1.241529273986816406e+01
1.276150608062744141e+01
1.297458839416503906e+01
1.280100250244140625e+01
1.201823902130126953e+01
1.158306312561035156e+01
1.147455787658691406e+01
1.199200344085693359e+01
1.298416900634765625e+01
1.411524581909179688e+01
1.394817829132080078e+01
1.341930866241455078e+01
1.272504901885986328e+01
1.258621883392333984e+01
1.248198127746582031e+01
1.201534175872802734e+01
1.204806900024414062e+01
1.245901298522949219e+01
1.259431266784667969e+01
1.326724338531494141e+01
1.355332088470458984e+01
1.294043159484863281e+01
1.187175273895263672e+01
1.174488353729248047e+01
1.262057209014892578e+01
1.370881843566894531e+01
1.310538959503173828e+01
1.259295082092285156e+01
1.253716754913330078e+01
1.263118648529052734e+01
1.285840606689453125e+01
1.270851898193359375e+01
1.300873565673828125e+01
1.300973033905029297e+01
1.234733009338378906e+01
1.230610847473144531e+01
1.233931446075439453e+01
1.264230060577392578e+01
1.260308647155761719e+01
1.239087581634521484e+01
1.192413139343261719e+01
1.209137916564941406e+01
1.230153179168701172e+01
1.231037712097167969e+01
1.326458740234375000e+01
1.362673377990722656e+01
1.362932872772216797e+01
1.274029159545898438e+01
1.229772377014160156e+01
1.276555633544921875e+01
1.383202362060546875e+01
1.332494640350341797e+01
1.259397125244140625e+01
1.244594383239746094e+01
1.265825366973876953e+01
1.264272403717041016e+01
1.278412151336669922e+01
1.248837471008300781e+01
1.222607135772705078e+01
1.189097976684570312e+01
1.233367156982421875e+01
1.251364421844482422e+01
1.232838058471679688e+01
1.116238689422607422e+01
1.118479442596435547e+01
1.227597713470458984e+01
1.312903785705566406e+01
1.312133884429931641e+01
1.268368053436279297e+01
1.288567352294921875e+01
1.334349441528320312e+01
1.313959980010986328e+01
1.302085971832275391e+01
1.238439083099365234e+01
1.256132030487060547e+01
1.308067417144775391e+01
1.299554443359375000e+01
1.295720863342285156e+01
1.248991012573242188e+01
1.264852523803710938e+01
1.306926441192626953e+01
1.262839126586914062e+01
1.112967395782470703e+01
1.078491497039794922e+01
1.159924602508544922e+01
1.243753910064697266e+01
1.253249549865722656e+01
1.268659400939941406e+01
1.246963024139404297e+01
1.245269012451171875e+01
1.335182571411132812e+01
1.380037879943847656e+01
1.327013778686523438e+01
1.332474899291992188e+01
1.362287044525146484e+01
1.381663417816162109e+01
1.355252552032470703e+01
1.324754905700683594e+01
1.285799312591552734e+01
1.272716617584228516e+01
1.239444828033447266e+01
1.217292308807373047e+01
1.253329086303710938e+01
1.254662609100341797e+01
1.266763877868652344e+01
1.255654525756835938e+01
1.313430881500244141e+01
1.379314899444580078e+01
1.376330661773681641e+01
1.311384963989257812e+01
1.224772644042968750e+01
1.152577018737792969e+01
1.223592376708984375e+01
1.322302341461181641e+01
1.317565155029296875e+01
1.292444133758544922e+01
1.297921943664550781e+01
1.323528385162353516e+01
1.273626613616943359e+01
1.223327064514160156e+01
1.256428050994873047e+01
1.327385520935058594e+01
1.411349010467529297e+01
1.402972793579101562e+01
1.289452934265136719e+01
1.165539169311523438e+01
1.205218219757080078e+01
1.285391998291015625e+01
1.301132774353027344e+01
1.354809665679931641e+01
1.370919799804687500e+01
1.347355556488037109e+01
1.314217090606689453e+01
1.336339473724365234e+01
1.290888595581054688e+01
1.319943046569824219e+01
1.312261295318603516e+01
1.352495288848876953e+01
1.321399688720703125e+01
1.268727970123291016e+01
1.257564449310302734e+01
1.294967460632324219e+01
1.287103652954101562e+01
1.341570758819580078e+01
1.401287937164306641e+01
1.422643280029296875e+01
1.344728851318359375e+01
1.308019161224365234e+01
1.324095249176025391e+01
1.365229320526123047e+01
1.339774990081787109e+01
1.245485877990722656e+01
1.159749221801757812e+01
1.214051055908203125e+01
1.309870719909667969e+01
1.401094055175781250e+01
1.396409225463867188e+01
1.378971576690673828e+01
1.365775203704833984e+01
1.293339538574218750e+01
1.255767440795898438e+01
1.178089618682861328e+01
1.247538948059082031e+01
1.344603824615478516e+01
1.458259010314941406e+01
1.445570755004882812e+01
1.431202888488769531e+01
1.325658321380615234e+01
1.245062828063964844e+01
1.274228572845458984e+01
1.264979267120361328e+01
1.258513259887695312e+01
1.251085567474365234e+01
1.287616157531738281e+01
1.293780994415283203e+01
1.311697101593017578e+01
1.323780536651611328e+01
1.356566715240478516e+01
1.358437824249267578e+01
1.328228378295898438e+01
1.335062789916992188e+01
1.341972446441650391e+01
1.329985141754150391e+01
1.324761676788330078e+01
1.309806728363037109e+01
1.233754634857177734e+01
1.210897636413574219e+01
1.285406684875488281e+01
1.343468666076660156e+01
1.380340671539306641e+01
1.357236576080322266e+01
1.292146968841552734e+01
1.307763481140136719e+01
1.353177642822265625e+01
1.366917896270751953e+01
1.375390148162841797e+01
1.372887516021728516e+01
1.345569705963134766e+01
1.309233570098876953e+01
1.288414287567138672e+01
1.246209621429443359e+01
1.257707405090332031e+01
1.317218017578125000e+01
1.433970642089843750e+01
1.427194595336914062e+01
1.454008197784423828e+01
1.509111213684082031e+01
1.548253536224365234e+01
1.465652179718017578e+01
1.414889335632324219e+01
1.386562824249267578e+01
1.389489459991455078e+01
1.455187702178955078e+01
1.402961730957031250e+01
1.354390144348144531e+01
1.335728645324707031e+01
1.336547660827636719e+01
1.360727119445800781e+01
1.345280838012695312e+01
1.305827045440673828e+01
1.253371524810791016e+01
1.274567222595214844e+01
1.302142143249511719e+01
1.265464019775390625e+01
1.232648944854736328e+01
1.206712245941162109e+01
1.210440635681152344e+01
1.264690876007080078e+01
1.327071762084960938e+01
1.390642738342285156e+01
1.362998867034912109e+01
1.291273498535156250e+01
1.260972404479980469e+01
1.191744232177734375e+01
1.139678382873535156e+01
1.164932823181152344e+01
1.268892288208007812e+01
1.315373897552490234e+01
1.321115207672119141e+01
1.324991035461425781e+01
1.284852123260498047e+01
1.187301254272460938e+01
1.179341220855712891e+01
1.234728527069091797e+01
1.215880393981933594e+01
1.190339660644531250e+01
1.205576038360595703e+01
1.226523590087890625e+01
1.262070274353027344e+01
1.284449672698974609e+01
1.277962207794189453e+01
1.226404285430908203e+01
1.189838218688964844e+01
1.194218921661376953e+01
1.189895439147949219e+01
1.201846599578857422e+01
1.211440467834472656e+01
1.281499195098876953e+01
1.333410930633544922e+01
1.336159896850585938e+01
1.313301753997802734e+01
1.308122920989990234e+01
1.275582027435302734e+01
1.335273361206054688e+01
1.342633724212646484e+01
1.340805912017822266e+01
1.334108257293701172e+01
1.323936271667480469e+01
1.284541988372802734e+01
1.254149150848388672e+01
1.268319416046142578e+01
1.292486572265625000e+01
1.286579036712646484e+01
1.255588054656982422e+01
1.233347415924072266e+01
1.258872699737548828e+01
1.258445644378662109e+01
1.253288364410400391e+01
1.242496776580810547e+01
1.230857276916503906e+01
1.207067012786865234e+01
1.229441833496093750e+01
1.315762901306152344e+01
1.304456233978271484e+01
1.245540618896484375e+01
1.196247005462646484e+01
1.218356513977050781e+01
1.199306678771972656e+01
1.234497547149658203e+01
1.260352420806884766e+01
1.283082199096679688e+01
1.338367652893066406e+01
1.336125373840332031e+01
1.295024776458740234e+01
1.295770168304443359e+01
1.266583824157714844e+01
1.225388145446777344e+01
1.185280609130859375e+01
1.225925540924072266e+01
1.257067680358886719e+01
1.245665073394775391e+01
1.208063983917236328e+01
1.256615066528320312e+01
1.294758224487304688e+01
1.297282409667968750e+01
1.322978210449218750e+01
1.320737648010253906e+01
1.276310634613037109e+01
1.235942840576171875e+01
1.265796756744384766e+01
1.279903793334960938e+01
1.322890090942382812e+01
1.311311340332031250e+01
1.330922126770019531e+01
1.327007389068603516e+01
1.302482128143310547e+01
1.249618053436279297e+01
1.161931419372558594e+01
1.153713321685791016e+01
1.184219264984130859e+01
1.201028537750244141e+01
1.257744026184082031e+01
1.313632869720458984e+01
1.324761676788330078e+01
1.276886653900146484e+01
1.235406970977783203e+01
1.221387767791748047e+01
1.216085147857666016e+01
1.207004261016845703e+01
1.183911991119384766e+01
1.217067241668701172e+01
1.238717174530029297e+01
1.291230964660644531e+01
1.269478225708007812e+01
1.216156196594238281e+01
1.130322551727294922e+01
1.138417148590087891e+01
1.220650196075439453e+01
1.217601490020751953e+01
1.223628807067871094e+01
1.212384986877441406e+01
1.244255828857421875e+01
1.216133308410644531e+01
1.253086853027343750e+01
1.220958614349365234e+01
1.218729114532470703e+01
1.222510337829589844e+01
1.237150669097900391e+01
1.275740051269531250e+01
1.287599658966064453e+01
1.292202186584472656e+01
1.175673007965087891e+01
1.140130996704101562e+01
1.187543773651123047e+01
1.302134227752685547e+01
1.368346977233886719e+01
1.344603729248046875e+01
1.317922973632812500e+01
1.261715316772460938e+01
1.254362678527832031e+01
1.263494873046875000e+01
1.279353332519531250e+01
1.281452846527099609e+01
1.300916004180908203e+01
1.291583728790283203e+01
1.288744258880615234e+01
1.306587600708007812e+01
1.258314418792724609e+01
1.180072021484375000e+01
1.177510738372802734e+01
1.205878067016601562e+01
1.240724658966064453e+01
1.237366485595703125e+01
1.249181938171386719e+01
1.227547073364257812e+01
1.171670627593994141e+01
1.179462146759033203e+01
1.262231445312500000e+01
1.274362659454345703e+01
1.256398200988769531e+01
1.183061695098876953e+01
1.148692417144775391e+01
1.142077827453613281e+01
1.203082275390625000e+01
1.205102062225341797e+01
1.197081565856933594e+01
1.181640338897705078e+01
1.218211078643798828e+01
1.229257392883300781e+01
1.221710777282714844e+01
1.206065082550048828e+01
1.188998985290527344e+01
1.209867668151855469e+01
1.214057350158691406e+01
1.213055896759033203e+01
1.146322631835937500e+01
1.090149211883544922e+01
1.069972229003906250e+01
1.124712562561035156e+01
1.177856159210205078e+01
1.192308330535888672e+01
1.200629806518554688e+01
1.273730564117431641e+01
1.276018524169921875e+01
1.217224979400634766e+01
1.119770336151123047e+01
1.165632629394531250e+01
1.200965309143066406e+01
1.239599990844726562e+01
1.231989955902099609e+01
1.223957347869873047e+01
1.181906032562255859e+01
1.181665611267089844e+01
1.244996547698974609e+01
1.288654613494873047e+01
1.274772930145263672e+01
1.247289180755615234e+01
1.206704235076904297e+01
1.172276687622070312e+01
1.154831600189208984e+01
1.149206066131591797e+01
1.148863506317138672e+01
1.135274600982666016e+01
1.144035148620605469e+01
1.174353885650634766e+01
1.211761093139648438e+01
1.222795963287353516e+01
1.244562530517578125e+01
1.257536697387695312e+01
1.250570106506347656e+01
1.207401657104492188e+01
1.208170223236083984e+01
1.199752998352050781e+01
1.158735847473144531e+01
1.133061885833740234e+01
1.171791172027587891e+01
1.177968883514404297e+01
1.196228027343750000e+01
1.169414043426513672e+01
1.135491466522216797e+01
1.133312988281250000e+01
1.153332519531250000e+01
1.131202507019042969e+01
1.076197624206542969e+01
1.109891223907470703e+01
1.178931140899658203e+01
1.210564804077148438e+01
1.194798755645751953e+01
1.166561698913574219e+01
1.152050399780273438e+01
1.171708583831787109e+01
1.194048976898193359e+01
1.214118766784667969e+01
1.170759010314941406e+01
1.138958644866943359e+01
1.137109756469726562e+01
1.239926719665527344e+01
1.286882972717285156e+01
1.275065326690673828e+01
1.256136035919189453e+01
1.221929454803466797e+01
1.164536380767822266e+01
1.102976322174072266e+01
1.142753791809082031e+01
1.177759075164794922e+01
1.191015052795410156e+01
1.133908176422119141e+01
1.148731708526611328e+01
1.199202156066894531e+01
1.209738063812255859e+01
1.157090473175048828e+01
1.096084213256835938e+01
1.125545787811279297e+01
1.161987304687500000e+01
1.189525127410888672e+01
1.169884300231933594e+01
1.161437034606933594e+01
1.199799346923828125e+01
1.242565536499023438e+01
1.201736640930175781e+01
1.155024623870849609e+01
1.190382289886474609e+01
1.159709548950195312e+01
1.104105281829833984e+01
1.123077583312988281e+01
1.166243362426757812e+01
1.159583091735839844e+01
1.151623058319091797e+01
1.172411346435546875e+01
1.203218078613281250e+01
1.188010025024414062e+01
1.153836345672607422e+01
1.130483531951904297e+01
1.188924407958984375e+01
1.229454231262207031e+01
1.223478412628173828e+01
1.206601715087890625e+01
1.163468742370605469e+01
1.146330070495605469e+01
1.127510356903076172e+01
1.093238449096679688e+01
1.117193317413330078e+01
1.078817176818847656e+01
1.122192382812500000e+01
1.169138813018798828e+01
1.164003467559814453e+01
1.225446510314941406e+01
1.234052944183349609e+01
1.228009796142578125e+01
1.184630680084228516e+01
1.185575389862060547e+01
1.227408695220947266e+01
1.254979324340820312e+01
1.228621006011962891e+01
1.204116630554199219e+01
1.174123382568359375e+01
1.159869194030761719e+01
1.145286846160888672e+01
1.138591670989990234e+01
1.187387657165527344e+01
1.243610763549804688e+01
1.271495628356933594e+01
1.258033275604248047e+01
1.202306652069091797e+01
1.125577449798583984e+01
1.137164020538330078e+01
1.157693958282470703e+01
1.206649208068847656e+01
1.249405002593994141e+01
1.224545955657958984e+01
1.188045215606689453e+01
1.217006969451904297e+01
1.196547412872314453e+01
1.182946586608886719e+01
1.186882305145263672e+01
1.204224967956542969e+01
1.163135719299316406e+01
1.157758140563964844e+01
1.147624492645263672e+01
1.151353454589843750e+01
1.165672397613525391e+01
1.209907054901123047e+01
1.226143455505371094e+01
1.185824489593505859e+01
1.163888740539550781e+01
1.180643081665039062e+01
1.195004272460937500e+01
1.170459365844726562e+01
1.131533336639404297e+01
1.114248180389404297e+01
1.090487766265869141e+01
1.071984100341796875e+01
1.145353698730468750e+01
1.228484725952148438e+01
1.220636177062988281e+01
1.184750366210937500e+01
1.156838035583496094e+01
1.120120811462402344e+01
1.087779045104980469e+01
1.112278366088867188e+01
1.185488605499267578e+01
1.192926025390625000e+01
1.188680362701416016e+01
1.177628707885742188e+01
1.181949901580810547e+01
1.186735153198242188e+01
1.168484210968017578e+01
1.181407260894775391e+01
1.157219123840332031e+01
1.162380599975585938e+01
1.135851001739501953e+01
1.153574943542480469e+01
1.150751018524169922e+01
1.166786766052246094e+01
1.142231273651123047e+01
1.149930572509765625e+01
1.116631221771240234e+01
1.097206497192382812e+01
1.137029933929443359e+01
1.178669548034667969e+01
1.170464134216308594e+01
1.207490634918212891e+01
1.211120033264160156e+01
1.207231807708740234e+01
1.197114658355712891e+01
1.180899047851562500e+01
1.122749423980712891e+01
1.094326400756835938e+01
1.125043773651123047e+01
1.136943244934082031e+01
1.139510345458984375e+01
1.117691135406494141e+01
1.146786308288574219e+01
1.159201622009277344e+01
1.141209506988525391e+01
1.146900367736816406e+01
1.184392929077148438e+01
1.184313869476318359e+01
1.197244834899902344e+01
1.191048336029052734e+01
1.179903793334960938e+01
1.216182422637939453e+01
1.225378036499023438e+01
1.233109092712402344e+01
1.180406188964843750e+01
1.154183578491210938e+01
1.138931560516357422e+01
1.166126728057861328e+01
1.179049587249755859e+01
1.158394432067871094e+01
1.165133476257324219e+01
1.168482971191406250e+01
1.139256191253662109e+01
1.197404766082763672e+01
1.239622592926025391e+01
1.229266071319580078e+01
1.168005752563476562e+01
1.189045143127441406e+01
1.194579315185546875e+01
1.152868080139160156e+01
1.136088657379150391e+01
1.182203292846679688e+01
1.192591476440429688e+01
1.171123409271240234e+01
1.135335159301757812e+01
1.115272521972656250e+01
1.108544731140136719e+01
1.141553497314453125e+01
1.126250457763671875e+01
1.116057682037353516e+01
1.134044742584228516e+01
1.159262371063232422e+01
1.163196849822998047e+01
1.168841838836669922e+01
1.155306053161621094e+01
1.161250591278076172e+01
1.172869682312011719e+01
1.163633918762207031e+01
1.186256027221679688e+01
1.237401199340820312e+01
1.196157550811767578e+01
1.129933452606201172e+01
1.126451301574707031e+01
1.176325511932373047e+01
1.188772964477539062e+01
1.242348003387451172e+01
1.253947925567626953e+01
1.215199089050292969e+01
1.186993885040283203e+01
1.189806652069091797e+01
1.198997402191162109e+01
1.148621368408203125e+01
1.147201251983642578e+01
1.161189079284667969e+01
1.137423610687255859e+01
1.148293113708496094e+01
1.221810245513916016e+01
1.246705245971679688e+01
1.235181236267089844e+01
1.185882854461669922e+01
1.189656639099121094e+01
1.193899059295654297e+01
1.185501861572265625e+01
1.231449508666992188e+01
1.270490264892578125e+01
1.239937400817871094e+01
1.185310745239257812e+01
1.151529121398925781e+01
1.073575401306152344e+01
1.063903617858886719e+01
1.094824123382568359e+01
1.109735965728759766e+01
1.145344829559326172e+01
1.189624500274658203e+01
1.182490253448486328e+01
1.226335144042968750e+01
1.260829830169677734e+01
1.258286666870117188e+01
1.229027652740478516e+01
1.219915294647216797e+01
1.251508140563964844e+01
1.241929435729980469e+01
1.207439899444580078e+01
1.171009254455566406e+01
1.174460601806640625e+01
1.185263252258300781e+01
1.201764678955078125e+01
1.205871391296386719e+01
1.195062446594238281e+01
1.196546077728271484e+01
1.183534908294677734e+01
1.217119598388671875e+01
1.218314456939697266e+01
1.226307010650634766e+01
1.165444850921630859e+01
1.123361778259277344e+01
1.096073150634765625e+01
1.172973346710205078e+01
1.248811531066894531e+01
1.270542049407958984e+01
1.266739845275878906e+01
1.262302303314208984e+01
1.209616470336914062e+01
1.182787132263183594e+01
1.192913913726806641e+01
1.234809589385986328e+01
1.269761943817138672e+01
1.239829349517822266e+01
1.197277069091796875e+01
1.204463100433349609e+01
1.237601947784423828e+01
1.221067142486572266e+01
1.242331886291503906e+01
1.224026775360107422e+01
1.214507007598876953e+01
1.178079414367675781e+01
1.161757755279541016e+01
1.163299179077148438e+01
1.156449699401855469e+01
1.228953266143798828e+01
1.298196697235107422e+01
1.317504596710205078e+01
1.263283634185791016e+01
1.214805221557617188e+01
1.204474639892578125e+01
1.214438819885253906e+01
1.230364990234375000e+01
1.257508468627929688e+01
1.230272769927978516e+01
1.189484405517578125e+01
1.147989749908447266e+01
1.174993801116943359e+01
1.196001052856445312e+01
1.251292705535888672e+01
1.220525169372558594e+01
1.199134445190429688e+01
1.209065341949462891e+01
1.229652023315429688e+01
1.201960754394531250e+01
1.174368095397949219e+01
1.161709117889404297e+01
1.161272811889648438e+01
1.256331634521484375e+01
1.277074527740478516e+01
1.244360923767089844e+01
1.263575267791748047e+01
1.327067852020263672e+01
1.338517284393310547e+01
1.277272701263427734e+01
1.272464466094970703e+01
1.249783515930175781e+01
1.205841922760009766e+01
1.212816715240478516e+01
1.240290737152099609e+01
1.233649921417236328e+01
1.196918010711669922e+01
1.166176700592041016e+01
1.209150695800781250e+01
1.231515216827392578e+01
1.240816211700439453e+01
1.265976810455322266e+01
1.270318317413330078e+01
1.273067760467529297e+01
1.287870979309082031e+01
1.297378158569335938e+01
1.296601200103759766e+01
1.270265483856201172e+01
1.261829280853271484e+01
1.277982616424560547e+01
1.270299625396728516e+01
1.154466152191162109e+01
1.101666736602783203e+01
1.138084030151367188e+01
1.214494991302490234e+01
1.250621604919433594e+01
1.239710330963134766e+01
1.202451324462890625e+01
1.198551082611083984e+01
1.266083908081054688e+01
1.246931934356689453e+01
1.248109817504882812e+01
1.247528839111328125e+01
1.232261371612548828e+01
1.256965065002441406e+01
1.208322048187255859e+01
1.223537254333496094e+01
1.251194572448730469e+01
1.270032882690429688e+01
1.255927276611328125e+01
1.248252677917480469e+01
1.277332019805908203e+01
1.251798820495605469e+01
1.276037597656250000e+01
1.277955722808837891e+01
1.313621616363525391e+01
1.281272220611572266e+01
1.274661922454833984e+01
1.231487178802490234e+01
1.251465988159179688e+01
1.269792270660400391e+01
1.260357379913330078e+01
1.245409965515136719e+01
1.261396503448486328e+01
1.268019390106201172e+01
1.229280376434326172e+01
1.230830860137939453e+01
1.239361858367919922e+01
1.270423698425292969e+01
1.278172874450683594e+01
1.251380538940429688e+01
1.216117763519287109e+01
1.236090469360351562e+01
1.257341098785400391e+01
1.265519809722900391e+01
1.308427333831787109e+01
1.256174564361572266e+01
1.219281005859375000e+01
1.256361865997314453e+01
1.311992835998535156e+01
1.273620605468750000e+01
1.253101348876953125e+01
1.241963577270507812e+01
1.234280776977539062e+01
1.228069496154785156e+01
1.143765735626220703e+01
1.137783145904541016e+01
1.206847667694091797e+01
1.297692680358886719e+01
1.258735942840576172e+01
1.225682735443115234e+01
1.247291755676269531e+01
1.271555328369140625e+01
1.308155345916748047e+01
1.272106266021728516e+01
1.223646259307861328e+01
1.139622783660888672e+01
1.192313194274902344e+01
1.272292900085449219e+01
1.253294563293457031e+01
1.187619400024414062e+01
1.147632026672363281e+01
1.192834949493408203e+01
1.232582664489746094e+01
1.318550014495849609e+01
1.361210060119628906e+01
1.324187183380126953e+01
1.276448917388916016e+01
1.212787914276123047e+01
1.208743095397949219e+01
1.212464237213134766e+01
1.208446121215820312e+01
1.189153957366943359e+01
1.199585437774658203e+01
1.222363090515136719e+01
1.266743087768554688e+01
1.290816688537597656e+01
1.272248268127441406e+01
1.290699386596679688e+01
1.323672199249267578e+01
1.301654720306396484e+01
1.213196468353271484e+01
1.141695404052734375e+01
1.172212314605712891e+01
1.295020198822021484e+01
1.336622619628906250e+01
1.301439857482910156e+01
1.288530731201171875e+01
1.328559494018554688e+01
1.389346790313720703e+01
1.317564392089843750e+01
1.222086524963378906e+01
1.212098693847656250e+01
1.247304630279541016e+01
1.272290134429931641e+01
1.221332168579101562e+01
1.193133640289306641e+01
1.194682979583740234e+01
1.188358974456787109e+01
1.210134601593017578e+01
1.231368160247802734e+01
1.278349018096923828e+01
1.263535308837890625e+01
1.230296516418457031e+01
1.195242023468017578e+01
1.197560405731201172e+01
1.209430789947509766e+01
1.190836048126220703e+01
1.159410285949707031e+01
1.182732486724853516e+01
1.215189933776855469e+01
1.255555438995361328e+01
1.287156867980957031e+01
1.314210891723632812e+01
1.316565036773681641e+01
1.295812892913818359e+01
1.224184799194335938e+01
1.238506603240966797e+01
1.244056510925292969e+01
1.289033603668212891e+01
1.332314300537109375e+01
1.388956546783447266e+01
1.354331588745117188e+01
1.264700984954833984e+01
1.247575473785400391e+01
1.200595188140869141e+01
1.209813117980957031e+01
1.212329578399658203e+01
1.216889953613281250e+01
1.243835067749023438e+01
1.253271865844726562e+01
1.251616191864013672e+01
1.236633682250976562e+01
1.208485984802246094e+01
1.201607799530029297e+01
1.200871753692626953e+01
1.249365425109863281e+01
1.282224750518798828e+01
1.333783531188964844e+01
1.347655010223388672e+01
1.373295211791992188e+01
1.355375766754150391e+01
1.310536003112792969e+01
1.210825824737548828e+01
1.183884048461914062e+01
1.244044113159179688e+01
1.304456996917724609e+01
1.340925407409667969e+01
1.391445159912109375e+01
1.353900527954101562e+01
1.275559711456298828e+01
1.188755989074707031e+01
1.175857639312744141e+01
1.154797649383544922e+01
1.153457260131835938e+01
1.181296730041503906e+01
1.252852630615234375e+01
1.299814128875732422e+01
1.300305747985839844e+01
1.353602981567382812e+01
1.347650623321533203e+01
1.278051185607910156e+01
1.254730510711669922e+01
1.317181682586669922e+01
1.283199977874755859e+01
1.231606483459472656e+01
1.244965744018554688e+01
1.282127952575683594e+01
1.337349319458007812e+01
1.293152332305908203e+01
1.238639354705810547e+01
1.284172439575195312e+01
1.329094696044921875e+01
1.323138332366943359e+01
1.272733879089355469e+01
1.264336681365966797e+01
1.304370117187500000e+01
1.314014244079589844e+01
1.267242431640625000e+01
1.249088668823242188e+01
1.276831722259521484e+01
1.340671539306640625e+01
1.314056205749511719e+01
1.246582984924316406e+01
1.227379512786865234e+01
1.195577526092529297e+01
1.246695995330810547e+01
1.252642536163330078e+01
1.239894866943359375e+01
1.224621868133544922e+01
1.247861385345458984e+01
1.274277114868164062e+01
1.300021934509277344e+01
1.272118091583251953e+01
1.219574451446533203e+01
1.191894245147705078e+01
1.224853992462158203e+01
1.287502384185791016e+01
1.332949829101562500e+01
1.347086524963378906e+01
1.303903770446777344e+01
1.270264720916748047e+01
1.278538417816162109e+01
1.303774642944335938e+01
1.319401550292968750e+01
1.293200588226318359e+01
1.283769226074218750e+01
1.260477447509765625e+01
1.251860237121582031e+01
1.278094291687011719e+01
1.298620128631591797e+01
1.309685993194580078e+01
1.350773334503173828e+01
1.391776561737060547e+01
1.347370624542236328e+01
1.243085289001464844e+01
1.220514678955078125e+01
1.181599521636962891e+01
1.198230648040771484e+01
1.217617034912109375e+01
1.186995697021484375e+01
1.139500904083251953e+01
1.173351669311523438e+01
1.258952331542968750e+01
1.282688426971435547e+01
1.337603187561035156e+01
1.319993591308593750e+01
1.253648376464843750e+01
1.192717647552490234e+01
1.227802753448486328e+01
1.216741657257080078e+01
1.203828907012939453e+01
1.209920597076416016e+01
1.272557353973388672e+01
1.240295505523681641e+01
1.203250789642333984e+01
1.195811939239501953e+01
1.163719844818115234e+01
1.143565368652343750e+01
1.146497440338134766e+01
1.215512657165527344e+01
1.209989738464355469e+01
1.174371719360351562e+01
1.180452919006347656e+01
1.256037330627441406e+01
1.323295974731445312e+01
1.321286678314208984e+01
1.223521900177001953e+01
1.165903568267822266e+01
1.181513881683349609e+01
1.200387668609619141e+01
1.211600971221923828e+01
1.238049602508544922e+01
1.285528469085693359e+01
1.252046298980712891e+01
1.203720951080322266e+01
1.200032806396484375e+01
1.232433509826660156e+01
1.227725791931152344e+01
1.226325035095214844e+01
1.219791030883789062e+01
1.202360343933105469e+01
1.194740390777587891e+01
1.200560379028320312e+01
1.216448307037353516e+01
1.218717861175537109e+01
1.247430324554443359e+01
1.233225727081298828e+01
1.207942104339599609e+01
1.252844619750976562e+01
1.299211788177490234e+01
1.246031475067138672e+01
1.198202705383300781e+01
1.194428348541259766e+01
1.279091548919677734e+01
1.279287433624267578e+01
1.254424095153808594e+01
1.254857921600341797e+01
1.283180427551269531e+01
1.306466960906982422e+01
1.292289829254150391e+01
1.288714027404785156e+01
1.300823879241943359e+01
1.314885997772216797e+01
1.343083381652832031e+01
1.326855182647705078e+01
1.342662429809570312e+01
1.336560916900634766e+01
1.332933139801025391e+01
1.307621383666992188e+01
1.360797786712646484e+01
1.423786258697509766e+01
1.394455337524414062e+01
1.339072608947753906e+01
1.285322952270507812e+01
1.217205429077148438e+01
1.221340751647949219e+01
1.258083057403564453e+01
1.235232734680175781e+01
1.179063129425048828e+01
1.169805335998535156e+01
1.153764724731445312e+01
1.164816474914550781e+01
1.157103919982910156e+01
1.165350818634033203e+01
1.155117321014404297e+01
1.135846424102783203e+01
1.150423431396484375e+01
1.196683883666992188e+01
1.165621185302734375e+01
1.113359165191650391e+01
1.125167560577392578e+01
1.175288105010986328e+01
1.214485931396484375e+01
1.198453998565673828e+01
1.215863132476806641e+01
1.163540554046630859e+01
1.186181735992431641e+01
1.180916976928710938e+01
1.213290405273437500e+01
1.215567779541015625e+01
1.245708179473876953e+01
1.227603149414062500e+01
1.197207832336425781e+01
1.219840908050537109e+01
1.213368225097656250e+01
1.203303337097167969e+01
1.206673908233642578e+01
1.249293994903564453e+01
1.252006435394287109e+01
1.234083652496337891e+01
1.176028537750244141e+01
1.166617774963378906e+01
1.199728107452392578e+01
1.192199516296386719e+01
1.175681972503662109e+01
1.200312614440917969e+01
1.210245800018310547e+01
1.217821502685546875e+01
1.229053783416748047e+01
1.264969253540039062e+01
1.239027690887451172e+01
1.167196655273437500e+01
1.159802913665771484e+01
1.182460212707519531e+01
1.212134170532226562e+01
1.239263343811035156e+01
1.275475692749023438e+01
1.286870288848876953e+01
1.269143772125244141e+01
1.195131301879882812e+01
1.114124298095703125e+01
1.152821159362792969e+01
1.225011825561523438e+01
1.257742500305175781e+01
1.229337978363037109e+01
1.217672729492187500e+01
1.148369503021240234e+01
1.107870101928710938e+01
1.114426231384277344e+01
1.160010051727294922e+01
1.193339157104492188e+01
1.203566551208496094e+01
1.201642894744873047e+01
1.178199291229248047e+01
1.165169429779052734e+01
1.145339107513427734e+01
1.153746891021728516e+01
1.153065490722656250e+01
1.165556049346923828e+01
1.150188446044921875e+01
1.172427177429199219e+01
1.124760341644287109e+01
1.128304862976074219e+01
1.156846523284912109e+01
1.155052661895751953e+01
1.088072681427001953e+01
1.065164852142333984e+01
1.111490821838378906e+01
1.143230342864990234e+01
1.134420013427734375e+01
1.127066421508789062e+01
1.154038715362548828e+01
1.197256469726562500e+01
1.207384681701660156e+01
1.172687339782714844e+01
1.181031131744384766e+01
1.218849849700927734e+01
1.226317214965820312e+01
1.179924774169921875e+01
1.190209197998046875e+01
1.215142154693603516e+01
1.188284015655517578e+01
1.050541210174560547e+01
1.046935653686523438e+01
1.064550018310546875e+01
1.160009956359863281e+01
1.177591800689697266e+01
1.099999332427978516e+01
1.076078891754150391e+01
1.103469562530517578e+01
1.165328788757324219e+01
1.182699775695800781e+01
1.242405414581298828e+01
1.239174365997314453e+01
1.200655746459960938e+01
1.168051719665527344e+01
1.158830833435058594e+01
1.129592132568359375e+01
1.122022056579589844e+01
1.146627807617187500e+01
1.085547637939453125e+01
1.065774631500244141e+01
1.124597454071044922e+01
1.117196273803710938e+01
1.063755416870117188e+01
1.051020240783691406e+01
1.088267612457275391e+01
1.132680606842041016e+01
1.140522098541259766e+01
1.164870071411132812e+01
1.189375972747802734e+01
1.231112957000732422e+01
1.185127162933349609e+01
1.116774940490722656e+01
1.093923473358154297e+01
1.080144596099853516e+01
1.060060501098632812e+01
1.066814899444580078e+01
1.076391506195068359e+01
1.047382831573486328e+01
1.044851016998291016e+01
1.031982803344726562e+01
1.070974445343017578e+01
1.152538108825683594e+01
1.202003860473632812e+01
1.131296348571777344e+01
1.059686183929443359e+01
1.078608894348144531e+01
1.095113372802734375e+01
1.072097206115722656e+01
1.077524471282958984e+01
1.118103790283203125e+01
1.121181488037109375e+01
1.092345333099365234e+01
1.048485088348388672e+01
1.062023353576660156e+01
1.048978710174560547e+01
1.090773773193359375e+01
1.136482143402099609e+01
1.149703407287597656e+01
1.137101173400878906e+01
1.102602481842041016e+01
1.084196186065673828e+01
1.119153022766113281e+01
1.149633502960205078e+01
1.113400745391845703e+01
1.100009727478027344e+01
1.109105014801025391e+01
1.126456451416015625e+01
1.102393722534179688e+01
1.114090156555175781e+01
1.090450668334960938e+01
1.109660720825195312e+01
1.151942348480224609e+01
1.135868740081787109e+01
1.074314308166503906e+01
1.080908203125000000e+01
1.078176879882812500e+01
1.160607624053955078e+01
1.244439697265625000e+01
1.238600349426269531e+01
1.179306888580322266e+01
1.213763141632080078e+01
1.312766265869140625e+01
1.256611824035644531e+01
1.215220642089843750e+01
1.123234558105468750e+01
1.089809417724609375e+01
1.077099609375000000e+01
1.100383758544921875e+01
1.129955577850341797e+01
1.062532424926757812e+01
1.066634941101074219e+01
1.088547801971435547e+01
1.125449562072753906e+01
1.124829483032226562e+01
1.162186717987060547e+01
1.222785091400146484e+01
1.252732276916503906e+01
1.219688892364501953e+01
1.112838363647460938e+01
1.114256381988525391e+01
1.123878574371337891e+01
1.062201118469238281e+01
1.020596027374267578e+01
1.062785148620605469e+01
1.135449409484863281e+01
1.217874622344970703e+01
1.272821044921875000e+01
1.234139442443847656e+01
1.169131183624267578e+01
1.116597175598144531e+01
1.095616149902343750e+01
1.060447597503662109e+01
1.034912395477294922e+01
1.083059692382812500e+01
1.084394073486328125e+01
1.097746086120605469e+01
1.117919445037841797e+01
1.161540508270263672e+01
1.209871578216552734e+01
1.224085044860839844e+01
1.171217823028564453e+01
1.172530269622802734e+01
1.187494945526123047e+01
1.114391231536865234e+01
1.109201717376708984e+01
1.085752964019775391e+01
1.078431129455566406e+01
1.145817089080810547e+01
1.247903442382812500e+01
1.179566764831542969e+01
1.110127544403076172e+01
1.102714347839355469e+01
1.171117973327636719e+01
1.220887851715087891e+01
1.195474147796630859e+01
1.120051574707031250e+01
1.111912822723388672e+01
1.153792858123779297e+01
1.103429317474365234e+01
1.120602798461914062e+01
1.131590747833251953e+01
1.107733058929443359e+01
1.136585426330566406e+01
1.152542591094970703e+01
1.179898452758789062e+01
1.130645084381103516e+01
1.146021842956542969e+01
1.121396446228027344e+01
1.123546791076660156e+01
1.123248004913330078e+01
1.105804824829101562e+01
1.072248554229736328e+01
1.038658523559570312e+01
9.773827552795410156e+00
9.644964218139648438e+00
9.926564216613769531e+00
1.029595470428466797e+01
1.006000709533691406e+01
1.045089435577392578e+01
1.087341308593750000e+01
1.110782527923583984e+01
1.074716949462890625e+01
1.020074844360351562e+01
9.731204032897949219e+00
1.043628692626953125e+01
1.157897090911865234e+01
1.230309391021728516e+01
1.244494819641113281e+01
1.253594398498535156e+01
1.229982948303222656e+01
1.185786914825439453e+01
1.184419822692871094e+01
1.110067749023437500e+01
1.091227817535400391e+01
1.058583545684814453e+01
1.108240985870361328e+01
1.125104808807373047e+01
1.063458728790283203e+01
1.093092155456542969e+01
1.141548442840576172e+01
1.097584724426269531e+01
1.026056671142578125e+01
1.018271636962890625e+01
1.078464126586914062e+01
1.140249729156494141e+01
1.142086887359619141e+01
1.109654426574707031e+01
1.091528511047363281e+01
1.106792163848876953e+01
1.106390571594238281e+01
1.105413150787353516e+01
1.067929267883300781e+01
1.047177982330322266e+01
1.089861202239990234e+01
1.054512214660644531e+01
9.537030220031738281e+00
1.018444538116455078e+01
1.159161186218261719e+01
1.193722534179687500e+01
1.123464012145996094e+01
1.112164020538330078e+01
1.147367382049560547e+01
1.179244899749755859e+01
1.148481941223144531e+01
1.069639110565185547e+01
9.904750823974609375e+00
9.382302284240722656e+00
1.014863109588623047e+01
1.034142971038818359e+01
1.026093196868896484e+01
9.918491363525390625e+00
1.025597381591796875e+01
1.130936527252197266e+01
1.178615474700927734e+01
1.118266677856445312e+01
1.022127151489257812e+01
9.389419555664062500e+00
9.013272285461425781e+00
9.688419342041015625e+00
1.033141899108886719e+01
1.052621650695800781e+01
1.062583923339843750e+01
1.068350982666015625e+01
1.067388439178466797e+01
1.118483734130859375e+01
1.169235229492187500e+01
1.150150775909423828e+01
1.054378509521484375e+01
1.013257217407226562e+01
9.334280014038085938e+00
1.003150081634521484e+01
1.060083770751953125e+01
1.128284072875976562e+01
1.007627487182617188e+01
9.725155830383300781e+00
1.077422904968261719e+01
1.195397377014160156e+01
1.251415634155273438e+01
1.207528495788574219e+01
1.128342151641845703e+01
1.106204986572265625e+01
1.034235095977783203e+01
1.068201255798339844e+01
1.080423736572265625e+01
1.050850582122802734e+01
1.009710311889648438e+01
1.006883621215820312e+01
9.025202751159667969e+00
8.921236038208007812e+00
9.524056434631347656e+00
1.028352546691894531e+01
1.054677391052246094e+01
1.070519256591796875e+01
1.161621761322021484e+01
1.163211059570312500e+01
1.047873115539550781e+01
1.009652137756347656e+01
1.103329467773437500e+01
1.100127983093261719e+01
1.110710525512695312e+01
1.101825428009033203e+01
1.172923088073730469e+01
1.167949771881103516e+01
1.082003974914550781e+01
9.278708457946777344e+00
1.040159320831298828e+01
1.082230949401855469e+01
1.213742637634277344e+01
1.226353740692138672e+01
1.144881439208984375e+01
1.051346778869628906e+01
1.015415191650390625e+01
9.974193572998046875e+00
9.058732986450195312e+00
8.708188056945800781e+00
8.274158477783203125e+00
8.730424880981445312e+00
9.732720375061035156e+00
1.090552330017089844e+01
1.180382633209228516e+01
1.068603324890136719e+01
1.025052070617675781e+01
9.829827308654785156e+00
9.500428199768066406e+00
9.346057891845703125e+00
1.074809551239013672e+01
1.110305023193359375e+01
1.045438957214355469e+01
9.526641845703125000e+00
9.685611724853515625e+00
9.852894783020019531e+00
9.780206680297851562e+00
1.135263442993164062e+01
1.227201271057128906e+01
1.134144496917724609e+01
9.007513046264648438e+00
9.707718849182128906e+00
9.412147521972656250e+00
8.560237884521484375e+00
8.326285362243652344e+00
8.611179351806640625e+00
1.031146526336669922e+01
1.223588085174560547e+01
1.222896957397460938e+01
1.283625125885009766e+01
1.331314754486083984e+01
1.266106033325195312e+01
9.871262550354003906e+00
8.575607299804687500e+00
9.114879608154296875e+00
1.000238800048828125e+01
8.537067413330078125e+00
6.905221462249755859e+00
7.911506175994873047e+00
8.421983718872070312e+00
7.270414352416992188e+00
7.273675918579101562e+00
8.383108139038085938e+00
9.102102279663085938e+00
9.558033943176269531e+00
1.004842758178710938e+01
9.884567260742187500e+00
8.520634651184082031e+00
7.980566978454589844e+00
8.290228843688964844e+00
6.865549087524414062e+00
6.593419075012207031e+00
8.384386062622070312e+00
9.638633728027343750e+00
7.200847148895263672e+00
6.078007221221923828e+00
7.256003856658935547e+00
9.529132843017578125e+00
1.045758438110351562e+01
9.940077781677246094e+00
7.739968776702880859e+00
6.909147262573242188e+00
7.411883354187011719e+00
9.044622421264648438e+00
1.159704113006591797e+01
1.379930686950683594e+01
1.368208217620849609e+01
1.053260517120361328e+01
1.024827098846435547e+01
1.274860477447509766e+01
1.371462345123291016e+01
1.182427692413330078e+01
1.035544586181640625e+01
8.778094291687011719e+00
7.757216930389404297e+00
4.881727695465087891e+00
3.384675264358520508e+00
5.471324920654296875e+00
7.759630203247070312e+00
7.363524913787841797e+00
5.328992366790771484e+00
4.052182674407958984e+00
2.211077064275741577e-01
-4.228889048099517822e-01
-3.319126069545745850e-01
nan
nan
nan
nan
nan
nan
nan
nan
nan
nan
nan
nan
nan
nan
nan
nan
nan
nan
nan
nan
nan
nan
nan
nan
nan
nan
nan
nan
nan
nan
nan
nan
nan
nan
nan
nan
nan
nan
nan
nan
nan
nan
nan
nan
nan
nan
nan
nan
nan
nan
nan
nan
nan
nan
nan
nan
nan
nan
nan
nan
nan
nan
nan
nan
nan
nan
nan
nan
nan
nan
nan
nan
nan
nan
nan
nan
nan
nan
nan
nan
nan
nan
nan
nan
nan
nan
nan
nan
nan
nan
nan
nan
nan
