nan
nan
nan
nan
nan
nan
nan
nan
nan
nan
nan
nan
nan
nan
nan
nan
nan
nan
nan
nan
nan
nan
nan
nan
nan
nan
nan
2.956884765625000000e+02
2.980836791992187500e+02
2.890453796386718750e+02
2.808987426757812500e+02
2.749470520019531250e+02
2.747095031738281250e+02
2.729183654785156250e+02
2.736937255859375000e+02
2.753391113281250000e+02
2.754574279785156250e+02
2.783197631835937500e+02
2.764863281250000000e+02
2.714506225585937500e+02
2.679671936035156250e+02
2.686498413085937500e+02
2.759484252929687500e+02
2.768388977050781250e+02
2.754126586914062500e+02
2.735729980468750000e+02
2.782155761718750000e+02
2.806605834960937500e+02
2.772495117187500000e+02
2.745608215332031250e+02
2.735582885742187500e+02
2.744426574707031250e+02
2.756756591796875000e+02
2.758598937988281250e+02
2.764678955078125000e+02
2.720491638183593750e+02
2.669153747558593750e+02
2.646396789550781250e+02
2.646058959960937500e+02
2.660570068359375000e+02
2.633121948242187500e+02
2.637177124023437500e+02
2.632993469238281250e+02
2.664983825683593750e+02
2.676289978027343750e+02
2.713042297363281250e+02
2.722557678222656250e+02
2.728354797363281250e+02
2.724101562500000000e+02
2.686246948242187500e+02
2.690236816406250000e+02
2.670463867187500000e+02
2.651258239746093750e+02
2.653066711425781250e+02
2.637275085449218750e+02
2.657145080566406250e+02
2.662102355957031250e+02
2.696188354492187500e+02
2.697216186523437500e+02
2.650066833496093750e+02
2.642995605468750000e+02
2.629144287109375000e+02
2.640975952148437500e+02
2.645745544433593750e+02
2.665794372558593750e+02
2.704132995605468750e+02
2.691447448730468750e+02
2.692043762207031250e+02
2.704114990234375000e+02
2.709203491210937500e+02
2.727088623046875000e+02
2.724476318359375000e+02
2.724035034179687500e+02
2.690189208984375000e+02
2.682078857421875000e+02
2.718491516113281250e+02
2.707872619628906250e+02
2.693654174804687500e+02
2.692569274902343750e+02
2.721823425292968750e+02
2.737666015625000000e+02
2.709993286132812500e+02
2.643724060058593750e+02
2.621584777832031250e+02
2.628178710937500000e+02
2.677761230468750000e+02
2.687442321777343750e+02
2.661041259765625000e+02
2.644032287597656250e+02
2.632634582519531250e+02
2.621177673339843750e+02
2.648231201171875000e+02
2.647322082519531250e+02
2.690895080566406250e+02
2.706163330078125000e+02
2.711869506835937500e+02
2.679921264648437500e+02
2.651146850585937500e+02
2.630321350097656250e+02
2.650192871093750000e+02
2.661852111816406250e+02
2.687268981933593750e+02
2.698098754882812500e+02
2.684576416015625000e+02
2.663141174316406250e+02
2.630805969238281250e+02
2.661432495117187500e+02
2.683077392578125000e+02
2.692954101562500000e+02
2.668624572753906250e+02
2.653963317871093750e+02
2.643395690917968750e+02
2.652774353027343750e+02
2.652360839843750000e+02
2.665772399902343750e+02
2.673608398437500000e+02
2.693366699218750000e+02
2.705113830566406250e+02
2.690250244140625000e+02
2.685551757812500000e+02
2.665058288574218750e+02
2.676586303710937500e+02
2.688312072753906250e+02
2.694567260742187500e+02
2.708291625976562500e+02
2.724855651855468750e+02
2.718358459472656250e+02
2.696805419921875000e+02
2.664631652832031250e+02
2.632680969238281250e+02
2.610086669921875000e+02
2.638604125976562500e+02
2.663096313476562500e+02
2.692236633300781250e+02
2.710099792480468750e+02
2.724698791503906250e+02
2.729360046386718750e+02
2.711414184570312500e+02
2.700543518066406250e+02
2.713948364257812500e+02
2.704381713867187500e+02
2.705902099609375000e+02
2.675858459472656250e+02
2.716611022949218750e+02
2.731157531738281250e+02
2.741075134277343750e+02
2.739034423828125000e+02
2.762488098144531250e+02
2.774455566406250000e+02
2.797672424316406250e+02
2.810216064453125000e+02
2.789159545898437500e+02
2.781577758789062500e+02
2.747463989257812500e+02
2.719647827148437500e+02
2.703398132324218750e+02
2.698849487304687500e+02
2.725363769531250000e+02
2.727354736328125000e+02
2.725087890625000000e+02
2.715384521484375000e+02
2.709693298339843750e+02
2.713221740722656250e+02
2.724755859375000000e+02
2.739667053222656250e+02
2.745651855468750000e+02
2.742138061523437500e+02
2.727189331054687500e+02
2.716824645996093750e+02
2.730877380371093750e+02
2.760092773437500000e+02
2.776697692871093750e+02
2.765694885253906250e+02
2.730280456542968750e+02
2.723161926269531250e+02
2.699225463867187500e+02
2.700061645507812500e+02
2.693218688964843750e+02
2.709682617187500000e+02
2.746609497070312500e+02
2.766406555175781250e+02
2.779604492187500000e+02
2.750630798339843750e+02
2.712334594726562500e+02
2.720517272949218750e+02
2.733493652343750000e+02
2.740052795410156250e+02
2.719130249023437500e+02
2.726331176757812500e+02
2.752267150878906250e+02
2.759645996093750000e+02
2.768457031250000000e+02
2.710075073242187500e+02
2.680363769531250000e+02
2.682327270507812500e+02
2.711544189453125000e+02
2.710147399902343750e+02
2.712096862792968750e+02
2.724844055175781250e+02
2.764899902343750000e+02
2.788264160156250000e+02
2.778070678710937500e+02
2.746255187988281250e+02
2.736224670410156250e+02
2.739300842285156250e+02
2.727932739257812500e+02
2.703899841308593750e+02
2.684545593261718750e+02
2.675844116210937500e+02
2.693411254882812500e+02
2.717996520996093750e+02
2.753848876953125000e+02
2.742071838378906250e+02
2.737577819824218750e+02
2.739604797363281250e+02
2.749117431640625000e+02
2.771141052246093750e+02
2.760746154785156250e+02
2.773484191894531250e+02
2.784400939941406250e+02
2.780857238769531250e+02
2.769566955566406250e+02
2.782545166015625000e+02
2.774187011718750000e+02
2.746198425292968750e+02
2.715565185546875000e+02
2.691109619140625000e+02
2.697749328613281250e+02
2.714154357910156250e+02
2.712037963867187500e+02
2.706696166992187500e+02
2.701195983886718750e+02
2.710321044921875000e+02
2.732618103027343750e+02
2.751534118652343750e+02
2.774398193359375000e+02
2.778379821777343750e+02
2.763483581542968750e+02
2.745085144042968750e+02
2.729924011230468750e+02
2.727120056152343750e+02
2.738238525390625000e+02
2.743987121582031250e+02
2.738027038574218750e+02
2.717456359863281250e+02
2.711320495605468750e+02
2.736581420898437500e+02
2.719905700683593750e+02
2.731232604980468750e+02
2.709624328613281250e+02
2.732077636718750000e+02
2.741547546386718750e+02
2.738093566894531250e+02
2.740079345703125000e+02
2.742018737792968750e+02
2.749680480957031250e+02
2.742022094726562500e+02
2.755831298828125000e+02
2.778488464355468750e+02
2.792518310546875000e+02
2.768455810546875000e+02
2.736426086425781250e+02
2.726240539550781250e+02
2.733664550781250000e+02
2.743947448730468750e+02
2.745628356933593750e+02
2.730305786132812500e+02
2.721278381347656250e+02
2.710149536132812500e+02
2.721654052734375000e+02
2.710706176757812500e+02
2.692270507812500000e+02
2.663360290527343750e+02
2.671338195800781250e+02
2.679500427246093750e+02
2.700923767089843750e+02
2.713546447753906250e+02
2.727566223144531250e+02
2.737857360839843750e+02
2.718206481933593750e+02
2.711113891601562500e+02
2.674188232421875000e+02
2.683407897949218750e+02
2.695356140136718750e+02
2.737669372558593750e+02
2.746306762695312500e+02
2.730658264160156250e+02
2.703630981445312500e+02
2.655818786621093750e+02
2.644387512207031250e+02
2.659543762207031250e+02
2.683191528320312500e+02
2.689030761718750000e+02
2.680526428222656250e+02
2.653046264648437500e+02
2.654666442871093750e+02
2.660129699707031250e+02
2.703239135742187500e+02
2.729649353027343750e+02
2.730205383300781250e+02
2.725207519531250000e+02
2.702420959472656250e+02
2.684121398925781250e+02
2.656074523925781250e+02
2.652560119628906250e+02
2.643802795410156250e+02
2.654216613769531250e+02
2.650034790039062500e+02
2.660473022460937500e+02
2.646435546875000000e+02
2.652218017578125000e+02
2.654905395507812500e+02
2.666739501953125000e+02
2.652885437011718750e+02
2.653926696777343750e+02
2.657667236328125000e+02
2.633141174316406250e+02
2.646022949218750000e+02
2.625025939941406250e+02
2.611911315917968750e+02
2.584075927734375000e+02
2.580508422851562500e+02
2.590499572753906250e+02
2.620044555664062500e+02
2.658203735351562500e+02
2.672973937988281250e+02
2.677295227050781250e+02
2.671570129394531250e+02
2.654273071289062500e+02
2.629083251953125000e+02
2.624797058105468750e+02
2.624704284667968750e+02
2.649262084960937500e+02
2.654098815917968750e+02
2.655450134277343750e+02
2.645698852539062500e+02
2.635912475585937500e+02
2.642489013671875000e+02
2.621627807617187500e+02
2.596867980957031250e+02
2.601013183593750000e+02
2.596067199707031250e+02
2.598203430175781250e+02
2.577651672363281250e+02
2.595780029296875000e+02
2.607921447753906250e+02
2.605913391113281250e+02
2.597002868652343750e+02
2.576101379394531250e+02
2.586135559082031250e+02
2.562245788574218750e+02
2.561877136230468750e+02
2.557309265136718750e+02
2.579624633789062500e+02
2.593887329101562500e+02
2.602213745117187500e+02
2.591648559570312500e+02
2.576640014648437500e+02
2.557706451416015625e+02
2.557194366455078125e+02
2.540980682373046875e+02
2.525337371826171875e+02
2.505760345458984375e+02
2.505160064697265625e+02
2.513972167968750000e+02
2.542525787353515625e+02
2.552737274169921875e+02
2.569222412109375000e+02
2.562914428710937500e+02
2.543231811523437500e+02
2.535508270263671875e+02
2.541546936035156250e+02
2.543427734375000000e+02
2.537221069335937500e+02
2.551837158203125000e+02
2.560608520507812500e+02
2.588507995605468750e+02
2.566474609375000000e+02
2.551622772216796875e+02
2.513583831787109375e+02
2.511087799072265625e+02
2.497173004150390625e+02
2.509007263183593750e+02
2.497281951904296875e+02
2.492590026855468750e+02
2.487316894531250000e+02
2.509459075927734375e+02
2.525753479003906250e+02
2.510871276855468750e+02
2.485304412841796875e+02
2.487288970947265625e+02
2.499353942871093750e+02
2.526983337402343750e+02
2.547801055908203125e+02
2.544050140380859375e+02
2.518425445556640625e+02
2.484227600097656250e+02
2.467885437011718750e+02
2.447223968505859375e+02
2.448424682617187500e+02
2.439725036621093750e+02
2.446536712646484375e+02
2.457154998779296875e+02
2.462382507324218750e+02
2.460309143066406250e+02
2.450262756347656250e+02
2.437247314453125000e+02
2.435326843261718750e+02
2.429847412109375000e+02
2.431558074951171875e+02
2.457334136962890625e+02
2.480660095214843750e+02
2.467540740966796875e+02
2.449143676757812500e+02
2.439036254882812500e+02
2.448395996093750000e+02
2.456759033203125000e+02
2.468312225341796875e+02
2.469122772216796875e+02
2.467083129882812500e+02
2.468241271972656250e+02
2.457296752929687500e+02
2.461640625000000000e+02
2.443635711669921875e+02
2.437559967041015625e+02
2.422933349609375000e+02
2.422085723876953125e+02
2.422989959716796875e+02
2.423280334472656250e+02
2.419073333740234375e+02
2.421552886962890625e+02
2.419743499755859375e+02
2.407590332031250000e+02
2.405195159912109375e+02
2.426904907226562500e+02
2.430736083984375000e+02
2.418255310058593750e+02
2.400293426513671875e+02
2.380346679687500000e+02
2.366837615966796875e+02
2.353488006591796875e+02
2.356345062255859375e+02
2.373119354248046875e+02
2.374671783447265625e+02
2.371531524658203125e+02
2.367062835693359375e+02
2.375433197021484375e+02
2.381608428955078125e+02
2.384553985595703125e+02
2.356888427734375000e+02
2.353199768066406250e+02
2.342695617675781250e+02
2.348170166015625000e+02
2.335064544677734375e+02
2.325993652343750000e+02
2.330202789306640625e+02
2.328147277832031250e+02
2.336349029541015625e+02
2.320428314208984375e+02
2.300995635986328125e+02
2.279462890625000000e+02
2.272855377197265625e+02
2.272660980224609375e+02
2.292535552978515625e+02
2.291887969970703125e+02
2.297789459228515625e+02
2.279422454833984375e+02
2.266880035400390625e+02
2.263398437500000000e+02
2.260056762695312500e+02
2.283027801513671875e+02
2.283796691894531250e+02
2.299638061523437500e+02
2.304116821289062500e+02
2.292104187011718750e+02
2.276593933105468750e+02
2.278646545410156250e+02
2.293425445556640625e+02
2.296609954833984375e+02
2.295949401855468750e+02
2.276942443847656250e+02
2.259574127197265625e+02
2.225912780761718750e+02
2.209492645263671875e+02
2.203291168212890625e+02
2.210171203613281250e+02
2.229577178955078125e+02
2.242345123291015625e+02
2.220926818847656250e+02
2.209079437255859375e+02
2.204820251464843750e+02
2.218336944580078125e+02
2.210057830810546875e+02
2.193470306396484375e+02
2.191089630126953125e+02
2.199865417480468750e+02
2.202372589111328125e+02
2.199128875732421875e+02
2.186156463623046875e+02
2.169935913085937500e+02
2.176637268066406250e+02
2.181874084472656250e+02
2.203379974365234375e+02
2.237173156738281250e+02
2.231851806640625000e+02
2.213689117431640625e+02
2.168416595458984375e+02
2.170623779296875000e+02
2.158496704101562500e+02
2.170861358642578125e+02
2.178105773925781250e+02
2.252886657714843750e+02
2.295957183837890625e+02
2.270740203857421875e+02
2.192558288574218750e+02
2.135153503417968750e+02
2.129915161132812500e+02
2.138295898437500000e+02
2.138396453857421875e+02
2.138236541748046875e+02
2.132759704589843750e+02
2.155231170654296875e+02
2.143402557373046875e+02
2.138025665283203125e+02
2.120025939941406250e+02
2.134294281005859375e+02
2.146658935546875000e+02
2.166646881103515625e+02
2.173195495605468750e+02
2.146389465332031250e+02
2.121024017333984375e+02
2.110329742431640625e+02
2.117904510498046875e+02
2.107758331298828125e+02
2.079949493408203125e+02
2.071279296875000000e+02
2.082351226806640625e+02
2.106944122314453125e+02
2.105627899169921875e+02
2.101995697021484375e+02
2.090802612304687500e+02
2.080396881103515625e+02
2.072936553955078125e+02
2.067433319091796875e+02
2.074765167236328125e+02
2.076255035400390625e+02
2.078927001953125000e+02
2.089719543457031250e+02
2.088395385742187500e+02
2.088737182617187500e+02
2.085902862548828125e+02
2.066972656250000000e+02
2.054346923828125000e+02
2.069381713867187500e+02
2.085855407714843750e+02
2.096198883056640625e+02
2.097908477783203125e+02
2.076618957519531250e+02
2.057269744873046875e+02
2.046508789062500000e+02
2.044286804199218750e+02
2.050401000976562500e+02
2.068537292480468750e+02
2.082506103515625000e+02
2.077468414306640625e+02
2.060337829589843750e+02
2.038841400146484375e+02
2.023779144287109375e+02
2.006412048339843750e+02
1.992939453125000000e+02
2.004863891601562500e+02
2.033364410400390625e+02
2.049711914062500000e+02
2.041923217773437500e+02
2.013956909179687500e+02
1.999044647216796875e+02
1.991450653076171875e+02
2.013610687255859375e+02
2.033547210693359375e+02
2.040042419433593750e+02
2.022573852539062500e+02
2.014915161132812500e+02
2.011344146728515625e+02
2.005793609619140625e+02
2.007914123535156250e+02
1.983027038574218750e+02
1.967453918457031250e+02
1.956916961669921875e+02
1.980558013916015625e+02
1.994040374755859375e+02
2.003501739501953125e+02
1.993751525878906250e+02
1.985713500976562500e+02
1.969330139160156250e+02
1.968047332763671875e+02
1.968522491455078125e+02
1.960853424072265625e+02
1.955741882324218750e+02
1.947417144775390625e+02
1.949571533203125000e+02
1.941549987792968750e+02
1.940577850341796875e+02
1.958233947753906250e+02
1.933703308105468750e+02
1.921398162841796875e+02
1.883904571533203125e+02
1.884734344482421875e+02
1.888475189208984375e+02
1.872711334228515625e+02
1.878526153564453125e+02
1.873704681396484375e+02
1.876545410156250000e+02
1.868578491210937500e+02
1.864102783203125000e+02
1.869950408935546875e+02
1.886586608886718750e+02
1.894288635253906250e+02
1.898075866699218750e+02
1.899203338623046875e+02
1.891118316650390625e+02
1.873249816894531250e+02
1.849726257324218750e+02
1.853563995361328125e+02
1.853575897216796875e+02
1.849087677001953125e+02
1.844590148925781250e+02
1.849958801269531250e+02
1.850605773925781250e+02
1.856253509521484375e+02
1.857228851318359375e+02
1.859159545898437500e+02
1.862491607666015625e+02
1.852599182128906250e+02
1.851712799072265625e+02
1.842572479248046875e+02
1.828621063232421875e+02
1.819276123046875000e+02
1.837859191894531250e+02
1.825313873291015625e+02
1.818931579589843750e+02
1.791152191162109375e+02
1.789022064208984375e+02
1.792243041992187500e+02
1.795614471435546875e+02
1.787808990478515625e+02
1.790131072998046875e+02
1.798766937255859375e+02
1.794630889892578125e+02
1.771203002929687500e+02
1.760793762207031250e+02
1.766301879882812500e+02
1.779818572998046875e+02
1.758601531982421875e+02
1.742623596191406250e+02
1.750653991699218750e+02
1.764853668212890625e+02
1.776242828369140625e+02
1.768170623779296875e+02
1.762881469726562500e+02
1.763113861083984375e+02
1.754905090332031250e+02
1.762724609375000000e+02
1.778258361816406250e+02
1.792283477783203125e+02
1.789291839599609375e+02
1.771934661865234375e+02
1.752219390869140625e+02
1.728595123291015625e+02
1.721731719970703125e+02
1.732353973388671875e+02
1.729485778808593750e+02
1.724233856201171875e+02
1.721244506835937500e+02
1.721137542724609375e+02
1.723042144775390625e+02
1.716976318359375000e+02
1.708842773437500000e+02
1.712306518554687500e+02
1.731665344238281250e+02
1.732580413818359375e+02
1.755041351318359375e+02
1.753840179443359375e+02
1.763489074707031250e+02
1.769009246826171875e+02
1.758049316406250000e+02
1.714767913818359375e+02
1.683309020996093750e+02
1.670220336914062500e+02
1.685180969238281250e+02
1.691981506347656250e+02
1.707793273925781250e+02
1.707745513916015625e+02
1.704514617919921875e+02
1.702235870361328125e+02
1.691368255615234375e+02
1.700083465576171875e+02
1.689990844726562500e+02
1.694949340820312500e+02
1.693238525390625000e+02
1.703809661865234375e+02
1.695744323730468750e+02
1.686900482177734375e+02
1.681262207031250000e+02
1.683575439453125000e+02
1.671354522705078125e+02
1.679006805419921875e+02
1.689369354248046875e+02
1.697002563476562500e+02
1.665338134765625000e+02
1.653736572265625000e+02
1.651019287109375000e+02
1.674035491943359375e+02
1.683101959228515625e+02
1.674128723144531250e+02
1.654765167236328125e+02
1.656750488281250000e+02
1.680978393554687500e+02
1.686066589355468750e+02
1.687373962402343750e+02
1.679423522949218750e+02
1.692858886718750000e+02
1.702786254882812500e+02
1.701088867187500000e+02
1.680852813720703125e+02
1.674485015869140625e+02
1.667306060791015625e+02
1.659479675292968750e+02
1.655214385986328125e+02
1.639466857910156250e+02
1.623175201416015625e+02
1.605162200927734375e+02
1.625144958496093750e+02
1.658011016845703125e+02
1.669552917480468750e+02
1.677915802001953125e+02
1.658567657470703125e+02
1.659392852783203125e+02
1.646547088623046875e+02
1.648398437500000000e+02
1.656532135009765625e+02
1.649514465332031250e+02
1.647676086425781250e+02
1.634453125000000000e+02
1.632820281982421875e+02
1.611141662597656250e+02
1.601810607910156250e+02
1.635969696044921875e+02
1.654039306640625000e+02
1.656207885742187500e+02
1.619366302490234375e+02
1.610276336669921875e+02
1.605733032226562500e+02
1.605032653808593750e+02
1.608325347900390625e+02
1.611272277832031250e+02
1.614134216308593750e+02
1.603787536621093750e+02
1.598630981445312500e+02
1.597859039306640625e+02
1.595750122070312500e+02
1.588117980957031250e+02
1.609773712158203125e+02
1.622134246826171875e+02
1.636040649414062500e+02
1.635051422119140625e+02
1.627030181884765625e+02
1.618635253906250000e+02
1.603563385009765625e+02
1.604505767822265625e+02
1.596931610107421875e+02
1.604702453613281250e+02
1.607063446044921875e+02
1.615792388916015625e+02
1.631284027099609375e+02
1.636252441406250000e+02
1.640505523681640625e+02
1.621739196777343750e+02
1.601560211181640625e+02
1.592847900390625000e+02
1.576699523925781250e+02
1.561049041748046875e+02
1.548443450927734375e+02
1.559970245361328125e+02
1.572738647460937500e+02
1.569569549560546875e+02
1.570143890380859375e+02
1.563705291748046875e+02
1.564377746582031250e+02
1.569294586181640625e+02
1.573855743408203125e+02
1.588136596679687500e+02
1.590292358398437500e+02
1.585440979003906250e+02
1.579013366699218750e+02
1.569751129150390625e+02
1.556966705322265625e+02
1.566776123046875000e+02
1.588095397949218750e+02
1.600370941162109375e+02
1.594444427490234375e+02
1.577784729003906250e+02
1.574407806396484375e+02
1.571730651855468750e+02
1.557676849365234375e+02
1.555935668945312500e+02
1.552700347900390625e+02
1.561729736328125000e+02
1.550887603759765625e+02
1.558392028808593750e+02
1.559913330078125000e+02
1.567399597167968750e+02
1.560366516113281250e+02
1.565781097412109375e+02
1.557339172363281250e+02
1.568381652832031250e+02
1.557816009521484375e+02
1.549392395019531250e+02
1.529174346923828125e+02
1.531292724609375000e+02
1.527210693359375000e+02
1.551055145263671875e+02
1.545085906982421875e+02
1.552557830810546875e+02
1.544688873291015625e+02
1.541917877197265625e+02
1.543211364746093750e+02
1.548597106933593750e+02
1.553106231689453125e+02
1.553905944824218750e+02
1.545183105468750000e+02
1.537281036376953125e+02
1.539219207763671875e+02
1.551051483154296875e+02
1.560258026123046875e+02
1.564981231689453125e+02
1.543960113525390625e+02
1.509627532958984375e+02
1.504511108398437500e+02
1.521399383544921875e+02
1.517592010498046875e+02
1.513616027832031250e+02
1.523570556640625000e+02
1.525231018066406250e+02
1.512873840332031250e+02
1.501477050781250000e+02
1.519920654296875000e+02
1.541443328857421875e+02
1.555685577392578125e+02
1.538380889892578125e+02
1.542769012451171875e+02
1.524684753417968750e+02
1.527919311523437500e+02
1.523419036865234375e+02
1.517422637939453125e+02
1.490206451416015625e+02
1.480058898925781250e+02
1.474428405761718750e+02
1.510338745117187500e+02
1.535094146728515625e+02
1.536053009033203125e+02
1.500410156250000000e+02
1.480491027832031250e+02
1.490022583007812500e+02
1.514175415039062500e+02
1.518338470458984375e+02
1.496587677001953125e+02
1.494850463867187500e+02
1.489735412597656250e+02
1.485264739990234375e+02
1.465005035400390625e+02
1.459763336181640625e+02
1.489618225097656250e+02
1.503489685058593750e+02
1.503950347900390625e+02
1.492456665039062500e+02
1.515742950439453125e+02
1.520213012695312500e+02
1.516203002929687500e+02
1.495870666503906250e+02
1.485495910644531250e+02
1.484705505371093750e+02
1.495635223388671875e+02
1.495583648681640625e+02
1.484675750732421875e+02
1.472196502685546875e+02
1.485829467773437500e+02
1.494519805908203125e+02
1.500822753906250000e+02
1.489539947509765625e+02
1.480859985351562500e+02
1.475162506103515625e+02
1.483294525146484375e+02
1.491484985351562500e+02
1.501912841796875000e+02
1.505897827148437500e+02
1.512201385498046875e+02
1.528639831542968750e+02
1.509269256591796875e+02
1.505343322753906250e+02
1.501713562011718750e+02
1.528683166503906250e+02
1.508802947998046875e+02
1.507085723876953125e+02
1.496357879638671875e+02
1.488388519287109375e+02
1.471827850341796875e+02
1.470574340820312500e+02
1.476557312011718750e+02
1.467722167968750000e+02
1.468789825439453125e+02
1.465529632568359375e+02
1.483553009033203125e+02
1.487154693603515625e+02
1.480213775634765625e+02
1.462276916503906250e+02
1.452333831787109375e+02
1.439490814208984375e+02
1.461314086914062500e+02
1.469003143310546875e+02
1.474220428466796875e+02
1.469826812744140625e+02
1.473320312500000000e+02
1.459703216552734375e+02
1.458816833496093750e+02
1.468143920898437500e+02
1.470998077392578125e+02
1.477415466308593750e+02
1.471479797363281250e+02
1.487883300781250000e+02
1.485548858642578125e+02
1.487692871093750000e+02
1.453418731689453125e+02
1.467145385742187500e+02
1.473879241943359375e+02
1.470511932373046875e+02
1.478204498291015625e+02
1.487790374755859375e+02
1.493801422119140625e+02
1.483444671630859375e+02
1.475507965087890625e+02
1.468080749511718750e+02
1.455248260498046875e+02
1.464363403320312500e+02
1.471184082031250000e+02
1.462848663330078125e+02
1.455586853027343750e+02
1.445018005371093750e+02
1.457728118896484375e+02
1.453876190185546875e+02
1.458779449462890625e+02
1.451994628906250000e+02
1.439293823242187500e+02
1.440642852783203125e+02
1.443049774169921875e+02
1.465257873535156250e+02
1.464703674316406250e+02
1.458490295410156250e+02
1.439404602050781250e+02
1.435664215087890625e+02
1.437769775390625000e+02
1.446194610595703125e+02
1.447134857177734375e+02
1.470648345947265625e+02
1.458103332519531250e+02
1.471421051025390625e+02
1.450679931640625000e+02
1.448853912353515625e+02
1.428835144042968750e+02
1.445649719238281250e+02
1.434241638183593750e+02
1.432483673095703125e+02
1.436220550537109375e+02
1.436836700439453125e+02
1.442272491455078125e+02
1.440111999511718750e+02
1.450056152343750000e+02
1.460236511230468750e+02
1.469352264404296875e+02
1.456750335693359375e+02
1.447778625488281250e+02
1.424793243408203125e+02
1.428191528320312500e+02
1.422631378173828125e+02
1.438544311523437500e+02
1.447398071289062500e+02
1.455127105712890625e+02
1.458262786865234375e+02
1.454944915771484375e+02
1.475301666259765625e+02
1.477940063476562500e+02
1.467025756835937500e+02
1.465695953369140625e+02
1.489839477539062500e+02
1.498966827392578125e+02
1.480813598632812500e+02
1.478080291748046875e+02
1.484143981933593750e+02
1.489993438720703125e+02
1.501385803222656250e+02
1.510338134765625000e+02
1.502539978027343750e+02
1.505202178955078125e+02
1.511352996826171875e+02
1.545597686767578125e+02
1.572341003417968750e+02
1.551139526367187500e+02
1.528398590087890625e+02
1.525241851806640625e+02
1.528934478759765625e+02
1.522451782226562500e+02
1.494785156250000000e+02
1.479760284423828125e+02
1.435045776367187500e+02
1.446618347167968750e+02
1.435207519531250000e+02
1.459420928955078125e+02
1.460661163330078125e+02
1.456418457031250000e+02
1.455542755126953125e+02
1.466682128906250000e+02
1.484783477783203125e+02
1.475988464355468750e+02
1.492701568603515625e+02
1.484790191650390625e+02
1.465588836669921875e+02
1.436154479980468750e+02
1.425222778320312500e+02
1.409881591796875000e+02
1.401816558837890625e+02
1.427789001464843750e+02
1.437624511718750000e+02
1.438382110595703125e+02
1.420261230468750000e+02
1.430157928466796875e+02
1.436702880859375000e+02
1.448346862792968750e+02
1.442750091552734375e+02
1.463928070068359375e+02
1.462687683105468750e+02
1.428550109863281250e+02
1.380200805664062500e+02
1.359089050292968750e+02
1.377631530761718750e+02
1.403904724121093750e+02
1.412635192871093750e+02
1.423829650878906250e+02
1.411106109619140625e+02
1.402948913574218750e+02
1.401684112548828125e+02
1.410922088623046875e+02
1.419969482421875000e+02
1.433957061767578125e+02
1.446973571777343750e+02
1.455995788574218750e+02
1.453586883544921875e+02
1.443553619384765625e+02
1.431743469238281250e+02
1.411089324951171875e+02
1.402519073486328125e+02
1.379482421875000000e+02
1.381181182861328125e+02
1.387361602783203125e+02
1.404934234619140625e+02
1.397505035400390625e+02
1.406203613281250000e+02
1.394509735107421875e+02
1.368964996337890625e+02
1.360208282470703125e+02
1.373840332031250000e+02
1.431270599365234375e+02
1.442001953125000000e+02
1.430130462646484375e+02
1.392417907714843750e+02
1.406354064941406250e+02
1.487434387207031250e+02
1.517791442871093750e+02
1.521817779541015625e+02
1.531105194091796875e+02
1.536214599609375000e+02
1.529253540039062500e+02
1.522962951660156250e+02
1.505597991943359375e+02
1.496231842041015625e+02
1.487600097656250000e+02
1.492774963378906250e+02
1.530072937011718750e+02
1.526048736572265625e+02
1.510202026367187500e+02
1.510758361816406250e+02
1.503913879394531250e+02
1.500561065673828125e+02
1.487045593261718750e+02
1.467454376220703125e+02
1.468984375000000000e+02
1.458792572021484375e+02
1.453872222900390625e+02
1.478802947998046875e+02
1.486226501464843750e+02
1.480882568359375000e+02
1.460948944091796875e+02
1.440404205322265625e+02
1.436889190673828125e+02
1.450072631835937500e+02
1.462910614013671875e+02
1.447533721923828125e+02
1.440650329589843750e+02
1.447329559326171875e+02
1.455548706054687500e+02
1.449674530029296875e+02
1.444050445556640625e+02
1.431358184814453125e+02
1.415481719970703125e+02
1.440377197265625000e+02
1.441783599853515625e+02
1.439485626220703125e+02
1.427557678222656250e+02
1.442060546875000000e+02
1.462040557861328125e+02
1.484694519042968750e+02
1.460096282958984375e+02
1.432996368408203125e+02
1.416310424804687500e+02
1.427706146240234375e+02
1.422237396240234375e+02
1.422963256835937500e+02
1.420622100830078125e+02
1.409388580322265625e+02
1.415355987548828125e+02
1.400972595214843750e+02
1.408255157470703125e+02
1.436444396972656250e+02
1.462765350341796875e+02
1.462304229736328125e+02
1.449844207763671875e+02
1.448088073730468750e+02
1.445862274169921875e+02
1.469740905761718750e+02
1.459699096679687500e+02
1.438125152587890625e+02
1.408771667480468750e+02
1.403990020751953125e+02
1.426008148193359375e+02
1.431445007324218750e+02
1.430724029541015625e+02
1.434635162353515625e+02
1.438603668212890625e+02
1.430975646972656250e+02
1.427871551513671875e+02
1.445778198242187500e+02
1.458909149169921875e+02
1.435204315185546875e+02
1.417025756835937500e+02
1.409004058837890625e+02
1.419282073974609375e+02
1.410548553466796875e+02
1.402902832031250000e+02
1.384417114257812500e+02
1.387852935791015625e+02
1.371289062500000000e+02
1.365911102294921875e+02
1.370043182373046875e+02
1.393623352050781250e+02
1.406900024414062500e+02
1.395276947021484375e+02
1.395543975830078125e+02
1.405951843261718750e+02
1.414143524169921875e+02
1.410537261962890625e+02
1.394556884765625000e+02
1.394295196533203125e+02
1.406106414794921875e+02
1.386189117431640625e+02
1.375514221191406250e+02
1.365228729248046875e+02
1.394360046386718750e+02
1.403436737060546875e+02
1.415658264160156250e+02
1.405927581787109375e+02
1.398384094238281250e+02
1.390135040283203125e+02
1.388726501464843750e+02
1.389528808593750000e+02
1.402088470458984375e+02
1.427304229736328125e+02
1.418638153076171875e+02
1.390645904541015625e+02
1.376706085205078125e+02
1.373610229492187500e+02
1.380045928955078125e+02
1.374976043701171875e+02
1.376453552246093750e+02
1.371975708007812500e+02
1.385257110595703125e+02
1.384627227783203125e+02
1.389413146972656250e+02
1.403717193603515625e+02
1.417727355957031250e+02
1.437333984375000000e+02
1.435252227783203125e+02
1.422975616455078125e+02
1.411145172119140625e+02
1.390149078369140625e+02
1.393309936523437500e+02
1.372518615722656250e+02
1.362259979248046875e+02
1.351186065673828125e+02
1.367715759277343750e+02
1.397813873291015625e+02
1.408184509277343750e+02
1.403989868164062500e+02
1.402655029296875000e+02
1.388743591308593750e+02
1.378342590332031250e+02
1.376118164062500000e+02
1.390608062744140625e+02
1.394422302246093750e+02
1.379290161132812500e+02
1.364099884033203125e+02
1.377250061035156250e+02
1.377196044921875000e+02
1.384408416748046875e+02
1.388216552734375000e+02
1.381900177001953125e+02
1.364372253417968750e+02
1.379140472412109375e+02
1.398016357421875000e+02
1.384444122314453125e+02
1.352132263183593750e+02
1.337722625732421875e+02
1.335255584716796875e+02
1.356069030761718750e+02
1.384118347167968750e+02
1.400460510253906250e+02
1.397381439208984375e+02
1.389568481445312500e+02
1.367446594238281250e+02
1.363263854980468750e+02
1.380950775146484375e+02
1.390779113769531250e+02
1.377144165039062500e+02
1.374191131591796875e+02
1.373031768798828125e+02
1.379786682128906250e+02
1.354721527099609375e+02
1.361048278808593750e+02
1.358241119384765625e+02
1.380069274902343750e+02
1.370703430175781250e+02
1.366392211914062500e+02
1.353960723876953125e+02
1.356354064941406250e+02
1.359933166503906250e+02
1.341116180419921875e+02
1.331022491455078125e+02
1.319849395751953125e+02
1.343926696777343750e+02
1.350360107421875000e+02
1.364129791259765625e+02
1.371977539062500000e+02
1.370228271484375000e+02
1.378601837158203125e+02
1.385130004882812500e+02
1.400942993164062500e+02
1.403258209228515625e+02
1.376898803710937500e+02
1.348169555664062500e+02
1.357922363281250000e+02
1.368212280273437500e+02
1.373133392333984375e+02
1.373766174316406250e+02
1.374497985839843750e+02
1.345494537353515625e+02
1.334885711669921875e+02
1.349962158203125000e+02
1.357734222412109375e+02
1.372788696289062500e+02
1.367512664794921875e+02
1.346921234130859375e+02
1.327061767578125000e+02
1.337898712158203125e+02
1.358589782714843750e+02
1.347952575683593750e+02
1.354429168701171875e+02
1.349087219238281250e+02
1.339412384033203125e+02
1.330028533935546875e+02
1.321900787353515625e+02
1.302500457763671875e+02
1.320980529785156250e+02
1.337870941162109375e+02
1.353477478027343750e+02
1.350198211669921875e+02
1.351954956054687500e+02
1.323661346435546875e+02
1.315232543945312500e+02
1.336802215576171875e+02
1.339162292480468750e+02
1.332730102539062500e+02
1.315584564208984375e+02
1.337302398681640625e+02
1.350679016113281250e+02
1.337265319824218750e+02
1.318367004394531250e+02
1.324685821533203125e+02
1.341346282958984375e+02
1.326191101074218750e+02
1.332593841552734375e+02
1.335832977294921875e+02
1.323866424560546875e+02
1.294464874267578125e+02
1.294731750488281250e+02
1.308620452880859375e+02
1.331879730224609375e+02
1.329288635253906250e+02
1.345484466552734375e+02
1.332047882080078125e+02
1.332958068847656250e+02
1.332601470947265625e+02
1.350894470214843750e+02
1.341851043701171875e+02
1.336477355957031250e+02
1.330574645996093750e+02
1.325480957031250000e+02
1.325481109619140625e+02
1.306635742187500000e+02
1.287348175048828125e+02
1.284330139160156250e+02
1.308826293945312500e+02
1.314564971923828125e+02
1.315214538574218750e+02
1.302966156005859375e+02
1.306364746093750000e+02
1.330197906494140625e+02
1.346221008300781250e+02
1.350984497070312500e+02
1.352422027587890625e+02
1.337901763916015625e+02
1.321944274902343750e+02
1.327456817626953125e+02
1.327009582519531250e+02
1.330990600585937500e+02
1.336464385986328125e+02
1.340457305908203125e+02
1.322980651855468750e+02
1.325733947753906250e+02
1.351002655029296875e+02
1.341011657714843750e+02
1.322549743652343750e+02
1.314055480957031250e+02
1.328254241943359375e+02
1.322640380859375000e+02
1.312022094726562500e+02
1.340366363525390625e+02
1.357480316162109375e+02
1.336907806396484375e+02
1.323939971923828125e+02
1.320912933349609375e+02
1.303022918701171875e+02
1.302554473876953125e+02
1.303663482666015625e+02
1.306085815429687500e+02
1.292122039794921875e+02
1.303932952880859375e+02
1.315123138427734375e+02
1.320801391601562500e+02
1.335950012207031250e+02
1.332783050537109375e+02
1.323285522460937500e+02
1.333818054199218750e+02
1.341517486572265625e+02
1.335901336669921875e+02
1.319553527832031250e+02
1.293848419189453125e+02
1.295338439941406250e+02
1.329942321777343750e+02
1.353155212402343750e+02
1.330781402587890625e+02
1.307154388427734375e+02
1.293621215820312500e+02
1.305113067626953125e+02
1.327316284179687500e+02
1.320837707519531250e+02
1.312248687744140625e+02
1.311987457275390625e+02
1.308168487548828125e+02
1.308842620849609375e+02
1.310324249267578125e+02
1.310419158935546875e+02
1.319235687255859375e+02
1.300354766845703125e+02
1.277109909057617188e+02
1.281251678466796875e+02
1.277468109130859375e+02
1.281980133056640625e+02
1.284996185302734375e+02
1.293379669189453125e+02
1.302967529296875000e+02
1.301937103271484375e+02
1.319557189941406250e+02
1.300683288574218750e+02
1.287476348876953125e+02
1.288809204101562500e+02
1.315594024658203125e+02
1.333001556396484375e+02
1.331476287841796875e+02
1.328329010009765625e+02
1.303109283447265625e+02
1.294034576416015625e+02
1.300737304687500000e+02
1.296626281738281250e+02
1.311953735351562500e+02
1.323469238281250000e+02
1.320350952148437500e+02
1.317015686035156250e+02
1.332389221191406250e+02
1.338889160156250000e+02
1.318141937255859375e+02
1.304307098388671875e+02
1.296706237792968750e+02
1.296351318359375000e+02
1.311123352050781250e+02
1.339468078613281250e+02
1.338204498291015625e+02
1.305889587402343750e+02
1.315825653076171875e+02
1.319481811523437500e+02
1.316889648437500000e+02
1.288269348144531250e+02
1.271629562377929688e+02
1.260294799804687500e+02
1.281385498046875000e+02
1.288848266601562500e+02
1.310955047607421875e+02
1.312276763916015625e+02
1.301896362304687500e+02
1.294934844970703125e+02
1.311790008544921875e+02
1.328402252197265625e+02
1.318594818115234375e+02
1.306709442138671875e+02
1.313983764648437500e+02
1.318585510253906250e+02
1.324731292724609375e+02
1.314415435791015625e+02
1.304047393798828125e+02
1.303439025878906250e+02
1.319190979003906250e+02
1.322102355957031250e+02
1.328329620361328125e+02
1.349842987060546875e+02
1.325991058349609375e+02
1.315000762939453125e+02
1.313942565917968750e+02
1.308825225830078125e+02
1.300489196777343750e+02
1.306524200439453125e+02
1.315377197265625000e+02
1.319079742431640625e+02
1.325823059082031250e+02
1.339064483642578125e+02
1.348154296875000000e+02
1.339988861083984375e+02
1.337892456054687500e+02
1.330833587646484375e+02
1.322453460693359375e+02
1.309110870361328125e+02
1.300771789550781250e+02
1.309304504394531250e+02
1.319205932617187500e+02
1.334496612548828125e+02
1.325599822998046875e+02
1.308045654296875000e+02
1.307804718017578125e+02
1.311783905029296875e+02
1.308287353515625000e+02
1.304154663085937500e+02
1.321560668945312500e+02
1.338763275146484375e+02
1.333887939453125000e+02
1.328360443115234375e+02
1.322678527832031250e+02
1.346032409667968750e+02
1.345745849609375000e+02
1.324980926513671875e+02
1.317111358642578125e+02
1.329548645019531250e+02
1.329402770996093750e+02
1.313787689208984375e+02
1.302222290039062500e+02
1.296829528808593750e+02
1.320691680908203125e+02
1.331396026611328125e+02
1.328140411376953125e+02
1.339033966064453125e+02
1.346631774902343750e+02
1.360650787353515625e+02
1.343166809082031250e+02
1.347580261230468750e+02
1.338229675292968750e+02
1.291723785400390625e+02
1.277143325805664062e+02
1.304316101074218750e+02
1.329509429931640625e+02
1.326923675537109375e+02
1.321910095214843750e+02
1.324954833984375000e+02
1.445962371826171875e+02
1.538146362304687500e+02
1.501411437988281250e+02
1.471467437744140625e+02
1.425801391601562500e+02
1.360362854003906250e+02
1.332229309082031250e+02
1.344801635742187500e+02
1.437839355468750000e+02
1.572403869628906250e+02
1.594569091796875000e+02
1.482386322021484375e+02
1.433850402832031250e+02
1.387362213134765625e+02
1.375153350830078125e+02
1.387215270996093750e+02
1.379232025146484375e+02
1.411247100830078125e+02
1.437675476074218750e+02
1.406241149902343750e+02
1.404419250488281250e+02
1.431170196533203125e+02
1.436770935058593750e+02
1.439076080322265625e+02
1.434191131591796875e+02
1.374748229980468750e+02
1.352086334228515625e+02
1.346211700439453125e+02
1.360376129150390625e+02
1.363678436279296875e+02
1.365487060546875000e+02
1.376632537841796875e+02
1.401625213623046875e+02
1.402638397216796875e+02
1.384861450195312500e+02
1.396089477539062500e+02
1.419856262207031250e+02
1.416474151611328125e+02
1.410465087890625000e+02
1.424640502929687500e+02
1.392605285644531250e+02
1.359569854736328125e+02
1.348786621093750000e+02
1.356988677978515625e+02
1.367624206542968750e+02
1.377303771972656250e+02
1.416846618652343750e+02
1.413455505371093750e+02
1.387328338623046875e+02
1.402095031738281250e+02
1.397131042480468750e+02
1.364184722900390625e+02
1.364316558837890625e+02
1.404241027832031250e+02
1.409951782226562500e+02
1.391944580078125000e+02
1.362860412597656250e+02
1.339725646972656250e+02
1.336843719482421875e+02
1.341562805175781250e+02
1.340481719970703125e+02
1.350608978271484375e+02
1.360774993896484375e+02
1.356606750488281250e+02
1.332529754638671875e+02
1.308377380371093750e+02
1.338069458007812500e+02
1.359180145263671875e+02
1.341047668457031250e+02
1.323053894042968750e+02
1.335343017578125000e+02
1.345564880371093750e+02
1.343838195800781250e+02
1.320306396484375000e+02
1.278326339721679688e+02
1.281234588623046875e+02
1.288979949951171875e+02
1.309566650390625000e+02
1.287295837402343750e+02
1.304235687255859375e+02
1.329629058837890625e+02
1.318953247070312500e+02
1.309252471923828125e+02
1.313442687988281250e+02
1.295369262695312500e+02
1.283983459472656250e+02
1.284119873046875000e+02
1.326955413818359375e+02
1.349373474121093750e+02
1.319031982421875000e+02
1.282825012207031250e+02
1.299625244140625000e+02
1.336907196044921875e+02
1.349590454101562500e+02
1.336388549804687500e+02
1.335717773437500000e+02
1.323592529296875000e+02
1.316483764648437500e+02
1.330381774902343750e+02
1.327494964599609375e+02
1.326534881591796875e+02
1.302195892333984375e+02
1.272791824340820312e+02
1.272287368774414062e+02
1.272285461425781250e+02
1.295301971435546875e+02
1.318699645996093750e+02
1.330848388671875000e+02
1.317157592773437500e+02
1.295075836181640625e+02
1.322162170410156250e+02
1.331605834960937500e+02
1.338750610351562500e+02
1.349848175048828125e+02
1.332642059326171875e+02
1.320699920654296875e+02
1.346592864990234375e+02
1.356526184082031250e+02
1.333597564697265625e+02
1.322753295898437500e+02
1.321479034423828125e+02
1.305336456298828125e+02
1.302309265136718750e+02
1.311803131103515625e+02
1.314414215087890625e+02
1.302156829833984375e+02
1.300049743652343750e+02
1.288099212646484375e+02
1.280853576660156250e+02
1.298023986816406250e+02
1.304873809814453125e+02
1.326150665283203125e+02
1.332134094238281250e+02
1.317661743164062500e+02
1.301585845947265625e+02
1.325915832519531250e+02
1.318051147460937500e+02
1.307823944091796875e+02
1.282533569335937500e+02
1.254445648193359375e+02
1.269210128784179688e+02
1.300888214111328125e+02
1.298825225830078125e+02
1.279324798583984375e+02
1.257375259399414062e+02
1.276658554077148438e+02
1.278512268066406250e+02
1.281783447265625000e+02
1.280799407958984375e+02
1.268035736083984375e+02
1.271714630126953125e+02
1.273841552734375000e+02
1.268395309448242188e+02
1.247604370117187500e+02
1.244131317138671875e+02
1.231685638427734375e+02
1.235748062133789062e+02
1.258024673461914062e+02
1.294960021972656250e+02
1.293947296142578125e+02
1.244258575439453125e+02
1.237547302246093750e+02
1.250225296020507812e+02
1.270878677368164062e+02
1.286624450683593750e+02
1.286714935302734375e+02
1.284207305908203125e+02
1.256467361450195312e+02
1.258026580810546875e+02
1.266551437377929688e+02
1.265209732055664062e+02
1.258899002075195312e+02
1.260080795288085938e+02
1.271062393188476562e+02
1.270261001586914062e+02
1.276291275024414062e+02
1.266321563720703125e+02
1.240716171264648438e+02
1.243651504516601562e+02
1.228197402954101562e+02
1.205477905273437500e+02
1.193542251586914062e+02
1.221326522827148438e+02
1.283243713378906250e+02
1.297679595947265625e+02
1.277303543090820312e+02
1.251140365600585938e+02
1.232611618041992188e+02
1.265152587890625000e+02
1.291040191650390625e+02
1.277289123535156250e+02
1.246514358520507812e+02
1.231473159790039062e+02
1.247410888671875000e+02
1.282836151123046875e+02
1.306073608398437500e+02
1.277166061401367188e+02
1.267352905273437500e+02
1.274841690063476562e+02
1.263861312866210938e+02
1.256423721313476562e+02
1.280964508056640625e+02
1.276943130493164062e+02
1.290550842285156250e+02
1.276629562377929688e+02
1.261000747680664062e+02
1.277889099121093750e+02
1.271049118041992188e+02
1.255330963134765625e+02
1.251673202514648438e+02
1.261035614013671875e+02
1.256334762573242188e+02
1.255741577148437500e+02
1.254974365234375000e+02
1.242505187988281250e+02
1.250794830322265625e+02
1.264876937866210938e+02
1.255571212768554688e+02
1.259735412597656250e+02
1.257559432983398438e+02
1.235626907348632812e+02
1.220302505493164062e+02
1.223400268554687500e+02
1.235873794555664062e+02
1.244576950073242188e+02
1.284374237060546875e+02
1.283547363281250000e+02
1.227402877807617188e+02
1.224798583984375000e+02
1.227490158081054688e+02
1.217885513305664062e+02
1.199554901123046875e+02
1.209085617065429688e+02
1.233479537963867188e+02
1.245108795166015625e+02
1.258265609741210938e+02
1.269857254028320312e+02
1.251840972900390625e+02
1.223374099731445312e+02
1.218684158325195312e+02
1.222779769897460938e+02
1.211728439331054688e+02
1.225338668823242188e+02
1.237009277343750000e+02
1.223837051391601562e+02
1.224831466674804688e+02
1.227561798095703125e+02
1.218568115234375000e+02
1.220283355712890625e+02
1.257551345825195312e+02
1.242689132690429688e+02
1.229307174682617188e+02
1.231686401367187500e+02
1.208352890014648438e+02
1.200052337646484375e+02
1.187880172729492188e+02
1.191532135009765625e+02
1.212503128051757812e+02
1.224501342773437500e+02
1.230396881103515625e+02
1.202701873779296875e+02
1.215795288085937500e+02
1.235295867919921875e+02
1.203329315185546875e+02
1.200412826538085938e+02
1.214270172119140625e+02
1.233769607543945312e+02
1.228516159057617188e+02
1.199012985229492188e+02
1.195636978149414062e+02
1.189117584228515625e+02
1.192482147216796875e+02
1.229513168334960938e+02
1.222833328247070312e+02
1.193885574340820312e+02
1.195705108642578125e+02
1.188672866821289062e+02
1.190920181274414062e+02
1.186365509033203125e+02
1.170605926513671875e+02
1.178252105712890625e+02
1.208695068359375000e+02
1.216070709228515625e+02
1.206679000854492188e+02
1.210632400512695312e+02
1.231308059692382812e+02
1.221570281982421875e+02
1.190746688842773438e+02
1.192612075805664062e+02
1.199298171997070312e+02
1.209932327270507812e+02
1.223600845336914062e+02
1.218882980346679688e+02
1.198743057250976562e+02
1.190574874877929688e+02
1.216528778076171875e+02
1.207863769531250000e+02
1.179322662353515625e+02
1.158955764770507812e+02
1.188600387573242188e+02
1.235460128784179688e+02
1.211142578125000000e+02
1.175200881958007812e+02
1.175098114013671875e+02
1.179522857666015625e+02
1.179599914550781250e+02
1.185323181152343750e+02
1.171507186889648438e+02
1.169736557006835938e+02
1.158159103393554688e+02
1.156346359252929688e+02
1.184087142944335938e+02
1.195622100830078125e+02
1.175945663452148438e+02
1.143977661132812500e+02
1.152923660278320312e+02
1.154458160400390625e+02
1.157171478271484375e+02
1.179183349609375000e+02
1.195046386718750000e+02
1.195154876708984375e+02
1.184951934814453125e+02
1.160606689453125000e+02
1.150412445068359375e+02
1.183930587768554688e+02
1.218974304199218750e+02
1.198149948120117188e+02
1.156054077148437500e+02
1.141995925903320312e+02
1.130933837890625000e+02
1.141324996948242188e+02
1.172028427124023438e+02
1.175360336303710938e+02
1.177830810546875000e+02
1.186286697387695312e+02
1.159670410156250000e+02
1.159517974853515625e+02
1.182304382324218750e+02
1.133268966674804688e+02
1.109915618896484375e+02
1.148568496704101562e+02
1.144717407226562500e+02
1.121159210205078125e+02
1.137375030517578125e+02
1.200118331909179688e+02
1.210237503051757812e+02
1.171334762573242188e+02
1.135278549194335938e+02
1.129060821533203125e+02
1.147975845336914062e+02
1.162799911499023438e+02
1.167116775512695312e+02
1.171869354248046875e+02
1.196934814453125000e+02
1.212875061035156250e+02
1.213712539672851562e+02
1.168591766357421875e+02
1.156815643310546875e+02
1.159323272705078125e+02
1.152753143310546875e+02
1.145472717285156250e+02
1.116188354492187500e+02
1.088070755004882812e+02
1.114003601074218750e+02
1.127441940307617188e+02
1.114557266235351562e+02
1.137936782836914062e+02
1.141554412841796875e+02
1.128238143920898438e+02
1.118244171142578125e+02
1.122803955078125000e+02
1.132099456787109375e+02
1.120280914306640625e+02
1.132336730957031250e+02
1.174999694824218750e+02
1.169116134643554688e+02
1.146809997558593750e+02
1.131978759765625000e+02
1.139368057250976562e+02
1.139466934204101562e+02
1.123205718994140625e+02
1.111725616455078125e+02
1.089549560546875000e+02
1.115969314575195312e+02
1.126619186401367188e+02
1.104315109252929688e+02
1.059527511596679688e+02
1.076456298828125000e+02
1.115267181396484375e+02
1.130803680419921875e+02
1.141665039062500000e+02
1.121580963134765625e+02
1.128017501831054688e+02
1.081269226074218750e+02
1.070140914916992188e+02
1.086330718994140625e+02
1.075186386108398438e+02
1.114021148681640625e+02
1.102201843261718750e+02
1.081092071533203125e+02
1.066857986450195312e+02
1.057516098022460938e+02
1.087586822509765625e+02
1.122622604370117188e+02
1.129256896972656250e+02
1.060970611572265625e+02
1.028806304931640625e+02
1.042082672119140625e+02
1.081165161132812500e+02
1.122470855712890625e+02
1.082466354370117188e+02
1.086370086669921875e+02
1.073651809692382812e+02
1.002690124511718750e+02
9.249276733398437500e+01
9.772657012939453125e+01
1.023143157958984375e+02
9.807050323486328125e+01
1.051310729980468750e+02
1.167231292724609375e+02
1.154367523193359375e+02
1.091443481445312500e+02
1.121674499511718750e+02
1.116459503173828125e+02
1.064131622314453125e+02
1.022252578735351562e+02
1.048512496948242188e+02
1.059706573486328125e+02
1.096904296875000000e+02
1.143100128173828125e+02
1.094037780761718750e+02
1.044799957275390625e+02
1.029943008422851562e+02
1.026355285644531250e+02
1.059715270996093750e+02
1.072055282592773438e+02
1.123305816650390625e+02
1.175708160400390625e+02
1.063544540405273438e+02
1.047609024047851562e+02
1.153733139038085938e+02
1.159185409545898438e+02
1.131667556762695312e+02
1.160795288085937500e+02
1.175674209594726562e+02
1.101598052978515625e+02
9.686550140380859375e+01
8.918399047851562500e+01
9.522104644775390625e+01
1.118564834594726562e+02
1.197589492797851562e+02
1.356408081054687500e+02
1.271918258666992188e+02
1.035495147705078125e+02
1.102403564453125000e+02
1.615070953369140625e+02
1.440936889648437500e+02
1.049374313354492188e+02
1.407557678222656250e+02
1.773377075195312500e+02
1.365612487792968750e+02
1.363768157958984375e+02
1.713214111328125000e+02
1.925063629150390625e+02
1.585701751708984375e+02
1.148185119628906250e+02
1.530950469970703125e+02
1.518890075683593750e+02
1.128657455444335938e+02
1.074855499267578125e+02
1.023913269042968750e+02
nan
nan
nan
