nan
nan
nan
nan
nan
nan
nan
nan
nan
nan
nan
nan
nan
nan
nan
nan
nan
nan
nan
nan
nan
nan
nan
nan
nan
nan
nan
nan
nan
1.184238510131835938e+02
1.200178222656250000e+02
1.216622619628906250e+02
1.222969055175781250e+02
1.207647247314453125e+02
1.185863723754882812e+02
1.207439880371093750e+02
1.212412109375000000e+02
1.186027221679687500e+02
1.187794799804687500e+02
1.191002349853515625e+02
1.186436843872070312e+02
1.154307861328125000e+02
1.121936569213867188e+02
1.148945083618164062e+02
1.159104537963867188e+02
1.195574340820312500e+02
1.210546417236328125e+02
1.198761062622070312e+02
1.198493652343750000e+02
1.210956878662109375e+02
1.223559417724609375e+02
1.204485549926757812e+02
1.167983016967773438e+02
1.165268020629882812e+02
1.155124893188476562e+02
1.161872482299804688e+02
1.145835800170898438e+02
1.159932861328125000e+02
1.173374099731445312e+02
1.182285919189453125e+02
1.169043273925781250e+02
1.161653823852539062e+02
1.171062850952148438e+02
1.182855987548828125e+02
1.187586593627929688e+02
1.180523147583007812e+02
1.192078475952148438e+02
1.180426254272460938e+02
1.183752059936523438e+02
1.200664596557617188e+02
1.193342666625976562e+02
1.156083831787109375e+02
1.121727676391601562e+02
1.105458221435546875e+02
1.118734054565429688e+02
1.130587768554687500e+02
1.168634567260742188e+02
1.174362640380859375e+02
1.166138000488281250e+02
1.141955566406250000e+02
1.134298171997070312e+02
1.160613174438476562e+02
1.149965286254882812e+02
1.170760498046875000e+02
1.147020568847656250e+02
1.150503997802734375e+02
1.141289596557617188e+02
1.133030242919921875e+02
1.149464111328125000e+02
1.161530227661132812e+02
1.162237548828125000e+02
1.161597900390625000e+02
1.142499389648437500e+02
1.157091979980468750e+02
1.145444259643554688e+02
1.148082885742187500e+02
1.142097015380859375e+02
1.167307357788085938e+02
1.172624893188476562e+02
1.186129455566406250e+02
1.155410003662109375e+02
1.141872940063476562e+02
1.118853683471679688e+02
1.107312698364257812e+02
1.115015945434570312e+02
1.130533065795898438e+02
1.153996047973632812e+02
1.151389007568359375e+02
1.140169448852539062e+02
1.136519699096679688e+02
1.151923675537109375e+02
1.175286026000976562e+02
1.178228759765625000e+02
1.158753356933593750e+02
1.126568832397460938e+02
1.117327499389648438e+02
1.129973526000976562e+02
1.136238327026367188e+02
1.138676071166992188e+02
1.123921737670898438e+02
1.136344757080078125e+02
1.128892593383789062e+02
1.139231262207031250e+02
1.145719680786132812e+02
1.152789764404296875e+02
1.139000549316406250e+02
1.124086990356445312e+02
1.132880554199218750e+02
1.139587402343750000e+02
1.142490463256835938e+02
1.141860351562500000e+02
1.136642608642578125e+02
1.136519775390625000e+02
1.130829620361328125e+02
1.110489425659179688e+02
1.108549194335937500e+02
1.120143890380859375e+02
1.139130172729492188e+02
1.138759765625000000e+02
1.113369674682617188e+02
1.107239532470703125e+02
1.101031570434570312e+02
1.105428085327148438e+02
1.119707336425781250e+02
1.128539276123046875e+02
1.131822128295898438e+02
1.146005935668945312e+02
1.154152450561523438e+02
1.160841979980468750e+02
1.149494094848632812e+02
1.136264343261718750e+02
1.120952377319335938e+02
1.107287139892578125e+02
1.103997573852539062e+02
1.115869598388671875e+02
1.100818862915039062e+02
1.094704895019531250e+02
1.095371170043945312e+02
1.111612396240234375e+02
1.119903259277343750e+02
1.111055450439453125e+02
1.109341583251953125e+02
1.118157882690429688e+02
1.106865234375000000e+02
1.095249557495117188e+02
1.087698211669921875e+02
1.108706817626953125e+02
1.132492904663085938e+02
1.139493179321289062e+02
1.135282516479492188e+02
1.139165496826171875e+02
1.146997299194335938e+02
1.141509933471679688e+02
1.135448226928710938e+02
1.132255172729492188e+02
1.139055404663085938e+02
1.118984298706054688e+02
1.096120147705078125e+02
1.092181701660156250e+02
1.103529510498046875e+02
1.121830062866210938e+02
1.137862091064453125e+02
1.136587753295898438e+02
1.141441574096679688e+02
1.134213256835937500e+02
1.125413589477539062e+02
1.108730850219726562e+02
1.097883071899414062e+02
1.096591796875000000e+02
1.083500137329101562e+02
1.084294586181640625e+02
1.097966308593750000e+02
1.116545562744140625e+02
1.125234069824218750e+02
1.125081329345703125e+02
1.099708862304687500e+02
1.078729476928710938e+02
1.070494995117187500e+02
1.090293273925781250e+02
1.121233901977539062e+02
1.135812759399414062e+02
1.113475418090820312e+02
1.090948638916015625e+02
1.088529357910156250e+02
1.100712051391601562e+02
1.093959884643554688e+02
1.070450057983398438e+02
1.071617126464843750e+02
1.080992050170898438e+02
1.083063278198242188e+02
1.080339202880859375e+02
1.068343124389648438e+02
1.083947677612304688e+02
1.077193756103515625e+02
1.077546997070312500e+02
1.099671478271484375e+02
1.121741790771484375e+02
1.131250991821289062e+02
1.114611892700195312e+02
1.089286117553710938e+02
1.083817825317382812e+02
1.092471618652343750e+02
1.095431442260742188e+02
1.092819366455078125e+02
1.082634124755859375e+02
1.067004852294921875e+02
1.064790267944335938e+02
1.057589035034179688e+02
1.069249954223632812e+02
1.082381973266601562e+02
1.079082641601562500e+02
1.072782669067382812e+02
1.081333389282226562e+02
1.100876312255859375e+02
1.117974319458007812e+02
1.115426483154296875e+02
1.110190505981445312e+02
1.095784301757812500e+02
1.099546813964843750e+02
1.089334716796875000e+02
1.105545425415039062e+02
1.095715713500976562e+02
1.077276611328125000e+02
1.066962509155273438e+02
1.057344589233398438e+02
1.063844299316406250e+02
1.056658935546875000e+02
1.060540924072265625e+02
1.078533630371093750e+02
1.081483993530273438e+02
1.090773468017578125e+02
1.083981704711914062e+02
1.074138031005859375e+02
1.075553512573242188e+02
1.083959732055664062e+02
1.107223358154296875e+02
1.128950042724609375e+02
1.119950103759765625e+02
1.104757919311523438e+02
1.079898757934570312e+02
1.085405960083007812e+02
1.111729965209960938e+02
1.112797164916992188e+02
1.084553298950195312e+02
1.051873397827148438e+02
1.033472061157226562e+02
1.026891860961914062e+02
1.031740875244140625e+02
1.051266708374023438e+02
1.061307907104492188e+02
1.065793685913085938e+02
1.070868606567382812e+02
1.069090270996093750e+02
1.076590576171875000e+02
1.082877044677734375e+02
1.080647048950195312e+02
1.074850845336914062e+02
1.055491409301757812e+02
1.044220733642578125e+02
1.040546646118164062e+02
1.051843185424804688e+02
1.047706451416015625e+02
1.044622955322265625e+02
1.039279098510742188e+02
1.055085601806640625e+02
1.077670898437500000e+02
1.075801773071289062e+02
1.062293319702148438e+02
1.046404724121093750e+02
1.063318862915039062e+02
1.072805252075195312e+02
1.078630981445312500e+02
1.059532394409179688e+02
1.058026885986328125e+02
1.050196838378906250e+02
1.063892593383789062e+02
1.054818038940429688e+02
1.064005584716796875e+02
1.063617401123046875e+02
1.064881134033203125e+02
1.051409225463867188e+02
1.042351837158203125e+02
1.043892669677734375e+02
1.047516250610351562e+02
1.028983459472656250e+02
1.007142868041992188e+02
1.013699569702148438e+02
1.044334793090820312e+02
1.076469268798828125e+02
1.074590988159179688e+02
1.075206604003906250e+02
1.069963989257812500e+02
1.066575775146484375e+02
1.054136276245117188e+02
1.040278472900390625e+02
1.044147644042968750e+02
1.043311080932617188e+02
1.043181915283203125e+02
1.041316833496093750e+02
1.041429901123046875e+02
1.047199096679687500e+02
1.042488784790039062e+02
1.029624404907226562e+02
1.021651229858398438e+02
1.016502914428710938e+02
1.026791076660156250e+02
1.029271850585937500e+02
1.036151275634765625e+02
1.031174697875976562e+02
1.044878463745117188e+02
1.034634323120117188e+02
1.031577911376953125e+02
1.035160140991210938e+02
1.040572586059570312e+02
1.039960327148437500e+02
1.040648651123046875e+02
1.061243820190429688e+02
1.071853561401367188e+02
1.060866241455078125e+02
1.046916122436523438e+02
1.020192260742187500e+02
1.015338439941406250e+02
1.013436584472656250e+02
1.024862670898437500e+02
1.025092086791992188e+02
1.030259780883789062e+02
1.035506668090820312e+02
1.054465332031250000e+02
1.056986618041992188e+02
1.057674713134765625e+02
1.056973876953125000e+02
1.039695892333984375e+02
1.027945785522460938e+02
1.036577911376953125e+02
1.030651550292968750e+02
1.021842498779296875e+02
1.016548767089843750e+02
1.031136016845703125e+02
1.043353805541992188e+02
1.057320022583007812e+02
1.066573638916015625e+02
1.060737228393554688e+02
1.056861190795898438e+02
1.045325698852539062e+02
1.045573806762695312e+02
1.025935668945312500e+02
9.994541931152343750e+01
9.850549316406250000e+01
1.001268920898437500e+02
1.019830856323242188e+02
1.016462326049804688e+02
1.010885467529296875e+02
1.017907257080078125e+02
1.020095748901367188e+02
1.020516433715820312e+02
1.020178070068359375e+02
1.020787506103515625e+02
1.030281753540039062e+02
1.034993057250976562e+02
1.041780548095703125e+02
1.041316986083984375e+02
1.039148254394531250e+02
1.027259597778320312e+02
1.028646621704101562e+02
1.015194702148437500e+02
1.007524948120117188e+02
1.008166503906250000e+02
1.005426406860351562e+02
1.018836059570312500e+02
1.005575790405273438e+02
1.002717971801757812e+02
9.935090637207031250e+01
9.917810058593750000e+01
1.001280441284179688e+02
1.010544586181640625e+02
1.016902389526367188e+02
1.024960327148437500e+02
1.035786056518554688e+02
1.035183486938476562e+02
1.031207580566406250e+02
1.021086425781250000e+02
1.026811599731445312e+02
1.032790527343750000e+02
1.038122329711914062e+02
1.024719772338867188e+02
1.004046173095703125e+02
1.006607971191406250e+02
9.920572662353515625e+01
9.934951019287109375e+01
9.837631225585937500e+01
9.971813964843750000e+01
1.002525253295898438e+02
1.002019958496093750e+02
9.998497772216796875e+01
1.002796783447265625e+02
1.000305786132812500e+02
9.788687133789062500e+01
9.857104492187500000e+01
9.963289642333984375e+01
1.006569290161132812e+02
9.993800354003906250e+01
9.925541687011718750e+01
1.009492187500000000e+02
1.014466552734375000e+02
1.028279190063476562e+02
1.013905792236328125e+02
1.002165298461914062e+02
9.872711181640625000e+01
9.851114654541015625e+01
9.941656494140625000e+01
1.009430236816406250e+02
1.009318695068359375e+02
9.970729827880859375e+01
9.787454986572265625e+01
9.854543304443359375e+01
1.001411895751953125e+02
1.008575134277343750e+02
1.005070343017578125e+02
9.944456481933593750e+01
1.004256134033203125e+02
1.008024368286132812e+02
1.012887191772460938e+02
1.013824844360351562e+02
1.016540222167968750e+02
1.025155715942382812e+02
1.012439041137695312e+02
9.966046905517578125e+01
9.865489196777343750e+01
9.894669342041015625e+01
1.001508865356445312e+02
1.002437820434570312e+02
1.009146499633789062e+02
9.984997558593750000e+01
1.020025863647460938e+02
1.017759475708007812e+02
1.031765060424804688e+02
1.031795349121093750e+02
1.022447204589843750e+02
1.004544525146484375e+02
9.994289398193359375e+01
1.000164871215820312e+02
9.986432647705078125e+01
1.001032257080078125e+02
1.001357192993164062e+02
1.014893722534179688e+02
1.015681915283203125e+02
1.007709274291992188e+02
9.956785583496093750e+01
9.862432861328125000e+01
9.969304656982421875e+01
9.995357513427734375e+01
1.003852615356445312e+02
1.013513565063476562e+02
1.011818618774414062e+02
1.000786819458007812e+02
9.855210113525390625e+01
9.813525390625000000e+01
9.693293762207031250e+01
9.688836669921875000e+01
9.793247985839843750e+01
9.798416900634765625e+01
9.848753356933593750e+01
9.825001525878906250e+01
9.869638824462890625e+01
9.902854919433593750e+01
9.978218841552734375e+01
9.983573913574218750e+01
1.000233688354492188e+02
1.000645065307617188e+02
1.003677444458007812e+02
9.849933624267578125e+01
9.798770904541015625e+01
9.812977600097656250e+01
9.923120117187500000e+01
1.015059280395507812e+02
1.012314605712890625e+02
1.009346084594726562e+02
9.898148345947265625e+01
9.718594360351562500e+01
9.724707031250000000e+01
9.575490570068359375e+01
9.631846618652343750e+01
9.637533569335937500e+01
9.638453674316406250e+01
9.815544128417968750e+01
9.873069763183593750e+01
9.918409729003906250e+01
9.806780242919921875e+01
9.691949462890625000e+01
9.666522216796875000e+01
9.591260528564453125e+01
9.573780822753906250e+01
9.615457916259765625e+01
9.653694915771484375e+01
9.651283264160156250e+01
9.613657379150390625e+01
9.575897216796875000e+01
9.683351135253906250e+01
9.628866577148437500e+01
9.723534393310546875e+01
9.541215515136718750e+01
9.425717926025390625e+01
9.220577239990234375e+01
9.285856628417968750e+01
9.344569396972656250e+01
9.465003967285156250e+01
9.499961090087890625e+01
9.552946472167968750e+01
9.607057952880859375e+01
9.492923736572265625e+01
9.414308166503906250e+01
9.346616363525390625e+01
9.373703002929687500e+01
9.377399444580078125e+01
9.280319213867187500e+01
9.188501739501953125e+01
9.257366180419921875e+01
9.304193115234375000e+01
9.466508483886718750e+01
9.460911560058593750e+01
9.473521423339843750e+01
9.617082977294921875e+01
9.756806182861328125e+01
9.901186370849609375e+01
9.893376159667968750e+01
9.820198059082031250e+01
9.805773162841796875e+01
9.737271118164062500e+01
9.690782928466796875e+01
9.598243713378906250e+01
9.598597717285156250e+01
9.745304107666015625e+01
9.863800048828125000e+01
9.880069732666015625e+01
9.834210205078125000e+01
9.735278320312500000e+01
9.643679809570312500e+01
9.798949432373046875e+01
9.775936126708984375e+01
9.903163909912109375e+01
9.671226501464843750e+01
9.633546447753906250e+01
9.694503784179687500e+01
9.722882843017578125e+01
9.699035644531250000e+01
9.530522918701171875e+01
9.656375122070312500e+01
9.744486999511718750e+01
9.743483734130859375e+01
9.787711334228515625e+01
9.867419433593750000e+01
1.004790573120117188e+02
1.022201919555664062e+02
1.024973983764648438e+02
1.019825057983398438e+02
1.002458114624023438e+02
9.903852081298828125e+01
9.785507202148437500e+01
9.609503173828125000e+01
9.625892639160156250e+01
9.665347290039062500e+01
9.848136901855468750e+01
9.862277221679687500e+01
9.844889068603515625e+01
9.811664581298828125e+01
9.795683288574218750e+01
9.786769866943359375e+01
9.958528900146484375e+01
9.917457580566406250e+01
9.856134796142578125e+01
9.768562316894531250e+01
9.782691955566406250e+01
9.854575347900390625e+01
9.735009765625000000e+01
9.751784515380859375e+01
9.772623443603515625e+01
9.768103790283203125e+01
9.819034576416015625e+01
9.917939758300781250e+01
1.005059661865234375e+02
1.016531677246093750e+02
1.007436676025390625e+02
1.001917648315429688e+02
9.814751434326171875e+01
9.722943115234375000e+01
9.690573883056640625e+01
9.736664581298828125e+01
9.778973388671875000e+01
9.928018188476562500e+01
9.865717315673828125e+01
9.911293029785156250e+01
9.762576293945312500e+01
9.810693359375000000e+01
9.904860687255859375e+01
9.934995269775390625e+01
9.939476776123046875e+01
9.789620971679687500e+01
9.773307800292968750e+01
9.950340270996093750e+01
1.004390106201171875e+02
1.007287445068359375e+02
9.952110290527343750e+01
9.732035064697265625e+01
9.555027008056640625e+01
9.486369323730468750e+01
9.743758392333984375e+01
9.811197662353515625e+01
9.800803375244140625e+01
9.787664031982421875e+01
9.936082458496093750e+01
1.013240509033203125e+02
1.002799301147460938e+02
9.912466430664062500e+01
9.963819885253906250e+01
1.013667144775390625e+02
1.013890075683593750e+02
9.887942504882812500e+01
9.511753845214843750e+01
9.444236755371093750e+01
9.548922729492187500e+01
9.728489685058593750e+01
9.629310607910156250e+01
9.694162750244140625e+01
9.943943023681640625e+01
1.016148757934570312e+02
9.988374328613281250e+01
9.922904205322265625e+01
9.819737243652343750e+01
9.817131805419921875e+01
9.761345672607421875e+01
9.835385131835937500e+01
9.991511535644531250e+01
9.842375946044921875e+01
9.821097564697265625e+01
9.708229827880859375e+01
9.806099700927734375e+01
9.759312438964843750e+01
9.693177795410156250e+01
9.673650360107421875e+01
9.778725433349609375e+01
9.864924621582031250e+01
9.978791046142578125e+01
9.948754119873046875e+01
9.942913055419921875e+01
9.985117340087890625e+01
9.946979522705078125e+01
1.003635940551757812e+02
1.009049758911132812e+02
1.009732055664062500e+02
9.939978790283203125e+01
9.687718200683593750e+01
9.577385711669921875e+01
9.579411315917968750e+01
9.760925292968750000e+01
9.793840026855468750e+01
9.900553131103515625e+01
9.870570373535156250e+01
1.004348831176757812e+02
1.002265777587890625e+02
9.958940887451171875e+01
9.930913543701171875e+01
9.907241821289062500e+01
9.884334564208984375e+01
9.892382812500000000e+01
9.855706024169921875e+01
9.845467376708984375e+01
9.777557373046875000e+01
9.760086059570312500e+01
9.826609039306640625e+01
9.874315643310546875e+01
9.972328186035156250e+01
9.891996002197265625e+01
1.001816711425781250e+02
1.003312225341796875e+02
9.936987304687500000e+01
9.898671722412109375e+01
9.811589813232421875e+01
1.001960601806640625e+02
1.013689651489257812e+02
1.005273818969726562e+02
9.897989654541015625e+01
9.744880676269531250e+01
9.874605560302734375e+01
9.955867004394531250e+01
9.843654632568359375e+01
9.829991912841796875e+01
9.814539337158203125e+01
9.940086364746093750e+01
9.867156982421875000e+01
9.846809387207031250e+01
9.850898742675781250e+01
9.797850799560546875e+01
9.751623535156250000e+01
9.657621002197265625e+01
9.741173553466796875e+01
9.739173889160156250e+01
9.802569580078125000e+01
9.829393768310546875e+01
9.956681060791015625e+01
9.731426239013671875e+01
9.486730957031250000e+01
9.476116180419921875e+01
9.657238006591796875e+01
9.863181304931640625e+01
9.893037414550781250e+01
9.931845855712890625e+01
9.732878112792968750e+01
9.538185119628906250e+01
9.656378936767578125e+01
9.898400878906250000e+01
1.006680297851562500e+02
9.914980316162109375e+01
9.757968139648437500e+01
9.742114257812500000e+01
9.754646301269531250e+01
9.750994873046875000e+01
9.805491638183593750e+01
9.955744934082031250e+01
1.021104049682617188e+02
1.007992172241210938e+02
9.923668670654296875e+01
9.815232086181640625e+01
9.824568939208984375e+01
9.790795898437500000e+01
9.669438934326171875e+01
9.820124816894531250e+01
9.842598724365234375e+01
9.918499755859375000e+01
9.958841705322265625e+01
1.005589523315429688e+02
1.019484024047851562e+02
1.017283935546875000e+02
1.033143615722656250e+02
1.011014251708984375e+02
1.004516296386718750e+02
9.840811157226562500e+01
9.875719451904296875e+01
9.807189941406250000e+01
1.004842758178710938e+02
1.008088531494140625e+02
1.007212600708007812e+02
9.989814758300781250e+01
9.858818054199218750e+01
9.701388549804687500e+01
9.608487701416015625e+01
9.741561126708984375e+01
1.002589797973632812e+02
9.961182403564453125e+01
9.964990234375000000e+01
9.894360351562500000e+01
1.000550537109375000e+02
9.806717681884765625e+01
9.919816589355468750e+01
1.000319976806640625e+02
9.997747802734375000e+01
9.722174835205078125e+01
9.710600280761718750e+01
9.864771270751953125e+01
9.973918151855468750e+01
9.772744750976562500e+01
9.735972595214843750e+01
9.751226806640625000e+01
9.807122802734375000e+01
9.732864379882812500e+01
9.633042144775390625e+01
9.519464874267578125e+01
9.641654205322265625e+01
9.666056060791015625e+01
9.861550903320312500e+01
9.821782684326171875e+01
9.843315124511718750e+01
9.815273284912109375e+01
9.900868988037109375e+01
9.870764160156250000e+01
9.789199066162109375e+01
9.851347351074218750e+01
1.003771133422851562e+02
1.011520767211914062e+02
9.890362548828125000e+01
9.744800567626953125e+01
9.815795135498046875e+01
9.969110870361328125e+01
9.939517211914062500e+01
9.758671569824218750e+01
9.696331024169921875e+01
9.770100402832031250e+01
9.854773712158203125e+01
9.793815612792968750e+01
9.767386627197265625e+01
9.773212432861328125e+01
9.845764923095703125e+01
9.996171569824218750e+01
1.004798431396484375e+02
1.005443115234375000e+02
1.005170745849609375e+02
1.010711822509765625e+02
1.010409927368164062e+02
1.002740707397460938e+02
1.003105621337890625e+02
1.009485168457031250e+02
1.007290725708007812e+02
1.000718231201171875e+02
9.986354064941406250e+01
9.923278808593750000e+01
9.856665039062500000e+01
9.776803588867187500e+01
9.849151611328125000e+01
9.941397857666015625e+01
9.937376403808593750e+01
9.864529418945312500e+01
9.729168701171875000e+01
9.802899169921875000e+01
9.651071929931640625e+01
9.633314514160156250e+01
9.483290863037109375e+01
9.643498229980468750e+01
9.727149963378906250e+01
9.851796722412109375e+01
9.825969696044921875e+01
9.878448486328125000e+01
9.810693359375000000e+01
9.809239196777343750e+01
9.982340240478515625e+01
1.004436874389648438e+02
9.991162872314453125e+01
9.935281372070312500e+01
9.916152191162109375e+01
9.896662902832031250e+01
9.865129089355468750e+01
9.909819030761718750e+01
9.958711242675781250e+01
1.008787307739257812e+02
1.004597167968750000e+02
1.004800872802734375e+02
9.844776153564453125e+01
9.841203308105468750e+01
9.861160278320312500e+01
9.840714263916015625e+01
9.778528594970703125e+01
9.744299316406250000e+01
9.736601257324218750e+01
9.753771972656250000e+01
9.800521087646484375e+01
9.802011871337890625e+01
9.786786651611328125e+01
9.721202850341796875e+01
9.765847015380859375e+01
9.811907196044921875e+01
9.841820526123046875e+01
9.876084899902343750e+01
9.938694763183593750e+01
9.939250946044921875e+01
9.963673400878906250e+01
9.977651214599609375e+01
1.013080368041992188e+02
1.010096206665039062e+02
1.010707473754882812e+02
9.918143463134765625e+01
9.744061279296875000e+01
9.497544860839843750e+01
9.604204559326171875e+01
9.685150146484375000e+01
9.829357147216796875e+01
9.776197052001953125e+01
9.708997344970703125e+01
9.590108489990234375e+01
9.681485748291015625e+01
9.713364410400390625e+01
9.569113922119140625e+01
9.674535369873046875e+01
9.808476257324218750e+01
9.816579437255859375e+01
9.895022583007812500e+01
9.946977233886718750e+01
9.924488830566406250e+01
9.719188690185546875e+01
9.614018249511718750e+01
9.776672363281250000e+01
9.929276275634765625e+01
9.904028320312500000e+01
9.843405914306640625e+01
9.883551788330078125e+01
9.816059112548828125e+01
9.750578308105468750e+01
9.657675933837890625e+01
9.539849853515625000e+01
9.377265930175781250e+01
9.569625091552734375e+01
9.742988586425781250e+01
9.851993560791015625e+01
9.895063781738281250e+01
9.964782714843750000e+01
9.867871093750000000e+01
9.776629638671875000e+01
9.802476501464843750e+01
9.733448791503906250e+01
9.762330627441406250e+01
9.877221679687500000e+01
9.867089843750000000e+01
9.819070434570312500e+01
9.741697692871093750e+01
9.772801971435546875e+01
9.811190795898437500e+01
9.905953216552734375e+01
9.830522155761718750e+01
9.794734954833984375e+01
9.735626983642578125e+01
9.875942230224609375e+01
9.962915039062500000e+01
1.006819610595703125e+02
9.965381622314453125e+01
9.763559722900390625e+01
9.770708465576171875e+01
9.869817352294921875e+01
9.855191040039062500e+01
9.688247680664062500e+01
9.651399993896484375e+01
9.693664550781250000e+01
9.666861724853515625e+01
9.490705108642578125e+01
9.459036254882812500e+01
9.619776916503906250e+01
9.784986114501953125e+01
9.824771881103515625e+01
9.750502014160156250e+01
9.781048583984375000e+01
9.793194580078125000e+01
9.822788238525390625e+01
9.708551025390625000e+01
9.718274688720703125e+01
9.685559844970703125e+01
9.687077331542968750e+01
9.640660095214843750e+01
9.787550354003906250e+01
9.846164703369140625e+01
9.846646881103515625e+01
9.909719085693359375e+01
1.001602859497070312e+02
9.978092956542968750e+01
9.993309020996093750e+01
9.938678741455078125e+01
9.847028350830078125e+01
9.947957611083984375e+01
1.018483047485351562e+02
1.019920501708984375e+02
1.006351928710937500e+02
1.007397537231445312e+02
1.016735000610351562e+02
1.022157592773437500e+02
1.030000610351562500e+02
1.007035827636718750e+02
9.933284759521484375e+01
9.995544433593750000e+01
1.031460800170898438e+02
1.024080123901367188e+02
1.017866592407226562e+02
1.003518371582031250e+02
1.016822967529296875e+02
1.008599319458007812e+02
9.881772613525390625e+01
9.731961822509765625e+01
9.802478790283203125e+01
1.010158843994140625e+02
1.018254852294921875e+02
1.017626571655273438e+02
9.877235412597656250e+01
9.848307037353515625e+01
9.698102569580078125e+01
9.675523376464843750e+01
9.390276336669921875e+01
9.371784210205078125e+01
9.353644561767578125e+01
9.606941223144531250e+01
9.734828948974609375e+01
9.782803344726562500e+01
9.828253936767578125e+01
9.867677307128906250e+01
1.000340118408203125e+02
9.921661376953125000e+01
9.843830108642578125e+01
9.586129760742187500e+01
9.483312988281250000e+01
9.441520690917968750e+01
9.432021331787109375e+01
9.472368621826171875e+01
9.573430633544921875e+01
9.615651702880859375e+01
9.451247406005859375e+01
9.091802215576171875e+01
9.084856414794921875e+01
9.373429107666015625e+01
9.449477386474609375e+01
9.479515838623046875e+01
9.408282470703125000e+01
9.491499328613281250e+01
9.409225463867187500e+01
9.262696075439453125e+01
9.061743164062500000e+01
8.911076354980468750e+01
9.001104736328125000e+01
9.307488250732421875e+01
9.656777954101562500e+01
9.791259765625000000e+01
9.758540344238281250e+01
9.831745910644531250e+01
9.939270782470703125e+01
9.894026184082031250e+01
9.824558258056640625e+01
9.672785949707031250e+01
9.387936401367187500e+01
9.178388214111328125e+01
9.048554992675781250e+01
9.166716003417968750e+01
9.076301574707031250e+01
9.220468139648437500e+01
9.330049896240234375e+01
9.335308837890625000e+01
9.271060180664062500e+01
9.184799194335937500e+01
9.262367248535156250e+01
9.247656250000000000e+01
9.436453247070312500e+01
9.493397521972656250e+01
9.482580566406250000e+01
9.366466522216796875e+01
9.319168090820312500e+01
9.225919342041015625e+01
9.184128570556640625e+01
8.990237426757812500e+01
9.045317840576171875e+01
9.046910858154296875e+01
9.165679168701171875e+01
8.931116485595703125e+01
8.943547058105468750e+01
8.951554870605468750e+01
9.080900573730468750e+01
9.156574249267578125e+01
9.328307342529296875e+01
9.202184295654296875e+01
9.124512481689453125e+01
9.129115295410156250e+01
9.488740539550781250e+01
9.549907684326171875e+01
9.630276489257812500e+01
9.279457092285156250e+01
8.943772888183593750e+01
8.569478607177734375e+01
8.565248870849609375e+01
8.889662933349609375e+01
8.923607635498046875e+01
9.156030273437500000e+01
9.007749176025390625e+01
9.231304931640625000e+01
8.996528625488281250e+01
8.889484405517578125e+01
8.901755523681640625e+01
9.106232452392578125e+01
9.054506683349609375e+01
8.975958251953125000e+01
8.877937316894531250e+01
9.132625579833984375e+01
9.143685150146484375e+01
9.437241363525390625e+01
9.682045745849609375e+01
9.547739410400390625e+01
9.201619720458984375e+01
9.274332427978515625e+01
9.601770782470703125e+01
9.476332855224609375e+01
9.231762695312500000e+01
8.981237030029296875e+01
9.105412292480468750e+01
9.192780303955078125e+01
9.480668640136718750e+01
9.335168457031250000e+01
9.293700408935546875e+01
9.014094543457031250e+01
9.027909851074218750e+01
9.174826812744140625e+01
9.348586273193359375e+01
9.258975219726562500e+01
9.114900207519531250e+01
9.052655029296875000e+01
9.237446594238281250e+01
9.153835296630859375e+01
8.915957641601562500e+01
8.675202941894531250e+01
8.892873382568359375e+01
9.178932189941406250e+01
9.529431915283203125e+01
9.389972686767578125e+01
9.108466339111328125e+01
8.998852539062500000e+01
9.241924285888671875e+01
9.491332244873046875e+01
9.402260589599609375e+01
9.139939880371093750e+01
8.956104278564453125e+01
9.046408843994140625e+01
9.134338378906250000e+01
9.127294921875000000e+01
9.380178070068359375e+01
9.417064666748046875e+01
9.499005126953125000e+01
9.192303466796875000e+01
9.115451812744140625e+01
9.275383758544921875e+01
9.702017211914062500e+01
9.783537292480468750e+01
9.874839019775390625e+01
1.060403289794921875e+02
1.066937561035156250e+02
1.020304641723632812e+02
1.014999923706054688e+02
1.042167358398437500e+02
1.028607330322265625e+02
1.018098983764648438e+02
1.018321456909179688e+02
1.042243270874023438e+02
1.034797363281250000e+02
1.014651641845703125e+02
9.912512207031250000e+01
1.035075912475585938e+02
1.061594085693359375e+02
1.065050430297851562e+02
1.015052947998046875e+02
9.801226043701171875e+01
9.736710357666015625e+01
9.830371093750000000e+01
9.992948913574218750e+01
1.011176147460937500e+02
1.011971893310546875e+02
1.003784408569335938e+02
9.978941345214843750e+01
1.015879058837890625e+02
1.013953323364257812e+02
1.007369384765625000e+02
1.019389343261718750e+02
1.012216415405273438e+02
9.730656433105468750e+01
9.674983215332031250e+01
9.893402099609375000e+01
9.887447357177734375e+01
9.987466430664062500e+01
1.012032546997070312e+02
1.034340133666992188e+02
9.902388000488281250e+01
9.919394683837890625e+01
9.862529754638671875e+01
1.003713073730468750e+02
9.847056579589843750e+01
9.967776489257812500e+01
9.861138153076171875e+01
9.780813598632812500e+01
9.760816192626953125e+01
9.822083282470703125e+01
9.695513153076171875e+01
9.764576721191406250e+01
9.920921325683593750e+01
9.967113494873046875e+01
1.017422103881835938e+02
1.035469589233398438e+02
1.033241653442382812e+02
9.905587005615234375e+01
9.848262786865234375e+01
9.893707275390625000e+01
9.899167633056640625e+01
9.783228302001953125e+01
9.556388854980468750e+01
9.723142242431640625e+01
1.008248672485351562e+02
9.930562591552734375e+01
9.640653228759765625e+01
9.578669738769531250e+01
9.878223419189453125e+01
9.900081634521484375e+01
9.792608642578125000e+01
9.583885192871093750e+01
9.497476196289062500e+01
9.489385223388671875e+01
9.689388275146484375e+01
9.818933105468750000e+01
9.745041656494140625e+01
9.691436004638671875e+01
9.613065338134765625e+01
9.519512939453125000e+01
9.619223022460937500e+01
9.664685821533203125e+01
9.593766021728515625e+01
9.698625946044921875e+01
9.589182281494140625e+01
9.432905578613281250e+01
9.312826538085937500e+01
9.467916107177734375e+01
9.529237365722656250e+01
9.510462951660156250e+01
9.338478851318359375e+01
9.383982086181640625e+01
9.486324310302734375e+01
9.496035003662109375e+01
9.595675659179687500e+01
9.475930786132812500e+01
9.286190795898437500e+01
9.353755187988281250e+01
9.704077911376953125e+01
9.803572845458984375e+01
9.928945922851562500e+01
9.803799438476562500e+01
9.665209197998046875e+01
9.627960205078125000e+01
9.489247894287109375e+01
9.407592010498046875e+01
9.499961853027343750e+01
9.608965301513671875e+01
9.547093200683593750e+01
9.452640533447265625e+01
9.387754821777343750e+01
9.477902984619140625e+01
9.438527679443359375e+01
9.312758636474609375e+01
9.251229858398437500e+01
9.333627319335937500e+01
9.695861053466796875e+01
9.891616821289062500e+01
9.745098876953125000e+01
9.500942993164062500e+01
9.261476135253906250e+01
9.533596038818359375e+01
9.647272491455078125e+01
9.643228149414062500e+01
9.610684204101562500e+01
9.526200866699218750e+01
9.544660949707031250e+01
9.541378784179687500e+01
9.516940307617187500e+01
9.313673400878906250e+01
9.312832641601562500e+01
9.389787292480468750e+01
9.286361694335937500e+01
9.385108184814453125e+01
9.406457519531250000e+01
9.314306640625000000e+01
9.394169616699218750e+01
9.525529479980468750e+01
9.624272155761718750e+01
9.492091369628906250e+01
9.363784027099609375e+01
9.291295623779296875e+01
9.317161560058593750e+01
9.367276000976562500e+01
9.366730499267578125e+01
9.424336242675781250e+01
9.511814880371093750e+01
9.613320922851562500e+01
9.427220153808593750e+01
9.141168212890625000e+01
9.061199188232421875e+01
9.272249603271484375e+01
9.481265258789062500e+01
9.477542114257812500e+01
9.620572662353515625e+01
9.753011322021484375e+01
9.727922058105468750e+01
9.484445953369140625e+01
9.520957183837890625e+01
9.574697113037109375e+01
9.454315185546875000e+01
9.368224334716796875e+01
9.364041137695312500e+01
9.497433471679687500e+01
9.249402618408203125e+01
9.119577026367187500e+01
9.152732849121093750e+01
9.275512695312500000e+01
9.367338562011718750e+01
9.311459350585937500e+01
9.006533813476562500e+01
8.880548095703125000e+01
9.154434204101562500e+01
9.455511474609375000e+01
9.445110321044921875e+01
9.399339294433593750e+01
9.353003692626953125e+01
9.414603424072265625e+01
9.421643066406250000e+01
9.417905426025390625e+01
9.228984069824218750e+01
9.272378540039062500e+01
9.400940704345703125e+01
9.504981994628906250e+01
9.513886260986328125e+01
9.601064300537109375e+01
9.557921600341796875e+01
9.435467529296875000e+01
9.255496978759765625e+01
9.429398345947265625e+01
9.393444824218750000e+01
9.285739135742187500e+01
9.089888763427734375e+01
9.075504302978515625e+01
9.058787536621093750e+01
9.008731842041015625e+01
9.091210937500000000e+01
9.232465362548828125e+01
9.478463745117187500e+01
9.647668457031250000e+01
9.555522918701171875e+01
9.249106597900390625e+01
9.061661529541015625e+01
9.104429626464843750e+01
9.189472198486328125e+01
9.137837219238281250e+01
9.136695098876953125e+01
9.256884002685546875e+01
9.244126129150390625e+01
9.356554412841796875e+01
9.295940399169921875e+01
9.370462799072265625e+01
9.338182067871093750e+01
9.126727294921875000e+01
8.964160156250000000e+01
9.080474853515625000e+01
9.112857055664062500e+01
9.138358306884765625e+01
9.161779022216796875e+01
9.070998382568359375e+01
9.153370666503906250e+01
9.208688354492187500e+01
9.343703460693359375e+01
9.306983184814453125e+01
9.263773345947265625e+01
9.123194885253906250e+01
9.190463256835937500e+01
9.086806488037109375e+01
9.036356353759765625e+01
9.092990112304687500e+01
9.114734649658203125e+01
9.123515319824218750e+01
9.344269561767578125e+01
9.513751983642578125e+01
9.351907348632812500e+01
9.150793457031250000e+01
9.011182403564453125e+01
8.891176605224609375e+01
8.988887023925781250e+01
9.203179168701171875e+01
9.020298004150390625e+01
9.066466522216796875e+01
9.084743499755859375e+01
9.210888671875000000e+01
9.230388641357421875e+01
9.101519012451171875e+01
8.825991058349609375e+01
8.874054718017578125e+01
8.927901458740234375e+01
9.081651306152343750e+01
8.962880706787109375e+01
8.981398010253906250e+01
9.036801910400390625e+01
9.114806365966796875e+01
9.100402832031250000e+01
9.098766326904296875e+01
9.054312133789062500e+01
9.002996063232421875e+01
9.191165924072265625e+01
9.342245483398437500e+01
9.052101135253906250e+01
8.712471008300781250e+01
8.610255432128906250e+01
8.782807922363281250e+01
8.868927764892578125e+01
9.029207611083984375e+01
9.140198516845703125e+01
9.245536804199218750e+01
9.179469299316406250e+01
9.009278869628906250e+01
8.986357116699218750e+01
9.048915863037109375e+01
9.077465820312500000e+01
8.997952270507812500e+01
9.165912628173828125e+01
9.095396423339843750e+01
9.106669616699218750e+01
8.947283172607421875e+01
8.922140502929687500e+01
9.136563873291015625e+01
9.267641448974609375e+01
9.144139099121093750e+01
8.894629669189453125e+01
8.842565155029296875e+01
8.939785003662109375e+01
9.038185882568359375e+01
9.087691497802734375e+01
9.297013854980468750e+01
9.233396911621093750e+01
9.109176635742187500e+01
9.032508087158203125e+01
9.140579986572265625e+01
9.189636230468750000e+01
9.034616088867187500e+01
8.850561523437500000e+01
8.790828704833984375e+01
8.714505767822265625e+01
8.672962188720703125e+01
8.678939819335937500e+01
8.820919036865234375e+01
8.922660827636718750e+01
8.989249420166015625e+01
8.961900329589843750e+01
8.949410247802734375e+01
8.951087188720703125e+01
8.757463836669921875e+01
8.877108764648437500e+01
8.992295837402343750e+01
9.083396911621093750e+01
8.953356170654296875e+01
8.911278533935546875e+01
8.963706207275390625e+01
8.918522644042968750e+01
9.012306213378906250e+01
9.059888458251953125e+01
8.946358489990234375e+01
8.874665832519531250e+01
8.898293304443359375e+01
8.911405181884765625e+01
8.977331542968750000e+01
9.036169433593750000e+01
8.977174377441406250e+01
8.819905853271484375e+01
8.830516052246093750e+01
8.983747100830078125e+01
8.953327178955078125e+01
8.931739044189453125e+01
8.779146575927734375e+01
8.868852996826171875e+01
8.953568267822265625e+01
9.038898468017578125e+01
8.964717864990234375e+01
8.878819274902343750e+01
8.663427734375000000e+01
8.678916931152343750e+01
8.783933258056640625e+01
8.954090881347656250e+01
8.978421020507812500e+01
9.033724212646484375e+01
8.956569671630859375e+01
9.035413360595703125e+01
8.996774291992187500e+01
8.947239685058593750e+01
8.860986328125000000e+01
8.926118469238281250e+01
8.951849365234375000e+01
8.877513885498046875e+01
8.818577575683593750e+01
8.714128875732421875e+01
8.732456970214843750e+01
8.698077392578125000e+01
8.725160980224609375e+01
8.800694274902343750e+01
8.826673889160156250e+01
8.750001525878906250e+01
8.635997772216796875e+01
8.578775787353515625e+01
8.604860687255859375e+01
8.747793579101562500e+01
8.803714752197265625e+01
8.754599761962890625e+01
8.896302032470703125e+01
8.922438049316406250e+01
8.820696258544921875e+01
8.757609558105468750e+01
8.626006317138671875e+01
8.523780059814453125e+01
8.635821533203125000e+01
8.756021881103515625e+01
8.798696136474609375e+01
8.790880584716796875e+01
8.954334259033203125e+01
8.868856048583984375e+01
8.691634368896484375e+01
8.654306030273437500e+01
8.758132934570312500e+01
8.713881683349609375e+01
8.856621551513671875e+01
8.841001129150390625e+01
8.755032348632812500e+01
8.667784118652343750e+01
8.657556152343750000e+01
8.681436157226562500e+01
8.835706329345703125e+01
8.746691894531250000e+01
8.636281585693359375e+01
8.697086334228515625e+01
8.655058288574218750e+01
8.658301544189453125e+01
8.633769226074218750e+01
8.693624114990234375e+01
8.585120391845703125e+01
8.465997314453125000e+01
8.540802001953125000e+01
8.576533508300781250e+01
8.402552795410156250e+01
8.333372497558593750e+01
8.583258056640625000e+01
8.696198272705078125e+01
8.782133483886718750e+01
8.775282287597656250e+01
8.755474853515625000e+01
8.671618652343750000e+01
8.545495605468750000e+01
8.582947540283203125e+01
8.560826110839843750e+01
8.673812866210937500e+01
8.537731170654296875e+01
8.503635406494140625e+01
8.418920898437500000e+01
8.255274200439453125e+01
8.435501098632812500e+01
8.546607208251953125e+01
8.440986633300781250e+01
8.443260955810546875e+01
8.588485717773437500e+01
8.506232452392578125e+01
8.400154113769531250e+01
8.415514373779296875e+01
8.510935211181640625e+01
8.562112426757812500e+01
8.391672515869140625e+01
8.438194274902343750e+01
8.588267517089843750e+01
8.562702941894531250e+01
8.574423980712890625e+01
8.734929656982421875e+01
8.783242797851562500e+01
8.827223968505859375e+01
8.666562652587890625e+01
8.427470397949218750e+01
8.485636138916015625e+01
8.542866516113281250e+01
8.628674316406250000e+01
8.529425048828125000e+01
8.327378845214843750e+01
8.323358154296875000e+01
8.618955993652343750e+01
8.824217987060546875e+01
8.711804962158203125e+01
8.446897888183593750e+01
8.281147766113281250e+01
8.197330474853515625e+01
8.411794281005859375e+01
8.804518127441406250e+01
8.844161987304687500e+01
8.708836364746093750e+01
8.741040802001953125e+01
8.743012237548828125e+01
8.722494506835937500e+01
8.774041748046875000e+01
8.650325012207031250e+01
8.693467712402343750e+01
8.990200805664062500e+01
9.053475952148437500e+01
8.812744903564453125e+01
8.604023742675781250e+01
8.460739898681640625e+01
8.266144561767578125e+01
8.449606323242187500e+01
8.648274230957031250e+01
8.765839385986328125e+01
8.811395263671875000e+01
8.525738525390625000e+01
8.343859863281250000e+01
8.544267272949218750e+01
8.799735260009765625e+01
8.696717834472656250e+01
8.914454650878906250e+01
9.146061706542968750e+01
8.863840484619140625e+01
8.681167602539062500e+01
8.758301544189453125e+01
8.815885162353515625e+01
8.907402801513671875e+01
8.725634002685546875e+01
8.602164459228515625e+01
8.744700622558593750e+01
8.641983795166015625e+01
8.381979370117187500e+01
8.402095031738281250e+01
8.507924652099609375e+01
8.564382171630859375e+01
8.404493713378906250e+01
8.517107391357421875e+01
8.637989807128906250e+01
8.536528778076171875e+01
8.452413177490234375e+01
8.562562561035156250e+01
8.514138031005859375e+01
8.397029876708984375e+01
8.533430480957031250e+01
8.780941772460937500e+01
8.648394775390625000e+01
8.559242248535156250e+01
8.682092285156250000e+01
8.618119812011718750e+01
8.600296020507812500e+01
8.604208374023437500e+01
8.695304870605468750e+01
8.827087402343750000e+01
8.799881744384765625e+01
8.627064514160156250e+01
8.396112060546875000e+01
8.261512756347656250e+01
8.422095489501953125e+01
8.796193695068359375e+01
8.876734924316406250e+01
8.703384399414062500e+01
8.382672882080078125e+01
8.374328613281250000e+01
8.372029113769531250e+01
8.152365875244140625e+01
8.186201477050781250e+01
8.435577392578125000e+01
8.758026123046875000e+01
8.702942657470703125e+01
8.458238220214843750e+01
8.511668395996093750e+01
8.588908386230468750e+01
8.664465332031250000e+01
8.632539367675781250e+01
8.669335174560546875e+01
8.769044494628906250e+01
8.561295318603515625e+01
8.250153350830078125e+01
8.166757965087890625e+01
8.256832122802734375e+01
8.299929809570312500e+01
8.389551544189453125e+01
8.490522003173828125e+01
8.404640197753906250e+01
8.313426971435546875e+01
8.356501770019531250e+01
8.271100616455078125e+01
8.252536010742187500e+01
8.430326080322265625e+01
8.518354034423828125e+01
8.486734008789062500e+01
8.454203796386718750e+01
8.371881866455078125e+01
8.372280883789062500e+01
8.312303161621093750e+01
8.374790954589843750e+01
8.342998504638671875e+01
8.299870300292968750e+01
8.209386444091796875e+01
8.301569366455078125e+01
8.659081268310546875e+01
8.656104278564453125e+01
8.270703887939453125e+01
8.027742004394531250e+01
7.982421112060546875e+01
8.128528594970703125e+01
8.245648956298828125e+01
8.166535186767578125e+01
8.248719787597656250e+01
8.123584747314453125e+01
8.028405761718750000e+01
8.062541198730468750e+01
8.111904907226562500e+01
8.106090545654296875e+01
7.856769561767578125e+01
7.949604797363281250e+01
8.337743377685546875e+01
8.439831542968750000e+01
8.400304412841796875e+01
8.320278167724609375e+01
8.253865051269531250e+01
8.199712371826171875e+01
8.123878479003906250e+01
8.082643890380859375e+01
8.106809234619140625e+01
8.010075378417968750e+01
8.043814086914062500e+01
8.036326599121093750e+01
8.087693786621093750e+01
8.175606536865234375e+01
8.170185089111328125e+01
8.117984008789062500e+01
8.019421386718750000e+01
7.971545410156250000e+01
8.010955810546875000e+01
8.061586761474609375e+01
8.069013977050781250e+01
8.321446228027343750e+01
8.418512725830078125e+01
8.531285095214843750e+01
8.315842437744140625e+01
8.021396636962890625e+01
8.144570159912109375e+01
8.162597656250000000e+01
8.019934082031250000e+01
8.247822570800781250e+01
8.520146179199218750e+01
8.472306060791015625e+01
8.203001403808593750e+01
8.006887817382812500e+01
7.990655517578125000e+01
8.066310882568359375e+01
8.142003631591796875e+01
8.077600860595703125e+01
8.085197448730468750e+01
8.084454345703125000e+01
8.006678771972656250e+01
7.968746185302734375e+01
8.080525970458984375e+01
8.295642852783203125e+01
8.341799163818359375e+01
8.146964263916015625e+01
7.986685180664062500e+01
7.931262207031250000e+01
7.889678955078125000e+01
7.925363159179687500e+01
8.136067962646484375e+01
8.198167419433593750e+01
8.163796234130859375e+01
7.967662048339843750e+01
8.050093841552734375e+01
8.074357604980468750e+01
8.052196502685546875e+01
7.963300323486328125e+01
8.092837524414062500e+01
8.245648956298828125e+01
8.229158782958984375e+01
8.030975341796875000e+01
7.893344116210937500e+01
7.827091979980468750e+01
7.837062835693359375e+01
7.921182250976562500e+01
8.049178314208984375e+01
8.223889923095703125e+01
8.152719879150390625e+01
8.225809478759765625e+01
8.231896972656250000e+01
8.265707397460937500e+01
8.306428527832031250e+01
8.208519744873046875e+01
8.128699493408203125e+01
8.152819061279296875e+01
8.033908081054687500e+01
7.886749267578125000e+01
7.818929290771484375e+01
7.836638641357421875e+01
7.976949310302734375e+01
8.177022552490234375e+01
8.105015563964843750e+01
8.173706817626953125e+01
8.305327606201171875e+01
8.163417816162109375e+01
7.959550476074218750e+01
7.732297515869140625e+01
7.700909423828125000e+01
7.888864135742187500e+01
7.942068481445312500e+01
7.922150421142578125e+01
7.996237945556640625e+01
8.042159271240234375e+01
8.043632507324218750e+01
8.180922698974609375e+01
8.271594238281250000e+01
8.024678039550781250e+01
8.068714904785156250e+01
8.310647583007812500e+01
8.253801727294921875e+01
8.127717590332031250e+01
8.119938659667968750e+01
8.055484008789062500e+01
7.863305664062500000e+01
7.780744934082031250e+01
7.970427703857421875e+01
8.168396759033203125e+01
8.246794891357421875e+01
8.091801452636718750e+01
7.905912780761718750e+01
7.777610778808593750e+01
7.901573944091796875e+01
7.987163543701171875e+01
7.933882141113281250e+01
7.998313903808593750e+01
8.164820098876953125e+01
8.257695007324218750e+01
8.086362457275390625e+01
7.928508758544921875e+01
8.030908203125000000e+01
8.045841979980468750e+01
8.158882141113281250e+01
8.226127624511718750e+01
8.016864776611328125e+01
7.889182281494140625e+01
7.756478118896484375e+01
7.729580688476562500e+01
7.905928802490234375e+01
7.906124877929687500e+01
7.890028381347656250e+01
8.117750549316406250e+01
8.079347991943359375e+01
7.893500518798828125e+01
8.050166320800781250e+01
8.120127105712890625e+01
8.146046447753906250e+01
8.192332458496093750e+01
8.093159484863281250e+01
8.083229827880859375e+01
8.106657409667968750e+01
8.083174133300781250e+01
7.912938690185546875e+01
7.866867065429687500e+01
7.980732727050781250e+01
7.772817993164062500e+01
7.829589080810546875e+01
7.957848358154296875e+01
7.772821044921875000e+01
7.699520111083984375e+01
7.535808563232421875e+01
7.631015014648437500e+01
7.936944580078125000e+01
7.903764343261718750e+01
7.804450988769531250e+01
7.549527740478515625e+01
7.288767242431640625e+01
7.534880065917968750e+01
7.862436676025390625e+01
7.931930541992187500e+01
8.083263397216796875e+01
8.094226837158203125e+01
8.084625244140625000e+01
8.025932312011718750e+01
7.713181304931640625e+01
7.742098236083984375e+01
7.819203186035156250e+01
8.075269317626953125e+01
8.395519256591796875e+01
8.306072998046875000e+01
7.873920440673828125e+01
7.710662841796875000e+01
7.881952667236328125e+01
7.820127868652343750e+01
7.806680297851562500e+01
7.784269714355468750e+01
7.836082458496093750e+01
7.911102294921875000e+01
7.805601501464843750e+01
7.713835906982421875e+01
7.774712371826171875e+01
7.630083465576171875e+01
7.462967681884765625e+01
7.458029937744140625e+01
7.419390869140625000e+01
7.574478912353515625e+01
7.814674377441406250e+01
7.902452850341796875e+01
7.792547607421875000e+01
7.508383178710937500e+01
7.444724273681640625e+01
7.617700195312500000e+01
7.862345886230468750e+01
7.853398132324218750e+01
7.805436706542968750e+01
7.719747161865234375e+01
7.356551361083984375e+01
7.211713409423828125e+01
7.373303222656250000e+01
7.305474853515625000e+01
7.245033264160156250e+01
7.570418548583984375e+01
7.417056274414062500e+01
7.496111297607421875e+01
7.756015014648437500e+01
7.743983459472656250e+01
7.738834381103515625e+01
7.439270019531250000e+01
7.550884246826171875e+01
7.693973541259765625e+01
7.599069213867187500e+01
7.829844665527343750e+01
7.700685119628906250e+01
7.438281250000000000e+01
7.619793701171875000e+01
7.965793609619140625e+01
7.944913482666015625e+01
7.592614746093750000e+01
7.166250610351562500e+01
6.923035430908203125e+01
6.963279724121093750e+01
6.973058319091796875e+01
7.073643493652343750e+01
7.211654663085937500e+01
7.250048828125000000e+01
6.980685424804687500e+01
6.682413482666015625e+01
6.610263061523437500e+01
7.237453460693359375e+01
7.829918670654296875e+01
7.702288055419921875e+01
7.549314117431640625e+01
7.601392364501953125e+01
7.451255035400390625e+01
7.494247436523437500e+01
7.672784423828125000e+01
7.334229278564453125e+01
7.015378570556640625e+01
7.156211090087890625e+01
7.447926330566406250e+01
7.285072326660156250e+01
7.389773559570312500e+01
7.303645324707031250e+01
7.252011871337890625e+01
7.105844116210937500e+01
7.268785858154296875e+01
7.392256927490234375e+01
7.192117309570312500e+01
6.848326110839843750e+01
6.750141143798828125e+01
7.057869720458984375e+01
7.348114013671875000e+01
7.260089111328125000e+01
7.179592895507812500e+01
7.150201416015625000e+01
7.019600677490234375e+01
7.520932006835937500e+01
7.334987640380859375e+01
6.905101013183593750e+01
7.033227539062500000e+01
7.077059173583984375e+01
7.494463348388671875e+01
7.466419982910156250e+01
7.206086730957031250e+01
7.454083251953125000e+01
7.025343322753906250e+01
6.180941390991210938e+01
6.287516403198242188e+01
7.338622283935546875e+01
7.718914794921875000e+01
7.390349578857421875e+01
6.785269165039062500e+01
6.889726257324218750e+01
7.428144073486328125e+01
7.861732482910156250e+01
8.010874938964843750e+01
7.167167663574218750e+01
6.898855590820312500e+01
7.678871154785156250e+01
8.648548126220703125e+01
8.520027923583984375e+01
7.110190582275390625e+01
6.513943481445312500e+01
7.124227142333984375e+01
6.740020751953125000e+01
6.475485229492187500e+01
7.781292724609375000e+01
8.363982391357421875e+01
7.630200958251953125e+01
7.698777008056640625e+01
8.056176757812500000e+01
7.324208831787109375e+01
9.695700836181640625e+01
1.045443038940429688e+02
8.495416259765625000e+01
7.926830291748046875e+01
8.066072845458984375e+01
6.995360565185546875e+01
6.011636734008789062e+01
7.734351348876953125e+01
9.153403472900390625e+01
6.678379058837890625e+01
7.287885284423828125e+01
1.124494094848632812e+02
1.092477493286132812e+02
8.630831146240234375e+01
7.470679473876953125e+01
7.779686737060546875e+01
nan
nan
