nan
nan
nan
nan
nan
nan
nan
nan
nan
nan
nan
nan
nan
nan
nan
nan
nan
nan
nan
nan
nan
nan
nan
nan
nan
nan
nan
2.913293151855468750e+02
2.948013305664062500e+02
2.949397888183593750e+02
2.950849609375000000e+02
2.829946899414062500e+02
2.820195922851562500e+02
2.821871032714843750e+02
2.833782958984375000e+02
2.847341918945312500e+02
2.847728576660156250e+02
2.883322448730468750e+02
2.891669921875000000e+02
2.904308471679687500e+02
2.856090393066406250e+02
2.756021118164062500e+02
2.769317016601562500e+02
2.842420349121093750e+02
2.905199890136718750e+02
2.923912048339843750e+02
2.893573303222656250e+02
2.856845703125000000e+02
2.832610168457031250e+02
2.758759460449218750e+02
2.753911132812500000e+02
2.763375549316406250e+02
2.828450927734375000e+02
2.874538879394531250e+02
2.922395629882812500e+02
2.940348510742187500e+02
2.880500793457031250e+02
2.776480712890625000e+02
2.766255798339843750e+02
2.767141418457031250e+02
2.791961364746093750e+02
2.775474548339843750e+02
2.811596984863281250e+02
2.878238830566406250e+02
2.885018615722656250e+02
2.883609924316406250e+02
2.811960144042968750e+02
2.817117004394531250e+02
2.784545898437500000e+02
2.793100280761718750e+02
2.765429687500000000e+02
2.763733825683593750e+02
2.731786193847656250e+02
2.740620727539062500e+02
2.747387695312500000e+02
2.754506530761718750e+02
2.792174377441406250e+02
2.784697875976562500e+02
2.783258361816406250e+02
2.761852111816406250e+02
2.792110290527343750e+02
2.775675964355468750e+02
2.769142150878906250e+02
2.770632019042968750e+02
2.805534667968750000e+02
2.828430480957031250e+02
2.813921203613281250e+02
2.817217102050781250e+02
2.818196411132812500e+02
2.817827148437500000e+02
2.834236755371093750e+02
2.828787536621093750e+02
2.817115478515625000e+02
2.805091247558593750e+02
2.829194946289062500e+02
2.859447631835937500e+02
2.883879699707031250e+02
2.894318847656250000e+02
2.893969116210937500e+02
2.893122558593750000e+02
2.883366394042968750e+02
2.886740417480468750e+02
2.865338134765625000e+02
2.832121582031250000e+02
2.792901611328125000e+02
2.769938049316406250e+02
2.765510559082031250e+02
2.776239318847656250e+02
2.813654785156250000e+02
2.831137084960937500e+02
2.844714355468750000e+02
2.851069946289062500e+02
2.792385253906250000e+02
2.779914550781250000e+02
2.756733093261718750e+02
2.789109497070312500e+02
2.815375671386718750e+02
2.804311523437500000e+02
2.811217346191406250e+02
2.844845886230468750e+02
2.880120544433593750e+02
2.873204650878906250e+02
2.860880432128906250e+02
2.821663208007812500e+02
2.820506896972656250e+02
2.805176391601562500e+02
2.796240844726562500e+02
2.803284606933593750e+02
2.823128662109375000e+02
2.842680053710937500e+02
2.826811218261718750e+02
2.806957092285156250e+02
2.827049560546875000e+02
2.847447509765625000e+02
2.857626647949218750e+02
2.837231750488281250e+02
2.842576904296875000e+02
2.819336547851562500e+02
2.810517578125000000e+02
2.788470153808593750e+02
2.813608703613281250e+02
2.836952209472656250e+02
2.864119873046875000e+02
2.897308654785156250e+02
2.879255981445312500e+02
2.880606079101562500e+02
2.876901855468750000e+02
2.869176940917968750e+02
2.878536071777343750e+02
2.876572875976562500e+02
2.842218627929687500e+02
2.845003662109375000e+02
2.850336303710937500e+02
2.885411071777343750e+02
2.855306701660156250e+02
2.848096923828125000e+02
2.839837036132812500e+02
2.850796813964843750e+02
2.870665588378906250e+02
2.874799194335937500e+02
2.914971923828125000e+02
2.867327270507812500e+02
2.836333618164062500e+02
2.830448608398437500e+02
2.828740844726562500e+02
2.830639343261718750e+02
2.827053833007812500e+02
2.839595336914062500e+02
2.841678466796875000e+02
2.849746704101562500e+02
2.849607543945312500e+02
2.856276245117187500e+02
2.887883300781250000e+02
2.935396728515625000e+02
2.925205688476562500e+02
2.898939514160156250e+02
2.877087097167968750e+02
2.852085266113281250e+02
2.907955322265625000e+02
2.919246520996093750e+02
2.959122924804687500e+02
2.942425537109375000e+02
2.909795532226562500e+02
2.875167541503906250e+02
2.863361206054687500e+02
2.868981933593750000e+02
2.884843444824218750e+02
2.878885192871093750e+02
2.875933532714843750e+02
2.874932250976562500e+02
2.863139343261718750e+02
2.885982360839843750e+02
2.879906616210937500e+02
2.895007019042968750e+02
2.901122131347656250e+02
2.901758422851562500e+02
2.894212341308593750e+02
2.905583190917968750e+02
2.923714294433593750e+02
2.926291809082031250e+02
2.925299987792968750e+02
2.931917114257812500e+02
2.931486206054687500e+02
2.918090209960937500e+02
2.907122192382812500e+02
2.879880371093750000e+02
2.873347778320312500e+02
2.887913513183593750e+02
2.913782348632812500e+02
2.905112304687500000e+02
2.904693603515625000e+02
2.884568481445312500e+02
2.893392028808593750e+02
2.911005249023437500e+02
2.900111694335937500e+02
2.916195373535156250e+02
2.921376037597656250e+02
2.932113342285156250e+02
2.942003479003906250e+02
2.925693664550781250e+02
2.914967651367187500e+02
2.921826782226562500e+02
2.910953063964843750e+02
2.944697265625000000e+02
2.935520629882812500e+02
2.946463623046875000e+02
2.924552612304687500e+02
2.910376281738281250e+02
2.922425231933593750e+02
2.901389465332031250e+02
2.898666992187500000e+02
2.886743469238281250e+02
2.881202392578125000e+02
2.885253295898437500e+02
2.875265502929687500e+02
2.909841003417968750e+02
2.900492553710937500e+02
2.915716857910156250e+02
2.931389160156250000e+02
2.956923217773437500e+02
2.972169494628906250e+02
2.967727966308593750e+02
2.961719970703125000e+02
2.971020202636718750e+02
2.957554931640625000e+02
2.929432373046875000e+02
2.880106201171875000e+02
2.871040039062500000e+02
2.873219299316406250e+02
2.891424865722656250e+02
2.904731445312500000e+02
2.891101379394531250e+02
2.895309753417968750e+02
2.890586853027343750e+02
2.899985351562500000e+02
2.890628662109375000e+02
2.875177917480468750e+02
2.863662109375000000e+02
2.875182189941406250e+02
2.893359375000000000e+02
2.925688476562500000e+02
2.943948364257812500e+02
2.938461608886718750e+02
2.947137451171875000e+02
2.955056152343750000e+02
2.956501464843750000e+02
2.940380859375000000e+02
2.926338500976562500e+02
2.920974731445312500e+02
2.922895812988281250e+02
2.935182495117187500e+02
2.947824707031250000e+02
2.955591125488281250e+02
2.928022460937500000e+02
2.906907653808593750e+02
2.911048583984375000e+02
2.928027954101562500e+02
2.933266906738281250e+02
2.936503295898437500e+02
2.920646667480468750e+02
2.920671691894531250e+02
2.902734985351562500e+02
2.883600769042968750e+02
2.898768310546875000e+02
2.900424499511718750e+02
2.896707763671875000e+02
2.881888427734375000e+02
2.886122131347656250e+02
2.889786376953125000e+02
2.889947204589843750e+02
2.893041687011718750e+02
2.898983154296875000e+02
2.888592834472656250e+02
2.871506958007812500e+02
2.876152038574218750e+02
2.872567749023437500e+02
2.897906799316406250e+02
2.889223937988281250e+02
2.864384460449218750e+02
2.837138061523437500e+02
2.847095947265625000e+02
2.861105041503906250e+02
2.890128479003906250e+02
2.893713073730468750e+02
2.900639953613281250e+02
2.914955139160156250e+02
2.907020263671875000e+02
2.926489868164062500e+02
2.918883361816406250e+02
2.915263061523437500e+02
2.913822021484375000e+02
2.897375183105468750e+02
2.867420959472656250e+02
2.879128723144531250e+02
2.865900878906250000e+02
2.905982360839843750e+02
2.880403442382812500e+02
2.848466491699218750e+02
2.821239013671875000e+02
2.805404052734375000e+02
2.813248596191406250e+02
2.835798645019531250e+02
2.854718017578125000e+02
2.870387268066406250e+02
2.853345336914062500e+02
2.830615234375000000e+02
2.836686096191406250e+02
2.867017517089843750e+02
2.886450500488281250e+02
2.864791870117187500e+02
2.845990295410156250e+02
2.829382934570312500e+02
2.842775573730468750e+02
2.854600830078125000e+02
2.860568847656250000e+02
2.853464050292968750e+02
2.849618530273437500e+02
2.823063659667968750e+02
2.801731262207031250e+02
2.816427307128906250e+02
2.793671264648437500e+02
2.788111267089843750e+02
2.782552795410156250e+02
2.797024536132812500e+02
2.809096374511718750e+02
2.822428588867187500e+02
2.807449340820312500e+02
2.800325927734375000e+02
2.796745910644531250e+02
2.814225463867187500e+02
2.814175109863281250e+02
2.821083679199218750e+02
2.797178344726562500e+02
2.776234436035156250e+02
2.794111938476562500e+02
2.809151916503906250e+02
2.799749450683593750e+02
2.810133361816406250e+02
2.789029541015625000e+02
2.801118164062500000e+02
2.756774902343750000e+02
2.748266296386718750e+02
2.764615783691406250e+02
2.768518981933593750e+02
2.767471618652343750e+02
2.755488281250000000e+02
2.777139587402343750e+02
2.789135131835937500e+02
2.799773254394531250e+02
2.785323791503906250e+02
2.769581909179687500e+02
2.758349914550781250e+02
2.719355773925781250e+02
2.699511718750000000e+02
2.702345886230468750e+02
2.714446411132812500e+02
2.735002746582031250e+02
2.737819213867187500e+02
2.737277221679687500e+02
2.737253112792968750e+02
2.728626708984375000e+02
2.738055114746093750e+02
2.734109191894531250e+02
2.717255859375000000e+02
2.709813842773437500e+02
2.676325378417968750e+02
2.678514404296875000e+02
2.680648498535156250e+02
2.694609680175781250e+02
2.717831115722656250e+02
2.704646301269531250e+02
2.713110351562500000e+02
2.716124877929687500e+02
2.714655151367187500e+02
2.719020080566406250e+02
2.720391845703125000e+02
2.723472595214843750e+02
2.712549438476562500e+02
2.674817199707031250e+02
2.666338806152343750e+02
2.668676452636718750e+02
2.676290283203125000e+02
2.699992370605468750e+02
2.684701232910156250e+02
2.663342285156250000e+02
2.639003601074218750e+02
2.617682495117187500e+02
2.624773864746093750e+02
2.635205078125000000e+02
2.653721008300781250e+02
2.673591308593750000e+02
2.682857055664062500e+02
2.661050109863281250e+02
2.653029479980468750e+02
2.652490539550781250e+02
2.662424926757812500e+02
2.688333129882812500e+02
2.676556091308593750e+02
2.649367675781250000e+02
2.633229064941406250e+02
2.624101257324218750e+02
2.606026611328125000e+02
2.605820007324218750e+02
2.615392761230468750e+02
2.643967895507812500e+02
2.655135192871093750e+02
2.643502197265625000e+02
2.636650390625000000e+02
2.633161315917968750e+02
2.646245117187500000e+02
2.638971252441406250e+02
2.622854614257812500e+02
2.609147338867187500e+02
2.603334045410156250e+02
2.619222412109375000e+02
2.643011474609375000e+02
2.648621826171875000e+02
2.641020202636718750e+02
2.612283020019531250e+02
2.602430725097656250e+02
2.592581787109375000e+02
2.595645141601562500e+02
2.591431274414062500e+02
2.574703979492187500e+02
2.571421813964843750e+02
2.541291961669921875e+02
2.542135620117187500e+02
2.544568023681640625e+02
2.559782867431640625e+02
2.567332763671875000e+02
2.565022277832031250e+02
2.562970581054687500e+02
2.556836242675781250e+02
2.549977569580078125e+02
2.558424835205078125e+02
2.543238372802734375e+02
2.528355255126953125e+02
2.516681365966796875e+02
2.545353851318359375e+02
2.558518066406250000e+02
2.552692565917968750e+02
2.534702453613281250e+02
2.511086883544921875e+02
2.515246124267578125e+02
2.501904754638671875e+02
2.530249023437500000e+02
2.533564910888671875e+02
2.536640777587890625e+02
2.501665344238281250e+02
2.476068420410156250e+02
2.464768371582031250e+02
2.476111755371093750e+02
2.476408691406250000e+02
2.460026397705078125e+02
2.460056457519531250e+02
2.457963409423828125e+02
2.468220977783203125e+02
2.441754608154296875e+02
2.442727813720703125e+02
2.450135040283203125e+02
2.464328765869140625e+02
2.461474609375000000e+02
2.438578338623046875e+02
2.418880310058593750e+02
2.406948394775390625e+02
2.418408813476562500e+02
2.413303985595703125e+02
2.411589660644531250e+02
2.411986694335937500e+02
2.409396972656250000e+02
2.438194274902343750e+02
2.427601470947265625e+02
2.426929321289062500e+02
2.411414794921875000e+02
2.403279418945312500e+02
2.423363952636718750e+02
2.413584136962890625e+02
2.409377136230468750e+02
2.397472076416015625e+02
2.381305694580078125e+02
2.384951324462890625e+02
2.392113342285156250e+02
2.399007720947265625e+02
2.366315460205078125e+02
2.364851837158203125e+02
2.356796722412109375e+02
2.359624633789062500e+02
2.360013885498046875e+02
2.344075927734375000e+02
2.341309814453125000e+02
2.340192871093750000e+02
2.351977844238281250e+02
2.351660919189453125e+02
2.343696594238281250e+02
2.333831329345703125e+02
2.335341339111328125e+02
2.322402954101562500e+02
2.300067291259765625e+02
2.279210662841796875e+02
2.272365722656250000e+02
2.285032806396484375e+02
2.287862396240234375e+02
2.305010223388671875e+02
2.374347381591796875e+02
2.427884674072265625e+02
2.401601562500000000e+02
2.332609252929687500e+02
2.317072448730468750e+02
2.305506896972656250e+02
2.288732299804687500e+02
2.257149810791015625e+02
2.295801239013671875e+02
2.338172302246093750e+02
2.356211395263671875e+02
2.332033996582031250e+02
2.300388641357421875e+02
2.284384155273437500e+02
2.270159606933593750e+02
2.273255920410156250e+02
2.284981079101562500e+02
2.273100585937500000e+02
2.259342041015625000e+02
2.210885925292968750e+02
2.207720794677734375e+02
2.204690704345703125e+02
2.219176788330078125e+02
2.217198181152343750e+02
2.217961730957031250e+02
2.211485290527343750e+02
2.213473205566406250e+02
2.202336730957031250e+02
2.223161163330078125e+02
2.224929351806640625e+02
2.216072540283203125e+02
2.212056274414062500e+02
2.204758453369140625e+02
2.177946624755859375e+02
2.139913940429687500e+02
2.138924102783203125e+02
2.154698791503906250e+02
2.181611022949218750e+02
2.192587585449218750e+02
2.194597015380859375e+02
2.194776763916015625e+02
2.207415771484375000e+02
2.226225891113281250e+02
2.238756103515625000e+02
2.252164306640625000e+02
2.260398864746093750e+02
2.249652404785156250e+02
2.234220733642578125e+02
2.231355590820312500e+02
2.235738220214843750e+02
2.220451049804687500e+02
2.198061828613281250e+02
2.177034301757812500e+02
2.161575927734375000e+02
2.141199035644531250e+02
2.114927062988281250e+02
2.129553070068359375e+02
2.151961822509765625e+02
2.157882690429687500e+02
2.147459259033203125e+02
2.140473937988281250e+02
2.158857574462890625e+02
2.164373931884765625e+02
2.142216796875000000e+02
2.142594757080078125e+02
2.135725860595703125e+02
2.142597503662109375e+02
2.119053802490234375e+02
2.118102874755859375e+02
2.112729797363281250e+02
2.115322265625000000e+02
2.114448089599609375e+02
2.120571289062500000e+02
2.132253417968750000e+02
2.125600433349609375e+02
2.119803009033203125e+02
2.095803222656250000e+02
2.103970642089843750e+02
2.099836578369140625e+02
2.086012878417968750e+02
2.054372406005859375e+02
2.024813079833984375e+02
2.030319824218750000e+02
2.026154022216796875e+02
2.045642547607421875e+02
2.064019775390625000e+02
2.065217285156250000e+02
2.065240783691406250e+02
2.045356903076171875e+02
2.033075866699218750e+02
2.025111236572265625e+02
2.022799530029296875e+02
2.034552001953125000e+02
2.033698120117187500e+02
2.064747619628906250e+02
2.070410308837890625e+02
2.047169189453125000e+02
1.999633331298828125e+02
1.962336425781250000e+02
1.969196014404296875e+02
1.976422576904296875e+02
1.994041748046875000e+02
1.983743743896484375e+02
1.984217376708984375e+02
1.990157623291015625e+02
2.008479309082031250e+02
2.010703887939453125e+02
1.997296142578125000e+02
1.973044738769531250e+02
1.959283142089843750e+02
1.974984436035156250e+02
1.974824066162109375e+02
1.956035461425781250e+02
1.950498657226562500e+02
1.979542388916015625e+02
1.992911529541015625e+02
1.996443023681640625e+02
1.987656860351562500e+02
1.999454040527343750e+02
1.996024780273437500e+02
2.031729888916015625e+02
2.016599578857421875e+02
1.998691101074218750e+02
1.949309387207031250e+02
1.940713958740234375e+02
1.922351074218750000e+02
1.917131195068359375e+02
1.908556671142578125e+02
1.887547149658203125e+02
1.881993408203125000e+02
1.869216461181640625e+02
1.890745849609375000e+02
1.904415435791015625e+02
1.916911468505859375e+02
1.924571838378906250e+02
1.920190124511718750e+02
1.916837310791015625e+02
1.896690826416015625e+02
1.889041748046875000e+02
1.887051696777343750e+02
1.888908538818359375e+02
1.884520263671875000e+02
1.888004913330078125e+02
1.894581146240234375e+02
1.877910003662109375e+02
1.872201690673828125e+02
1.881334686279296875e+02
1.905249938964843750e+02
1.923420104980468750e+02
1.908406066894531250e+02
1.891519165039062500e+02
1.857565460205078125e+02
1.854798736572265625e+02
1.849317932128906250e+02
1.864128265380859375e+02
1.868261413574218750e+02
1.858668365478515625e+02
1.845670318603515625e+02
1.835540771484375000e+02
1.828368988037109375e+02
1.828708496093750000e+02
1.831507568359375000e+02
1.847537384033203125e+02
1.845807037353515625e+02
1.852027587890625000e+02
1.838401794433593750e+02
1.842689666748046875e+02
1.835225830078125000e+02
1.833079376220703125e+02
1.843980255126953125e+02
1.848024902343750000e+02
1.859856872558593750e+02
1.840368194580078125e+02
1.838503723144531250e+02
1.825062866210937500e+02
1.809309082031250000e+02
1.785975952148437500e+02
1.796054534912109375e+02
1.804085083007812500e+02
1.837377777099609375e+02
1.846068725585937500e+02
1.855712127685546875e+02
1.839318237304687500e+02
1.837678680419921875e+02
1.809925079345703125e+02
1.785856170654296875e+02
1.792961883544921875e+02
1.794733123779296875e+02
1.829091796875000000e+02
1.822964019775390625e+02
1.826858215332031250e+02
1.804248657226562500e+02
1.806006469726562500e+02
1.806395263671875000e+02
1.812617797851562500e+02
1.830172576904296875e+02
1.839685363769531250e+02
1.843026275634765625e+02
1.812725372314453125e+02
1.800607910156250000e+02
1.781544799804687500e+02
1.791175994873046875e+02
1.797950744628906250e+02
1.806657867431640625e+02
1.822804107666015625e+02
1.811204071044921875e+02
1.812340698242187500e+02
1.808709259033203125e+02
1.817454528808593750e+02
1.820806579589843750e+02
1.815020294189453125e+02
1.795302276611328125e+02
1.767388916015625000e+02
1.776187744140625000e+02
1.790258178710937500e+02
1.800578308105468750e+02
1.771697692871093750e+02
1.770889129638671875e+02
1.771738586425781250e+02
1.747627410888671875e+02
1.726712188720703125e+02
1.712062988281250000e+02
1.732126159667968750e+02
1.733255462646484375e+02
1.724803314208984375e+02
1.714658508300781250e+02
1.724885711669921875e+02
1.724592132568359375e+02
1.732162780761718750e+02
1.719091796875000000e+02
1.718238220214843750e+02
1.723778228759765625e+02
1.739525299072265625e+02
1.742275543212890625e+02
1.741162872314453125e+02
1.747876434326171875e+02
1.747031555175781250e+02
1.739018402099609375e+02
1.733559417724609375e+02
1.734881134033203125e+02
1.722806396484375000e+02
1.722705535888671875e+02
1.723450927734375000e+02
1.717659912109375000e+02
1.716817779541015625e+02
1.722314910888671875e+02
1.736837921142578125e+02
1.726817474365234375e+02
1.713433074951171875e+02
1.710807952880859375e+02
1.718864593505859375e+02
1.707435760498046875e+02
1.700820770263671875e+02
1.698937988281250000e+02
1.704450225830078125e+02
1.698272399902343750e+02
1.690735015869140625e+02
1.694640197753906250e+02
1.695825195312500000e+02
1.692528991699218750e+02
1.672117462158203125e+02
1.667525329589843750e+02
1.672333831787109375e+02
1.672327423095703125e+02
1.674097747802734375e+02
1.665154418945312500e+02
1.657510375976562500e+02
1.660959320068359375e+02
1.680301208496093750e+02
1.702017822265625000e+02
1.706327056884765625e+02
1.696514129638671875e+02
1.660205535888671875e+02
1.644304046630859375e+02
1.643358306884765625e+02
1.664329071044921875e+02
1.668025817871093750e+02
1.674577484130859375e+02
1.672808837890625000e+02
1.677310028076171875e+02
1.678684692382812500e+02
1.656958312988281250e+02
1.653788909912109375e+02
1.647980194091796875e+02
1.668126068115234375e+02
1.661797637939453125e+02
1.641321411132812500e+02
1.652137145996093750e+02
1.650750122070312500e+02
1.649784088134765625e+02
1.643265991210937500e+02
1.650808105468750000e+02
1.654069061279296875e+02
1.648153991699218750e+02
1.650730285644531250e+02
1.654765014648437500e+02
1.673584747314453125e+02
1.675095062255859375e+02
1.665806579589843750e+02
1.644147338867187500e+02
1.643269195556640625e+02
1.664462432861328125e+02
1.661718750000000000e+02
1.651181182861328125e+02
1.629498443603515625e+02
1.638158721923828125e+02
1.650110015869140625e+02
1.654099884033203125e+02
1.644951171875000000e+02
1.645065307617187500e+02
1.640273590087890625e+02
1.639500122070312500e+02
1.620488128662109375e+02
1.619877014160156250e+02
1.618897552490234375e+02
1.631123657226562500e+02
1.621959075927734375e+02
1.615198974609375000e+02
1.621986541748046875e+02
1.635740203857421875e+02
1.628332366943359375e+02
1.624177398681640625e+02
1.627822875976562500e+02
1.625941619873046875e+02
1.623639831542968750e+02
1.637941894531250000e+02
1.661390075683593750e+02
1.659700469970703125e+02
1.644586486816406250e+02
1.634772796630859375e+02
1.613475646972656250e+02
1.615666656494140625e+02
1.627539825439453125e+02
1.630006103515625000e+02
1.623009948730468750e+02
1.606333160400390625e+02
1.624577331542968750e+02
1.636786346435546875e+02
1.658287658691406250e+02
1.651303253173828125e+02
1.653503570556640625e+02
1.619651336669921875e+02
1.618771514892578125e+02
1.626845550537109375e+02
1.646302490234375000e+02
1.641426849365234375e+02
1.629441070556640625e+02
1.617584075927734375e+02
1.604133605957031250e+02
1.598561096191406250e+02
1.588729400634765625e+02
1.582300720214843750e+02
1.590752410888671875e+02
1.598169097900390625e+02
1.608535003662109375e+02
1.596202697753906250e+02
1.589801635742187500e+02
1.591958007812500000e+02
1.591709136962890625e+02
1.591899566650390625e+02
1.589909820556640625e+02
1.603041687011718750e+02
1.608418579101562500e+02
1.613070678710937500e+02
1.585531463623046875e+02
1.571092071533203125e+02
1.572634887695312500e+02
1.596381072998046875e+02
1.599534301757812500e+02
1.587009735107421875e+02
1.589817504882812500e+02
1.581986999511718750e+02
1.584967803955078125e+02
1.584647216796875000e+02
1.599069519042968750e+02
1.614467468261718750e+02
1.616454620361328125e+02
1.607618560791015625e+02
1.604324493408203125e+02
1.592908172607421875e+02
1.562860565185546875e+02
1.550103912353515625e+02
1.559847564697265625e+02
1.586905212402343750e+02
1.580219573974609375e+02
1.572457885742187500e+02
1.580125732421875000e+02
1.579554901123046875e+02
1.600302276611328125e+02
1.589448547363281250e+02
1.588380889892578125e+02
1.582636108398437500e+02
1.576577911376953125e+02
1.557653350830078125e+02
1.555527496337890625e+02
1.566734466552734375e+02
1.566731719970703125e+02
1.567775878906250000e+02
1.569866790771484375e+02
1.573600769042968750e+02
1.565199890136718750e+02
1.555584564208984375e+02
1.545884094238281250e+02
1.555753631591796875e+02
1.554739074707031250e+02
1.552599639892578125e+02
1.565557708740234375e+02
1.561163024902343750e+02
1.560255584716796875e+02
1.538188018798828125e+02
1.560774841308593750e+02
1.587739410400390625e+02
1.597666015625000000e+02
1.572011566162109375e+02
1.564857635498046875e+02
1.586305694580078125e+02
1.581688079833984375e+02
1.574714660644531250e+02
1.554306182861328125e+02
1.568287506103515625e+02
1.574285125732421875e+02
1.582658843994140625e+02
1.582419128417968750e+02
1.587895965576171875e+02
1.576390075683593750e+02
1.551590270996093750e+02
1.534327697753906250e+02
1.530944824218750000e+02
1.533903198242187500e+02
1.530447540283203125e+02
1.540680084228515625e+02
1.561894531250000000e+02
1.554467468261718750e+02
1.542110900878906250e+02
1.546452026367187500e+02
1.554294128417968750e+02
1.567342071533203125e+02
1.551634063720703125e+02
1.548994293212890625e+02
1.516676635742187500e+02
1.520494232177734375e+02
1.526383361816406250e+02
1.530435943603515625e+02
1.541384887695312500e+02
1.527592163085937500e+02
1.521358947753906250e+02
1.513645629882812500e+02
1.520478973388671875e+02
1.525454101562500000e+02
1.520377197265625000e+02
1.529727630615234375e+02
1.524646453857421875e+02
1.513742065429687500e+02
1.514119873046875000e+02
1.528015899658203125e+02
1.526732788085937500e+02
1.537567901611328125e+02
1.529058227539062500e+02
1.523586425781250000e+02
1.505867309570312500e+02
1.511258697509765625e+02
1.520071411132812500e+02
1.540852050781250000e+02
1.557564239501953125e+02
1.560256958007812500e+02
1.555926361083984375e+02
1.561561737060546875e+02
1.565711059570312500e+02
1.571470184326171875e+02
1.574470825195312500e+02
1.555498046875000000e+02
1.520878753662109375e+02
1.523737182617187500e+02
1.533347473144531250e+02
1.560562591552734375e+02
1.556290283203125000e+02
1.550855560302734375e+02
1.552546997070312500e+02
1.559246673583984375e+02
1.544317626953125000e+02
1.550244750976562500e+02
1.560067443847656250e+02
1.564836120605468750e+02
1.557045593261718750e+02
1.572398529052734375e+02
1.565046844482421875e+02
1.562457122802734375e+02
1.547353515625000000e+02
1.568292236328125000e+02
1.570806274414062500e+02
1.573200073242187500e+02
1.539798431396484375e+02
1.532565307617187500e+02
1.532366333007812500e+02
1.558632049560546875e+02
1.568209381103515625e+02
1.566855621337890625e+02
1.575657196044921875e+02
1.599851379394531250e+02
1.617300415039062500e+02
1.634143676757812500e+02
1.640499572753906250e+02
1.635470581054687500e+02
1.600480499267578125e+02
1.595079498291015625e+02
1.587827148437500000e+02
1.582261047363281250e+02
1.550242309570312500e+02
1.526813659667968750e+02
1.507907714843750000e+02
1.503784942626953125e+02
1.490148773193359375e+02
1.496089324951171875e+02
1.522675170898437500e+02
1.517628173828125000e+02
1.536676330566406250e+02
1.532498931884765625e+02
1.547553405761718750e+02
1.539235382080078125e+02
1.549542999267578125e+02
1.554024047851562500e+02
1.554539642333984375e+02
1.541907958984375000e+02
1.537609558105468750e+02
1.519125823974609375e+02
1.513970489501953125e+02
1.503995056152343750e+02
1.528483428955078125e+02
1.560664062500000000e+02
1.592861785888671875e+02
1.577554016113281250e+02
1.540960083007812500e+02
1.498921813964843750e+02
1.495925903320312500e+02
1.510682067871093750e+02
1.543536376953125000e+02
1.550943450927734375e+02
1.539130401611328125e+02
1.531498413085937500e+02
1.505819549560546875e+02
1.515375671386718750e+02
1.513101501464843750e+02
1.524248199462890625e+02
1.510504760742187500e+02
1.510909576416015625e+02
1.521644439697265625e+02
1.521635589599609375e+02
1.513213195800781250e+02
1.498845825195312500e+02
1.486085357666015625e+02
1.484289855957031250e+02
1.486329193115234375e+02
1.502487030029296875e+02
1.496540679931640625e+02
1.485155181884765625e+02
1.478771209716796875e+02
1.485044097900390625e+02
1.501075592041015625e+02
1.507848815917968750e+02
1.529320831298828125e+02
1.493728179931640625e+02
1.466948547363281250e+02
1.447727966308593750e+02
1.466744232177734375e+02
1.468243713378906250e+02
1.475873870849609375e+02
1.465889587402343750e+02
1.435722045898437500e+02
1.403222656250000000e+02
1.411818542480468750e+02
1.477509918212890625e+02
1.599964294433593750e+02
1.640046691894531250e+02
1.664312438964843750e+02
1.667939605712890625e+02
1.673946838378906250e+02
1.670472106933593750e+02
1.660190124511718750e+02
1.630380706787109375e+02
1.618201141357421875e+02
1.599877319335937500e+02
1.598549957275390625e+02
1.607367248535156250e+02
1.594245605468750000e+02
1.583672943115234375e+02
1.572885131835937500e+02
1.578171844482421875e+02
1.572598266601562500e+02
1.535642700195312500e+02
1.506884460449218750e+02
1.513576507568359375e+02
1.558833312988281250e+02
1.561033782958984375e+02
1.550817413330078125e+02
1.526936950683593750e+02
1.526299591064453125e+02
1.515588531494140625e+02
1.522404479980468750e+02
1.507743835449218750e+02
1.521278228759765625e+02
1.552507476806640625e+02
1.575384521484375000e+02
1.581914215087890625e+02
1.583452911376953125e+02
1.597115478515625000e+02
1.597294158935546875e+02
1.603319396972656250e+02
1.616580963134765625e+02
1.591821594238281250e+02
1.566266174316406250e+02
1.537669067382812500e+02
1.523303527832031250e+02
1.508905487060546875e+02
1.507293090820312500e+02
1.506312713623046875e+02
1.521336059570312500e+02
1.522721862792968750e+02
1.524351501464843750e+02
1.523548278808593750e+02
1.542461547851562500e+02
1.532040710449218750e+02
1.536899719238281250e+02
1.535250091552734375e+02
1.537679138183593750e+02
1.533475646972656250e+02
1.531477508544921875e+02
1.537311248779296875e+02
1.520724182128906250e+02
1.512057189941406250e+02
1.529109191894531250e+02
1.561261444091796875e+02
1.569110870361328125e+02
1.558703613281250000e+02
1.537350311279296875e+02
1.500785369873046875e+02
1.472793731689453125e+02
1.454324645996093750e+02
1.470918273925781250e+02
1.503697662353515625e+02
1.530277709960937500e+02
1.559849853515625000e+02
1.546390075683593750e+02
1.535671539306640625e+02
1.520186309814453125e+02
1.514778747558593750e+02
1.505001525878906250e+02
1.488021087646484375e+02
1.472317657470703125e+02
1.464649810791015625e+02
1.487005615234375000e+02
1.478365325927734375e+02
1.453645935058593750e+02
1.442107238769531250e+02
1.459010772705078125e+02
1.500580902099609375e+02
1.521111450195312500e+02
1.526730651855468750e+02
1.510886383056640625e+02
1.494608306884765625e+02
1.449558258056640625e+02
1.441946105957031250e+02
1.457376403808593750e+02
1.469248657226562500e+02
1.470556640625000000e+02
1.479748840332031250e+02
1.487734222412109375e+02
1.477427673339843750e+02
1.479029388427734375e+02
1.488340759277343750e+02
1.520862731933593750e+02
1.521570739746093750e+02
1.497269744873046875e+02
1.464287261962890625e+02
1.446197967529296875e+02
1.449702911376953125e+02
1.453409271240234375e+02
1.469416656494140625e+02
1.475617980957031250e+02
1.486730499267578125e+02
1.462611999511718750e+02
1.445243530273437500e+02
1.433665771484375000e+02
1.456189117431640625e+02
1.454659729003906250e+02
1.440942077636718750e+02
1.437076721191406250e+02
1.432700042724609375e+02
1.431076049804687500e+02
1.434580993652343750e+02
1.452649993896484375e+02
1.458541412353515625e+02
1.464802856445312500e+02
1.442523498535156250e+02
1.460916748046875000e+02
1.462532958984375000e+02
1.449896697998046875e+02
1.447947540283203125e+02
1.471910247802734375e+02
1.467508697509765625e+02
1.448167419433593750e+02
1.443160400390625000e+02
1.460300445556640625e+02
1.470523681640625000e+02
1.436332092285156250e+02
1.428057861328125000e+02
1.446130371093750000e+02
1.459410095214843750e+02
1.458395843505859375e+02
1.454826507568359375e+02
1.466129302978515625e+02
1.479640350341796875e+02
1.475742034912109375e+02
1.480962524414062500e+02
1.468825683593750000e+02
1.461707305908203125e+02
1.453483276367187500e+02
1.452745513916015625e+02
1.462907562255859375e+02
1.447145385742187500e+02
1.459868011474609375e+02
1.460975036621093750e+02
1.459864196777343750e+02
1.457988586425781250e+02
1.460130462646484375e+02
1.464726867675781250e+02
1.462029724121093750e+02
1.444412078857421875e+02
1.440971221923828125e+02
1.452398223876953125e+02
1.463195953369140625e+02
1.472027587890625000e+02
1.476191101074218750e+02
1.481995849609375000e+02
1.481316680908203125e+02
1.465639190673828125e+02
1.443342742919921875e+02
1.429606323242187500e+02
1.415880584716796875e+02
1.414878387451171875e+02
1.409386291503906250e+02
1.444611663818359375e+02
1.482750701904296875e+02
1.490919494628906250e+02
1.446538696289062500e+02
1.421476135253906250e+02
1.430599060058593750e+02
1.427122344970703125e+02
1.425024566650390625e+02
1.415719451904296875e+02
1.437824249267578125e+02
1.445691375732421875e+02
1.428589172363281250e+02
1.446179962158203125e+02
1.457957153320312500e+02
1.480289611816406250e+02
1.470746765136718750e+02
1.463830566406250000e+02
1.434718475341796875e+02
1.433691558837890625e+02
1.428708801269531250e+02
1.404398956298828125e+02
1.398500823974609375e+02
1.424570922851562500e+02
1.436609954833984375e+02
1.440296478271484375e+02
1.453981323242187500e+02
1.477191009521484375e+02
1.477058715820312500e+02
1.473918914794921875e+02
1.488195648193359375e+02
1.486233062744140625e+02
1.473059692382812500e+02
1.436638336181640625e+02
1.434791870117187500e+02
1.436618804931640625e+02
1.465422821044921875e+02
1.474292755126953125e+02
1.454019012451171875e+02
1.417873840332031250e+02
1.402284393310546875e+02
1.406608428955078125e+02
1.418232879638671875e+02
1.443182678222656250e+02
1.450025177001953125e+02
1.420980529785156250e+02
1.411829223632812500e+02
1.416775360107421875e+02
1.417838134765625000e+02
1.407453765869140625e+02
1.396609039306640625e+02
1.404476928710937500e+02
1.424029388427734375e+02
1.428162994384765625e+02
1.402084045410156250e+02
1.409618072509765625e+02
1.413226928710937500e+02
1.424936676025390625e+02
1.403095703125000000e+02
1.381450042724609375e+02
1.365430450439453125e+02
1.391016235351562500e+02
1.413445587158203125e+02
1.423227386474609375e+02
1.408623504638671875e+02
1.421952514648437500e+02
1.421892852783203125e+02
1.418757934570312500e+02
1.419542083740234375e+02
1.419258422851562500e+02
1.406600494384765625e+02
1.410870819091796875e+02
1.422792205810546875e+02
1.397035675048828125e+02
1.390615386962890625e+02
1.386200103759765625e+02
1.393714752197265625e+02
1.393812561035156250e+02
1.421739501953125000e+02
1.417599792480468750e+02
1.417758941650390625e+02
1.415656890869140625e+02
1.406633758544921875e+02
1.380003814697265625e+02
1.367181854248046875e+02
1.382592010498046875e+02
1.408424835205078125e+02
1.431230621337890625e+02
1.426732025146484375e+02
1.401083984375000000e+02
1.390182952880859375e+02
1.401247406005859375e+02
1.408560180664062500e+02
1.404586334228515625e+02
1.394284362792968750e+02
1.410676574707031250e+02
1.421920166015625000e+02
1.437404937744140625e+02
1.420076904296875000e+02
1.391268920898437500e+02
1.373444976806640625e+02
1.377734680175781250e+02
1.379994964599609375e+02
1.391361999511718750e+02
1.397265930175781250e+02
1.425604553222656250e+02
1.422837524414062500e+02
1.416218109130859375e+02
1.413866577148437500e+02
1.400014038085937500e+02
1.395643157958984375e+02
1.405985870361328125e+02
1.408869628906250000e+02
1.408524932861328125e+02
1.404716796875000000e+02
1.423959350585937500e+02
1.423156280517578125e+02
1.408675994873046875e+02
1.410629425048828125e+02
1.433269500732421875e+02
1.421809234619140625e+02
1.397644958496093750e+02
1.387479858398437500e+02
1.393193054199218750e+02
1.408185882568359375e+02
1.397098693847656250e+02
1.377871246337890625e+02
1.380761108398437500e+02
1.391248779296875000e+02
1.380449218750000000e+02
1.395354156494140625e+02
1.414435729980468750e+02
1.419085693359375000e+02
1.416993560791015625e+02
1.412329254150390625e+02
1.400734100341796875e+02
1.423918304443359375e+02
1.419557189941406250e+02
1.395562896728515625e+02
1.368948974609375000e+02
1.370673522949218750e+02
1.390326385498046875e+02
1.405345458984375000e+02
1.411809997558593750e+02
1.401697387695312500e+02
1.395099792480468750e+02
1.408126220703125000e+02
1.423977203369140625e+02
1.423067321777343750e+02
1.411846313476562500e+02
1.400530548095703125e+02
1.401187286376953125e+02
1.413970336914062500e+02
1.413195037841796875e+02
1.403110809326171875e+02
1.386817016601562500e+02
1.390830230712890625e+02
1.383222351074218750e+02
1.378589019775390625e+02
1.382597503662109375e+02
1.409500732421875000e+02
1.410254669189453125e+02
1.408640747070312500e+02
1.391353759765625000e+02
1.384125976562500000e+02
1.390363922119140625e+02
1.408460083007812500e+02
1.409114837646484375e+02
1.407338256835937500e+02
1.387791290283203125e+02
1.380733642578125000e+02
1.378606567382812500e+02
1.407360687255859375e+02
1.410408172607421875e+02
1.425155792236328125e+02
1.424723358154296875e+02
1.423365325927734375e+02
1.411507720947265625e+02
1.396175994873046875e+02
1.390932769775390625e+02
1.402779541015625000e+02
1.412003173828125000e+02
1.413905639648437500e+02
1.399208221435546875e+02
1.412678070068359375e+02
1.443178253173828125e+02
1.438947296142578125e+02
1.403245849609375000e+02
1.408545532226562500e+02
1.389901580810546875e+02
1.373431091308593750e+02
1.363114166259765625e+02
1.373833160400390625e+02
1.382636413574218750e+02
1.374115600585937500e+02
1.373843231201171875e+02
1.368294982910156250e+02
1.364956817626953125e+02
1.389941558837890625e+02
1.400590209960937500e+02
1.393381347656250000e+02
1.404285888671875000e+02
1.398798370361328125e+02
1.375458068847656250e+02
1.373426208496093750e+02
1.363476409912109375e+02
1.370086212158203125e+02
1.382046508789062500e+02
1.405818023681640625e+02
1.436418914794921875e+02
1.419363098144531250e+02
1.389054870605468750e+02
1.407180938720703125e+02
1.408076324462890625e+02
1.389976806640625000e+02
1.381624145507812500e+02
1.389671173095703125e+02
1.398528289794921875e+02
1.388734588623046875e+02
1.394511108398437500e+02
1.401796417236328125e+02
1.404776000976562500e+02
1.404662017822265625e+02
1.423081665039062500e+02
1.427663574218750000e+02
1.401539459228515625e+02
1.382576293945312500e+02
1.393548889160156250e+02
1.376114501953125000e+02
1.375901794433593750e+02
1.378915557861328125e+02
1.377287292480468750e+02
1.389077301025390625e+02
1.383507232666015625e+02
1.399260711669921875e+02
1.410440979003906250e+02
1.414770355224609375e+02
1.420050964355468750e+02
1.422775573730468750e+02
1.393465270996093750e+02
1.371516418457031250e+02
1.357090759277343750e+02
1.360214996337890625e+02
1.372675933837890625e+02
1.378921203613281250e+02
1.362489471435546875e+02
1.348696594238281250e+02
1.368463592529296875e+02
1.385169830322265625e+02
1.384554595947265625e+02
1.384488067626953125e+02
1.389112396240234375e+02
1.406065063476562500e+02
1.401802368164062500e+02
1.410099945068359375e+02
1.432252807617187500e+02
1.433821258544921875e+02
1.434750671386718750e+02
1.423232269287109375e+02
1.392345581054687500e+02
1.376845397949218750e+02
1.362460327148437500e+02
1.364276428222656250e+02
1.374721832275390625e+02
1.542639770507812500e+02
1.681261901855468750e+02
1.663712921142578125e+02
1.598274383544921875e+02
1.540494079589843750e+02
1.477797241210937500e+02
1.459198150634765625e+02
1.439852905273437500e+02
1.511986236572265625e+02
1.645521087646484375e+02
1.667087402343750000e+02
1.568889007568359375e+02
1.530429687500000000e+02
1.490833435058593750e+02
1.453771514892578125e+02
1.443643646240234375e+02
1.464481048583984375e+02
1.480829467773437500e+02
1.523631439208984375e+02
1.513707733154296875e+02
1.487287597656250000e+02
1.492763671875000000e+02
1.504185791015625000e+02
1.482209930419921875e+02
1.469337768554687500e+02
1.447590179443359375e+02
1.458965148925781250e+02
1.481345977783203125e+02
1.489166107177734375e+02
1.492040405273437500e+02
1.502243041992187500e+02
1.498481903076171875e+02
1.495646667480468750e+02
1.473595886230468750e+02
1.464148864746093750e+02
1.471754455566406250e+02
1.443822784423828125e+02
1.423347473144531250e+02
1.446067352294921875e+02
1.479093933105468750e+02
1.466071014404296875e+02
1.452829132080078125e+02
1.479561309814453125e+02
1.506553344726562500e+02
1.491591186523437500e+02
1.469350585937500000e+02
1.430340118408203125e+02
1.427830352783203125e+02
1.461311798095703125e+02
1.474481201171875000e+02
1.452130279541015625e+02
1.435616607666015625e+02
1.427993774414062500e+02
1.420361785888671875e+02
1.413294525146484375e+02
1.396783294677734375e+02
1.389974365234375000e+02
1.398144073486328125e+02
1.422252960205078125e+02
1.433943328857421875e+02
1.422722015380859375e+02
1.426203308105468750e+02
1.446277923583984375e+02
1.448652038574218750e+02
1.413768005371093750e+02
1.392879638671875000e+02
1.397769927978515625e+02
1.407674560546875000e+02
1.418549804687500000e+02
1.422279510498046875e+02
1.399630279541015625e+02
1.395482940673828125e+02
1.443170623779296875e+02
1.444496154785156250e+02
1.406518096923828125e+02
1.374727478027343750e+02
1.377893524169921875e+02
1.372324676513671875e+02
1.349177246093750000e+02
1.347250061035156250e+02
1.357277679443359375e+02
1.377007904052734375e+02
1.371627197265625000e+02
1.379290924072265625e+02
1.407009582519531250e+02
1.425673370361328125e+02
1.409341735839843750e+02
1.387246246337890625e+02
1.394881439208984375e+02
1.410303955078125000e+02
1.389654235839843750e+02
1.377390899658203125e+02
1.378497619628906250e+02
1.370571899414062500e+02
1.363078308105468750e+02
1.383520812988281250e+02
1.401552124023437500e+02
1.417991180419921875e+02
1.399705352783203125e+02
1.368574981689453125e+02
1.376837005615234375e+02
1.413273010253906250e+02
1.408957519531250000e+02
1.375525665283203125e+02
1.368866271972656250e+02
1.399891662597656250e+02
1.409376373291015625e+02
1.404795684814453125e+02
1.401887664794921875e+02
1.396521148681640625e+02
1.406321716308593750e+02
1.416866912841796875e+02
1.418397979736328125e+02
1.424388122558593750e+02
1.407124786376953125e+02
1.397011871337890625e+02
1.399984436035156250e+02
1.381299743652343750e+02
1.349597320556640625e+02
1.333838806152343750e+02
1.342227630615234375e+02
1.362515106201171875e+02
1.363833160400390625e+02
1.386353607177734375e+02
1.402775573730468750e+02
1.391868133544921875e+02
1.379225769042968750e+02
1.395788116455078125e+02
1.409050903320312500e+02
1.402393951416015625e+02
1.383963928222656250e+02
1.377217102050781250e+02
1.373416595458984375e+02
1.389329376220703125e+02
1.391066131591796875e+02
1.374261322021484375e+02
1.369393463134765625e+02
1.374245300292968750e+02
1.383072052001953125e+02
1.412891540527343750e+02
1.435718383789062500e+02
1.400384674072265625e+02
1.350544128417968750e+02
1.370969390869140625e+02
1.383697509765625000e+02
1.371738586425781250e+02
1.370741729736328125e+02
1.386323089599609375e+02
1.401018676757812500e+02
1.380346221923828125e+02
1.353999938964843750e+02
1.350543518066406250e+02
1.350282135009765625e+02
1.329412231445312500e+02
1.305772857666015625e+02
1.318913269042968750e+02
1.313628387451171875e+02
1.330576629638671875e+02
1.345162658691406250e+02
1.343362274169921875e+02
1.343914184570312500e+02
1.344829559326171875e+02
1.329483947753906250e+02
1.330971984863281250e+02
1.336817626953125000e+02
1.327723236083984375e+02
1.310750732421875000e+02
1.318309020996093750e+02
1.332106323242187500e+02
1.340030364990234375e+02
1.358366394042968750e+02
1.350367431640625000e+02
1.338604125976562500e+02
1.345082092285156250e+02
1.336366729736328125e+02
1.316270141601562500e+02
1.337539978027343750e+02
1.333797454833984375e+02
1.311164855957031250e+02
1.310678863525390625e+02
1.328381042480468750e+02
1.340043945312500000e+02
1.355460205078125000e+02
1.343223266601562500e+02
1.330712738037109375e+02
1.321905517578125000e+02
1.277773590087890625e+02
1.260474472045898438e+02
1.301547698974609375e+02
1.298452606201171875e+02
1.300005950927734375e+02
1.335275421142578125e+02
1.358986816406250000e+02
1.358839721679687500e+02
1.330770416259765625e+02
1.321300659179687500e+02
1.309814453125000000e+02
1.330218811035156250e+02
1.356002655029296875e+02
1.329659423828125000e+02
1.298697814941406250e+02
1.299808349609375000e+02
1.311002655029296875e+02
1.310551300048828125e+02
1.289138946533203125e+02
1.290888366699218750e+02
1.287412872314453125e+02
1.294483184814453125e+02
1.338884429931640625e+02
1.347845916748046875e+02
1.341774291992187500e+02
1.330598754882812500e+02
1.311289672851562500e+02
1.306200714111328125e+02
1.322481079101562500e+02
1.344425354003906250e+02
1.319710235595703125e+02
1.293474273681640625e+02
1.309257965087890625e+02
1.305937194824218750e+02
1.317256469726562500e+02
1.316137390136718750e+02
1.298323364257812500e+02
1.270870895385742188e+02
1.253488464355468750e+02
1.264605178833007812e+02
1.275945358276367188e+02
1.293160247802734375e+02
1.311201782226562500e+02
1.305058288574218750e+02
1.298487854003906250e+02
1.315492858886718750e+02
1.309835968017578125e+02
1.297174224853515625e+02
1.307102661132812500e+02
1.304026641845703125e+02
1.300482635498046875e+02
1.292573394775390625e+02
1.287105102539062500e+02
1.295128479003906250e+02
1.313244476318359375e+02
1.336132965087890625e+02
1.337395019531250000e+02
1.305544128417968750e+02
1.265605316162109375e+02
1.255811691284179688e+02
1.261222686767578125e+02
1.273797149658203125e+02
1.295604553222656250e+02
1.311229705810546875e+02
1.321400146484375000e+02
1.312344207763671875e+02
1.312048645019531250e+02
1.316138916015625000e+02
1.291282501220703125e+02
1.275995101928710938e+02
1.278181381225585938e+02
1.290275421142578125e+02
1.291665039062500000e+02
1.296963348388671875e+02
1.294239654541015625e+02
1.270114440917968750e+02
1.255384674072265625e+02
1.252623977661132812e+02
1.267155838012695312e+02
1.287111206054687500e+02
1.291365051269531250e+02
1.266004943847656250e+02
1.278049545288085938e+02
1.295005645751953125e+02
1.264365997314453125e+02
1.267600250244140625e+02
1.291842498779296875e+02
1.293392486572265625e+02
1.286580352783203125e+02
1.273563079833984375e+02
1.274065551757812500e+02
1.291997375488281250e+02
1.296775360107421875e+02
1.310203552246093750e+02
1.310275573730468750e+02
1.283170318603515625e+02
1.279295120239257812e+02
1.272038192749023438e+02
1.255628662109375000e+02
1.243584136962890625e+02
1.249434280395507812e+02
1.246221847534179688e+02
1.237374191284179688e+02
1.237113342285156250e+02
1.245495300292968750e+02
1.238204803466796875e+02
1.236773605346679688e+02
1.270002822875976562e+02
1.276576080322265625e+02
1.266621704101562500e+02
1.262380981445312500e+02
1.232809829711914062e+02
1.237038192749023438e+02
1.248351821899414062e+02
1.261770935058593750e+02
1.281504821777343750e+02
1.298001556396484375e+02
1.309045104980468750e+02
1.294326019287109375e+02
1.256208572387695312e+02
1.225420379638671875e+02
1.235358047485351562e+02
1.252922744750976562e+02
1.239586868286132812e+02
1.237682723999023438e+02
1.271760406494140625e+02
1.251112060546875000e+02
1.233398818969726562e+02
1.217117156982421875e+02
1.213015365600585938e+02
1.241482849121093750e+02
1.232423934936523438e+02
1.224720306396484375e+02
1.215638046264648438e+02
1.215662002563476562e+02
1.227913589477539062e+02
1.224534606933593750e+02
1.247401275634765625e+02
1.264186630249023438e+02
1.265142898559570312e+02
1.231239852905273438e+02
1.206858520507812500e+02
1.208198623657226562e+02
1.234035644531250000e+02
1.252819519042968750e+02
1.221920547485351562e+02
1.206543121337890625e+02
1.222101135253906250e+02
1.243852157592773438e+02
1.245536804199218750e+02
1.224126281738281250e+02
1.200960540771484375e+02
1.186660690307617188e+02
1.195259933471679688e+02
1.191230239868164062e+02
1.190165023803710938e+02
1.199513092041015625e+02
1.197872695922851562e+02
1.197483215332031250e+02
1.215548171997070312e+02
1.211719360351562500e+02
1.202848815917968750e+02
1.196382980346679688e+02
1.181862030029296875e+02
1.196094131469726562e+02
1.214256820678710938e+02
1.238279571533203125e+02
1.239915618896484375e+02
1.241912841796875000e+02
1.236468582153320312e+02
1.196246795654296875e+02
1.188828125000000000e+02
1.195679092407226562e+02
1.184046554565429688e+02
1.221078338623046875e+02
1.225044174194335938e+02
1.209640121459960938e+02
1.221994934082031250e+02
1.225967407226562500e+02
1.178659439086914062e+02
1.169850692749023438e+02
1.189143218994140625e+02
1.186430282592773438e+02
1.164992523193359375e+02
1.168863983154296875e+02
1.199353027343750000e+02
1.193335876464843750e+02
1.148138275146484375e+02
1.155098648071289062e+02
1.171387786865234375e+02
1.190014495849609375e+02
1.229181594848632812e+02
1.201252059936523438e+02
1.172772674560546875e+02
1.160767593383789062e+02
1.108438949584960938e+02
1.118304901123046875e+02
1.148251495361328125e+02
1.144354629516601562e+02
1.135614547729492188e+02
1.132766571044921875e+02
1.104031982421875000e+02
1.071418075561523438e+02
1.106338577270507812e+02
1.158307495117187500e+02
1.180591354370117188e+02
1.165863342285156250e+02
1.189084091186523438e+02
1.186993331909179688e+02
1.142215881347656250e+02
1.170554504394531250e+02
1.172301025390625000e+02
1.142283782958984375e+02
1.154058685302734375e+02
1.129944686889648438e+02
1.117390365600585938e+02
1.130832214355468750e+02
1.045854034423828125e+02
1.005697555541992188e+02
1.058168716430664062e+02
1.079482040405273438e+02
1.111276397705078125e+02
1.170276412963867188e+02
1.187868270874023438e+02
1.164929275512695312e+02
1.148763198852539062e+02
1.148643417358398438e+02
1.169974594116210938e+02
1.172469940185546875e+02
1.112947311401367188e+02
1.110779418945312500e+02
1.149399719238281250e+02
1.181315689086914062e+02
1.158879013061523438e+02
1.149591827392578125e+02
1.162388992309570312e+02
1.126792678833007812e+02
1.101016387939453125e+02
1.122772979736328125e+02
1.133656997680664062e+02
1.143881149291992188e+02
1.197912521362304688e+02
1.249969940185546875e+02
1.248936767578125000e+02
1.200787811279296875e+02
1.144127197265625000e+02
1.159767150878906250e+02
1.162715225219726562e+02
1.121809387207031250e+02
1.194292526245117188e+02
1.267254028320312500e+02
1.247404785156250000e+02
1.189193878173828125e+02
1.143862304687500000e+02
1.235510253906250000e+02
1.280740203857421875e+02
1.193988342285156250e+02
1.144344100952148438e+02
1.077065353393554688e+02
1.120716400146484375e+02
1.172334976196289062e+02
1.119569778442382812e+02
1.110117874145507812e+02
1.212202987670898438e+02
1.378354339599609375e+02
1.414086303710937500e+02
1.243200225830078125e+02
9.699150848388671875e+01
1.229155044555664062e+02
1.591895294189453125e+02
1.395309143066406250e+02
1.634429473876953125e+02
1.552488861083984375e+02
1.407538909912109375e+02
1.709991149902343750e+02
1.996435089111328125e+02
1.803988494873046875e+02
1.624827117919921875e+02
1.529189453125000000e+02
1.304062347412109375e+02
1.408861389160156250e+02
1.652842407226562500e+02
1.831091918945312500e+02
1.740437164306640625e+02
1.529130706787109375e+02
nan
nan
nan
