nan
nan
nan
nan
nan
nan
nan
nan
nan
nan
nan
nan
nan
nan
nan
nan
nan
nan
nan
nan
nan
nan
nan
nan
nan
nan
nan
2.964212341308593750e+02
2.952731628417968750e+02
3.001420288085937500e+02
3.095212402343750000e+02
3.183049926757812500e+02
3.205236511230468750e+02
3.138217773437500000e+02
3.148784179687500000e+02
3.164873657226562500e+02
3.155990295410156250e+02
3.118991394042968750e+02
3.082542724609375000e+02
3.104143676757812500e+02
3.101872558593750000e+02
3.089575805664062500e+02
3.102284851074218750e+02
3.100222167968750000e+02
3.099585876464843750e+02
3.061763000488281250e+02
3.094898681640625000e+02
3.132884826660156250e+02
3.134076843261718750e+02
3.091100769042968750e+02
3.056557617187500000e+02
3.071792602539062500e+02
3.156848754882812500e+02
3.184378051757812500e+02
3.146950683593750000e+02
3.091072082519531250e+02
3.057739868164062500e+02
3.051517028808593750e+02
3.026507873535156250e+02
3.074888000488281250e+02
3.095534973144531250e+02
3.096531372070312500e+02
3.051797180175781250e+02
3.024561767578125000e+02
3.032881164550781250e+02
3.059651489257812500e+02
3.066028747558593750e+02
3.048157043457031250e+02
3.062156677246093750e+02
3.056310119628906250e+02
3.094269714355468750e+02
3.123371582031250000e+02
3.171464233398437500e+02
3.162068176269531250e+02
3.125734863281250000e+02
3.079634094238281250e+02
3.054211730957031250e+02
3.038466491699218750e+02
3.041231689453125000e+02
3.013171997070312500e+02
3.056398315429687500e+02
3.078841552734375000e+02
3.088703918457031250e+02
3.041098632812500000e+02
3.003386535644531250e+02
2.995485839843750000e+02
3.049753112792968750e+02
3.092874755859375000e+02
3.095548095703125000e+02
3.074360046386718750e+02
3.037695312500000000e+02
3.004314880371093750e+02
2.979164428710937500e+02
2.976776428222656250e+02
3.000599670410156250e+02
3.041641235351562500e+02
3.072009277343750000e+02
3.071810607910156250e+02
3.062502441406250000e+02
3.075392456054687500e+02
3.093124084472656250e+02
3.050678405761718750e+02
2.991596679687500000e+02
2.969971618652343750e+02
3.010061035156250000e+02
3.022984008789062500e+02
3.050441284179687500e+02
3.016605224609375000e+02
3.023349914550781250e+02
3.015445861816406250e+02
2.990967407226562500e+02
3.001041870117187500e+02
3.027729492187500000e+02
3.046982421875000000e+02
3.029140014648437500e+02
3.012063293457031250e+02
3.013042907714843750e+02
3.012486877441406250e+02
2.995057678222656250e+02
2.995303039550781250e+02
2.991886901855468750e+02
3.025162048339843750e+02
3.060981140136718750e+02
3.069139404296875000e+02
3.057037048339843750e+02
3.025209045410156250e+02
3.017406921386718750e+02
3.019657287597656250e+02
3.016379699707031250e+02
3.034519958496093750e+02
3.032564086914062500e+02
3.063601379394531250e+02
3.085296936035156250e+02
3.065115661621093750e+02
3.043119201660156250e+02
3.005216369628906250e+02
3.027451171875000000e+02
3.020466003417968750e+02
3.035311889648437500e+02
3.084108276367187500e+02
3.085644836425781250e+02
3.061619873046875000e+02
3.062195129394531250e+02
3.072382812500000000e+02
3.111706237792968750e+02
3.115392761230468750e+02
3.103841247558593750e+02
3.077848205566406250e+02
3.057573852539062500e+02
3.095121459960937500e+02
3.109005126953125000e+02
3.115230712890625000e+02
3.066589355468750000e+02
3.042784118652343750e+02
3.039533386230468750e+02
3.067029724121093750e+02
3.085121459960937500e+02
3.096567077636718750e+02
3.089648742675781250e+02
3.097638854980468750e+02
3.065901489257812500e+02
3.065145263671875000e+02
3.063518676757812500e+02
3.062986145019531250e+02
3.071306457519531250e+02
3.064324645996093750e+02
3.066422729492187500e+02
3.068199157714843750e+02
3.059551391601562500e+02
3.062881164550781250e+02
3.048661499023437500e+02
3.053812255859375000e+02
3.082341918945312500e+02
3.098042297363281250e+02
3.095517272949218750e+02
3.077100524902343750e+02
3.073538818359375000e+02
3.074400634765625000e+02
3.054074707031250000e+02
3.065842895507812500e+02
3.041002197265625000e+02
3.062742309570312500e+02
3.081956176757812500e+02
3.091740112304687500e+02
3.109228210449218750e+02
3.118599548339843750e+02
3.087389221191406250e+02
3.056853332519531250e+02
3.045858459472656250e+02
3.031496582031250000e+02
3.040841979980468750e+02
3.041763916015625000e+02
3.037115478515625000e+02
3.060106201171875000e+02
3.065565795898437500e+02
3.051606445312500000e+02
3.052034606933593750e+02
3.038578186035156250e+02
3.059264831542968750e+02
3.057148742675781250e+02
3.022345581054687500e+02
3.007070922851562500e+02
3.002244262695312500e+02
2.989188537597656250e+02
3.002359619140625000e+02
3.009766235351562500e+02
3.024203186035156250e+02
3.044157714843750000e+02
3.033071594238281250e+02
3.030130004882812500e+02
3.023776550292968750e+02
3.041297302246093750e+02
3.034656677246093750e+02
3.063870849609375000e+02
3.074813232421875000e+02
3.078218383789062500e+02
3.062696533203125000e+02
3.060535583496093750e+02
3.081073303222656250e+02
3.073158874511718750e+02
3.045259094238281250e+02
2.989218139648437500e+02
2.994859008789062500e+02
3.035637817382812500e+02
3.052088623046875000e+02
3.043670959472656250e+02
3.020543518066406250e+02
3.034586791992187500e+02
3.061576232910156250e+02
3.077539062500000000e+02
3.073601684570312500e+02
3.039715881347656250e+02
3.019197082519531250e+02
3.016628417968750000e+02
3.011916809082031250e+02
3.016770019531250000e+02
2.980505065917968750e+02
2.985772094726562500e+02
2.989913330078125000e+02
3.010030517578125000e+02
3.016771240234375000e+02
3.018059692382812500e+02
2.995555114746093750e+02
2.996521911621093750e+02
3.003863220214843750e+02
3.010936584472656250e+02
3.015947265625000000e+02
2.978223266601562500e+02
2.968943786621093750e+02
2.948717956542968750e+02
2.988888854980468750e+02
2.992064208984375000e+02
2.987642211914062500e+02
2.983905944824218750e+02
3.001145324707031250e+02
3.025057983398437500e+02
3.024451293945312500e+02
3.009956970214843750e+02
3.015087890625000000e+02
3.005744934082031250e+02
2.998222656250000000e+02
2.977148132324218750e+02
2.991493225097656250e+02
3.012629699707031250e+02
3.006305236816406250e+02
2.991014099121093750e+02
2.988173217773437500e+02
2.988509521484375000e+02
3.015138549804687500e+02
3.025533752441406250e+02
3.045567626953125000e+02
3.047844238281250000e+02
3.026903076171875000e+02
2.999144287109375000e+02
2.985225524902343750e+02
2.996892089843750000e+02
3.019918518066406250e+02
3.056580200195312500e+02
3.080559082031250000e+02
3.081185302734375000e+02
3.080278625488281250e+02
3.059701538085937500e+02
3.052825317382812500e+02
3.036322937011718750e+02
3.023358154296875000e+02
3.030110778808593750e+02
3.025520629882812500e+02
3.017752075195312500e+02
3.031436767578125000e+02
3.035717163085937500e+02
3.036235961914062500e+02
3.034673156738281250e+02
3.021324768066406250e+02
3.025927429199218750e+02
3.040914306640625000e+02
3.049974670410156250e+02
3.034617614746093750e+02
3.043183898925781250e+02
3.054899291992187500e+02
3.070543212890625000e+02
3.060776977539062500e+02
3.050061950683593750e+02
3.046616821289062500e+02
3.028603515625000000e+02
3.014255981445312500e+02
3.013985900878906250e+02
3.035140380859375000e+02
3.032853698730468750e+02
3.024342346191406250e+02
3.016307067871093750e+02
2.990879516601562500e+02
3.008738403320312500e+02
3.024803466796875000e+02
3.048537597656250000e+02
3.050094299316406250e+02
3.060769958496093750e+02
3.051715698242187500e+02
3.042748718261718750e+02
3.049801635742187500e+02
3.047616577148437500e+02
3.051784362792968750e+02
3.038956604003906250e+02
3.030651550292968750e+02
3.028374328613281250e+02
3.010185852050781250e+02
3.013138122558593750e+02
3.042753906250000000e+02
3.044915771484375000e+02
3.073139038085937500e+02
3.052125549316406250e+02
3.024689025878906250e+02
2.997206420898437500e+02
2.987258605957031250e+02
2.994157104492187500e+02
2.992859191894531250e+02
2.994565734863281250e+02
2.987399597167968750e+02
2.990457153320312500e+02
2.997102661132812500e+02
2.991345214843750000e+02
2.997332153320312500e+02
2.994700927734375000e+02
2.990625000000000000e+02
2.979856567382812500e+02
2.986488342285156250e+02
2.982465820312500000e+02
2.964501342773437500e+02
2.945827941894531250e+02
2.982236328125000000e+02
3.002531127929687500e+02
3.026813659667968750e+02
2.989978637695312500e+02
2.969241638183593750e+02
2.983283691406250000e+02
3.004823913574218750e+02
3.023056030273437500e+02
3.015291748046875000e+02
3.005036926269531250e+02
2.970906066894531250e+02
2.969859008789062500e+02
2.979617004394531250e+02
2.998296508789062500e+02
3.007420349121093750e+02
3.013731994628906250e+02
3.000177612304687500e+02
2.984453125000000000e+02
2.956403808593750000e+02
2.967683410644531250e+02
2.962071838378906250e+02
2.967668457031250000e+02
2.965892944335937500e+02
2.979830322265625000e+02
2.977600402832031250e+02
2.953049926757812500e+02
2.945471801757812500e+02
2.924089660644531250e+02
2.935540161132812500e+02
2.953762817382812500e+02
2.963501281738281250e+02
2.962322387695312500e+02
2.952660217285156250e+02
2.930299377441406250e+02
2.912060546875000000e+02
2.916688537597656250e+02
2.935147399902343750e+02
2.947998657226562500e+02
2.951527404785156250e+02
2.965543212890625000e+02
2.974844055175781250e+02
2.981447448730468750e+02
2.944330139160156250e+02
2.946593627929687500e+02
2.944783325195312500e+02
2.950539550781250000e+02
2.941428527832031250e+02
2.923099975585937500e+02
2.902620239257812500e+02
2.894147949218750000e+02
2.905402221679687500e+02
2.922974243164062500e+02
2.914318237304687500e+02
2.909396362304687500e+02
2.915435791015625000e+02
2.928715515136718750e+02
2.931873779296875000e+02
2.951215820312500000e+02
2.969799499511718750e+02
2.951359252929687500e+02
2.919987182617187500e+02
2.884687194824218750e+02
2.881713562011718750e+02
2.894027404785156250e+02
2.891846618652343750e+02
2.855129089355468750e+02
2.852574462890625000e+02
2.839266662597656250e+02
2.862469482421875000e+02
2.862094116210937500e+02
2.900958862304687500e+02
2.904932556152343750e+02
2.914715270996093750e+02
2.920006408691406250e+02
2.948002014160156250e+02
2.943645935058593750e+02
2.929724731445312500e+02
2.934521789550781250e+02
2.922828979492187500e+02
2.913084106445312500e+02
2.891814575195312500e+02
2.885722961425781250e+02
2.906778259277343750e+02
2.909542846679687500e+02
2.912763671875000000e+02
2.907602233886718750e+02
2.887653808593750000e+02
2.887882080078125000e+02
2.892835693359375000e+02
2.884524230957031250e+02
2.901575927734375000e+02
2.905815734863281250e+02
2.910051879882812500e+02
2.881615905761718750e+02
2.878964538574218750e+02
2.894297180175781250e+02
2.891031188964843750e+02
2.863006591796875000e+02
2.871290283203125000e+02
2.883965454101562500e+02
2.883550720214843750e+02
2.888788757324218750e+02
2.893877868652343750e+02
2.910209045410156250e+02
2.912858581542968750e+02
2.889300537109375000e+02
2.894769287109375000e+02
2.884863281250000000e+02
2.872760925292968750e+02
2.861114807128906250e+02
2.848035278320312500e+02
2.869608459472656250e+02
2.845011901855468750e+02
2.846716613769531250e+02
2.826529541015625000e+02
2.824784851074218750e+02
2.826492919921875000e+02
2.830143432617187500e+02
2.828717041015625000e+02
2.809055786132812500e+02
2.796676025390625000e+02
2.812767028808593750e+02
2.826127929687500000e+02
2.815234985351562500e+02
2.836747436523437500e+02
2.817857666015625000e+02
2.819400939941406250e+02
2.791447448730468750e+02
2.767757263183593750e+02
2.761404418945312500e+02
2.738149719238281250e+02
2.730271606445312500e+02
2.742005615234375000e+02
2.769724426269531250e+02
2.801706542968750000e+02
2.822896118164062500e+02
2.839430236816406250e+02
2.817736206054687500e+02
2.800822448730468750e+02
2.771967773437500000e+02
2.755086975097656250e+02
2.727088623046875000e+02
2.712082519531250000e+02
2.696919860839843750e+02
2.707102355957031250e+02
2.717924194335937500e+02
2.735911560058593750e+02
2.729665527343750000e+02
2.729523925781250000e+02
2.724004211425781250e+02
2.710158996582031250e+02
2.670757446289062500e+02
2.657181396484375000e+02
2.642601623535156250e+02
2.645033264160156250e+02
2.646037292480468750e+02
2.649595031738281250e+02
2.677208862304687500e+02
2.684834594726562500e+02
2.690693664550781250e+02
2.691888427734375000e+02
2.667416687011718750e+02
2.661375122070312500e+02
2.655348815917968750e+02
2.638789672851562500e+02
2.624564819335937500e+02
2.610665283203125000e+02
2.619264831542968750e+02
2.616267089843750000e+02
2.612161560058593750e+02
2.591319580078125000e+02
2.594719543457031250e+02
2.600070800781250000e+02
2.607554931640625000e+02
2.617380981445312500e+02
2.592574462890625000e+02
2.575084838867187500e+02
2.539619140625000000e+02
2.536376647949218750e+02
2.552281188964843750e+02
2.548953247070312500e+02
2.569233093261718750e+02
2.545169067382812500e+02
2.581418762207031250e+02
2.591471557617187500e+02
2.601900024414062500e+02
2.562445068359375000e+02
2.533822326660156250e+02
2.502832183837890625e+02
2.507622070312500000e+02
2.494983062744140625e+02
2.512253265380859375e+02
2.502370758056640625e+02
2.491771392822265625e+02
2.490264129638671875e+02
2.489864654541015625e+02
2.487589111328125000e+02
2.503691253662109375e+02
2.511924591064453125e+02
2.519492034912109375e+02
2.504998626708984375e+02
2.521476287841796875e+02
2.517128448486328125e+02
2.533454132080078125e+02
2.562115783691406250e+02
2.587506713867187500e+02
2.578614807128906250e+02
2.538701782226562500e+02
2.514066162109375000e+02
2.518587951660156250e+02
2.511663360595703125e+02
2.496994171142578125e+02
2.475980072021484375e+02
2.476506958007812500e+02
2.480269622802734375e+02
2.482234497070312500e+02
2.475249786376953125e+02
2.451925811767578125e+02
2.457799682617187500e+02
2.495071716308593750e+02
2.517950744628906250e+02
2.518263702392578125e+02
2.513606719970703125e+02
2.489543304443359375e+02
2.479701080322265625e+02
2.442020263671875000e+02
2.415769805908203125e+02
2.416436920166015625e+02
2.396087036132812500e+02
2.374486083984375000e+02
2.382862548828125000e+02
2.412201385498046875e+02
2.427224273681640625e+02
2.425717163085937500e+02
2.440292358398437500e+02
2.436895446777343750e+02
2.429491729736328125e+02
2.402161560058593750e+02
2.409063720703125000e+02
2.399740142822265625e+02
2.373811645507812500e+02
2.351043701171875000e+02
2.324938049316406250e+02
2.320533294677734375e+02
2.318071746826171875e+02
2.329951782226562500e+02
2.350329895019531250e+02
2.376630096435546875e+02
2.396024627685546875e+02
2.377822570800781250e+02
2.340179901123046875e+02
2.319180297851562500e+02
2.286576538085937500e+02
2.309590301513671875e+02
2.345298919677734375e+02
2.371424865722656250e+02
2.345318908691406250e+02
2.314084472656250000e+02
2.273856201171875000e+02
2.276703186035156250e+02
2.252006835937500000e+02
2.263117370605468750e+02
2.269786071777343750e+02
2.286599121093750000e+02
2.295056152343750000e+02
2.284627227783203125e+02
2.275483245849609375e+02
2.279782104492187500e+02
2.295296173095703125e+02
2.273891754150390625e+02
2.266810760498046875e+02
2.249776000976562500e+02
2.272554168701171875e+02
2.283599853515625000e+02
2.295767364501953125e+02
2.276007232666015625e+02
2.279960632324218750e+02
2.281950531005859375e+02
2.263595428466796875e+02
2.261718292236328125e+02
2.235852203369140625e+02
2.227432861328125000e+02
2.217095794677734375e+02
2.222629394531250000e+02
2.246332244873046875e+02
2.233779449462890625e+02
2.236835327148437500e+02
2.216930084228515625e+02
2.220983734130859375e+02
2.205486602783203125e+02
2.205451812744140625e+02
2.194907226562500000e+02
2.202421264648437500e+02
2.211638793945312500e+02
2.223588867187500000e+02
2.231095123291015625e+02
2.227357025146484375e+02
2.231189270019531250e+02
2.237332458496093750e+02
2.222430419921875000e+02
2.201232910156250000e+02
2.178672790527343750e+02
2.153717651367187500e+02
2.131764221191406250e+02
2.111842651367187500e+02
2.131839447021484375e+02
2.141661987304687500e+02
2.153336486816406250e+02
2.179407501220703125e+02
2.180730438232421875e+02
2.189969177246093750e+02
2.176488189697265625e+02
2.176316375732421875e+02
2.182042388916015625e+02
2.169037933349609375e+02
2.153282470703125000e+02
2.123568267822265625e+02
2.110898742675781250e+02
2.113741302490234375e+02
2.104348144531250000e+02
2.095230712890625000e+02
2.089894714355468750e+02
2.113055572509765625e+02
2.123278198242187500e+02
2.126042327880859375e+02
2.107834930419921875e+02
2.098956756591796875e+02
2.096390686035156250e+02
2.099412689208984375e+02
2.110650024414062500e+02
2.100402069091796875e+02
2.071526489257812500e+02
2.061679687500000000e+02
2.061332702636718750e+02
2.075272521972656250e+02
2.090256958007812500e+02
2.114261322021484375e+02
2.098249969482421875e+02
2.079029998779296875e+02
2.088688201904296875e+02
2.095074462890625000e+02
2.076003112792968750e+02
2.031336517333984375e+02
2.045822143554687500e+02
2.038004150390625000e+02
2.039930267333984375e+02
2.021221466064453125e+02
2.036562957763671875e+02
2.065583343505859375e+02
2.086826324462890625e+02
2.076802520751953125e+02
2.047855072021484375e+02
2.047045288085937500e+02
2.029105224609375000e+02
2.029407348632812500e+02
2.003527526855468750e+02
2.008983306884765625e+02
2.010359039306640625e+02
2.017406768798828125e+02
2.018276214599609375e+02
2.007462615966796875e+02
2.002954559326171875e+02
2.004768524169921875e+02
2.012493896484375000e+02
1.997142181396484375e+02
1.989540557861328125e+02
1.993050079345703125e+02
2.004220123291015625e+02
2.028332977294921875e+02
2.012588195800781250e+02
2.003887939453125000e+02
2.010233612060546875e+02
2.036491699218750000e+02
2.024527893066406250e+02
2.008233337402343750e+02
1.979918060302734375e+02
1.986946716308593750e+02
1.996031494140625000e+02
1.995149230957031250e+02
1.998735198974609375e+02
1.994692230224609375e+02
1.995750885009765625e+02
1.969535827636718750e+02
1.947607574462890625e+02
1.943608398437500000e+02
1.945841522216796875e+02
1.971897125244140625e+02
1.968874969482421875e+02
1.963881683349609375e+02
1.945146484375000000e+02
1.935677490234375000e+02
1.948332672119140625e+02
1.957179260253906250e+02
1.980075531005859375e+02
1.986139984130859375e+02
1.979009094238281250e+02
1.966269683837890625e+02
1.963246002197265625e+02
1.957307281494140625e+02
1.963906402587890625e+02
1.971468200683593750e+02
1.959276885986328125e+02
1.940611877441406250e+02
1.914455718994140625e+02
1.918993835449218750e+02
1.910192718505859375e+02
1.917780303955078125e+02
1.928979949951171875e+02
1.938892517089843750e+02
1.894534759521484375e+02
1.884683532714843750e+02
1.890210876464843750e+02
1.918302612304687500e+02
1.924765014648437500e+02
1.920696716308593750e+02
1.920925445556640625e+02
1.905297393798828125e+02
1.891585388183593750e+02
1.869791564941406250e+02
1.877717132568359375e+02
1.910431976318359375e+02
1.919323425292968750e+02
1.927933197021484375e+02
1.921466674804687500e+02
1.930824127197265625e+02
1.920837249755859375e+02
1.913389434814453125e+02
1.911357421875000000e+02
1.905011444091796875e+02
1.914318542480468750e+02
1.903257598876953125e+02
1.920272979736328125e+02
1.901668701171875000e+02
1.876528167724609375e+02
1.849829559326171875e+02
1.868506774902343750e+02
1.884572296142578125e+02
1.890507202148437500e+02
1.878664855957031250e+02
1.885319976806640625e+02
1.885028228759765625e+02
1.888850250244140625e+02
1.875736083984375000e+02
1.855339202880859375e+02
1.856701202392578125e+02
1.860283203125000000e+02
1.877652893066406250e+02
1.874569702148437500e+02
1.897476959228515625e+02
1.911412963867187500e+02
1.925978240966796875e+02
1.913030700683593750e+02
1.897506561279296875e+02
1.896309967041015625e+02
1.880321655273437500e+02
1.878211669921875000e+02
1.884232025146484375e+02
1.888478088378906250e+02
1.900196075439453125e+02
1.886994018554687500e+02
1.886334228515625000e+02
1.866077880859375000e+02
1.878173065185546875e+02
1.877142333984375000e+02
1.874467926025390625e+02
1.858929290771484375e+02
1.839772491455078125e+02
1.833292236328125000e+02
1.833213195800781250e+02
1.846206970214843750e+02
1.833618469238281250e+02
1.844689025878906250e+02
1.871723175048828125e+02
1.883614959716796875e+02
1.860826721191406250e+02
1.833456726074218750e+02
1.814273834228515625e+02
1.833927764892578125e+02
1.849378204345703125e+02
1.855472106933593750e+02
1.860187072753906250e+02
1.844956054687500000e+02
1.859851989746093750e+02
1.860260620117187500e+02
1.871606903076171875e+02
1.843884887695312500e+02
1.841455230712890625e+02
1.822165222167968750e+02
1.841429138183593750e+02
1.851436462402343750e+02
1.856931457519531250e+02
1.850204467773437500e+02
1.820457000732421875e+02
1.827029266357421875e+02
1.845686950683593750e+02
1.857942657470703125e+02
1.843201141357421875e+02
1.829868927001953125e+02
1.830177764892578125e+02
1.829797058105468750e+02
1.816334686279296875e+02
1.801751556396484375e+02
1.792656860351562500e+02
1.784812164306640625e+02
1.771013336181640625e+02
1.772490997314453125e+02
1.781804504394531250e+02
1.800188446044921875e+02
1.796684722900390625e+02
1.788660430908203125e+02
1.793635864257812500e+02
1.795014343261718750e+02
1.799801177978515625e+02
1.813082427978515625e+02
1.810341644287109375e+02
1.793309478759765625e+02
1.775871734619140625e+02
1.787774658203125000e+02
1.790341949462890625e+02
1.786895294189453125e+02
1.781952209472656250e+02
1.787307739257812500e+02
1.794658813476562500e+02
1.788060913085937500e+02
1.788147583007812500e+02
1.805740051269531250e+02
1.822114410400390625e+02
1.803598327636718750e+02
1.793637084960937500e+02
1.785149078369140625e+02
1.792045745849609375e+02
1.798727569580078125e+02
1.796401977539062500e+02
1.775447845458984375e+02
1.775094451904296875e+02
1.771264343261718750e+02
1.775257415771484375e+02
1.780326080322265625e+02
1.790920257568359375e+02
1.789300384521484375e+02
1.792878723144531250e+02
1.785501861572265625e+02
1.785133972167968750e+02
1.772217712402343750e+02
1.775323181152343750e+02
1.776074523925781250e+02
1.782718200683593750e+02
1.797864990234375000e+02
1.784915161132812500e+02
1.786298217773437500e+02
1.786271362304687500e+02
1.797313842773437500e+02
1.769452514648437500e+02
1.752141265869140625e+02
1.746572875976562500e+02
1.768928375244140625e+02
1.777642974853515625e+02
1.779647827148437500e+02
1.795222778320312500e+02
1.803219146728515625e+02
1.815995025634765625e+02
1.802772521972656250e+02
1.826071929931640625e+02
1.815562744140625000e+02
1.798156280517578125e+02
1.773598937988281250e+02
1.764481048583984375e+02
1.751404418945312500e+02
1.748272857666015625e+02
1.753836975097656250e+02
1.773889160156250000e+02
1.774714660644531250e+02
1.766175537109375000e+02
1.752565307617187500e+02
1.760328674316406250e+02
1.764281463623046875e+02
1.758746795654296875e+02
1.747163391113281250e+02
1.729658355712890625e+02
1.740809936523437500e+02
1.757906188964843750e+02
1.774324188232421875e+02
1.753586425781250000e+02
1.717690734863281250e+02
1.704719085693359375e+02
1.696655578613281250e+02
1.717947540283203125e+02
1.737028198242187500e+02
1.763668060302734375e+02
1.760032653808593750e+02
1.743076629638671875e+02
1.728790283203125000e+02
1.732148590087890625e+02
1.741780853271484375e+02
1.730295410156250000e+02
1.716600646972656250e+02
1.735672302246093750e+02
1.744789428710937500e+02
1.736045684814453125e+02
1.713347778320312500e+02
1.706045989990234375e+02
1.709855346679687500e+02
1.714066619873046875e+02
1.721037139892578125e+02
1.727885437011718750e+02
1.733714752197265625e+02
1.732275695800781250e+02
1.729991760253906250e+02
1.737536468505859375e+02
1.731437683105468750e+02
1.724894409179687500e+02
1.707127532958984375e+02
1.708197479248046875e+02
1.706182861328125000e+02
1.721114501953125000e+02
1.723427581787109375e+02
1.725142059326171875e+02
1.714980926513671875e+02
1.714352569580078125e+02
1.692171630859375000e+02
1.694504089355468750e+02
1.701342315673828125e+02
1.717767486572265625e+02
1.723744506835937500e+02
1.735899200439453125e+02
1.741960754394531250e+02
1.728944549560546875e+02
1.710200195312500000e+02
1.712863311767578125e+02
1.705740814208984375e+02
1.695789794921875000e+02
1.698122406005859375e+02
1.695156860351562500e+02
1.699956817626953125e+02
1.719588470458984375e+02
1.727962036132812500e+02
1.719618072509765625e+02
1.716791687011718750e+02
1.717647552490234375e+02
1.715828704833984375e+02
1.701521301269531250e+02
1.691002655029296875e+02
1.675456085205078125e+02
1.674615020751953125e+02
1.680786285400390625e+02
1.680282897949218750e+02
1.665744934082031250e+02
1.645556488037109375e+02
1.641217346191406250e+02
1.655935668945312500e+02
1.683965301513671875e+02
1.704230651855468750e+02
1.674063110351562500e+02
1.659515991210937500e+02
1.645109558105468750e+02
1.666816406250000000e+02
1.691328125000000000e+02
1.715350494384765625e+02
1.699169464111328125e+02
1.680353088378906250e+02
1.644681549072265625e+02
1.633443145751953125e+02
1.613945465087890625e+02
1.629189758300781250e+02
1.627353210449218750e+02
1.629589996337890625e+02
1.631645202636718750e+02
1.639543457031250000e+02
1.663749237060546875e+02
1.673742218017578125e+02
1.718418426513671875e+02
1.731787414550781250e+02
1.745296325683593750e+02
1.768255462646484375e+02
1.773610076904296875e+02
1.785629272460937500e+02
1.798836059570312500e+02
1.799615631103515625e+02
1.766674499511718750e+02
1.757576599121093750e+02
1.721177673339843750e+02
1.690725097656250000e+02
1.649214630126953125e+02
1.628553314208984375e+02
1.615416259765625000e+02
1.621755981445312500e+02
1.631237792968750000e+02
1.629893341064453125e+02
1.641152496337890625e+02
1.636055603027343750e+02
1.629505767822265625e+02
1.651635284423828125e+02
1.652721405029296875e+02
1.637965240478515625e+02
1.626990661621093750e+02
1.656246185302734375e+02
1.692857208251953125e+02
1.692023315429687500e+02
1.659670257568359375e+02
1.625115051269531250e+02
1.611265411376953125e+02
1.633298187255859375e+02
1.648208770751953125e+02
1.660079040527343750e+02
1.667094116210937500e+02
1.658250274658203125e+02
1.653921508789062500e+02
1.647986755371093750e+02
1.640900268554687500e+02
1.600039215087890625e+02
1.594546203613281250e+02
1.622119903564453125e+02
1.663440856933593750e+02
1.653539733886718750e+02
1.644807739257812500e+02
1.619657135009765625e+02
1.614847717285156250e+02
1.619072875976562500e+02
1.622248382568359375e+02
1.618973846435546875e+02
1.598218231201171875e+02
1.605146789550781250e+02
1.622419891357421875e+02
1.618997039794921875e+02
1.574805145263671875e+02
1.539669036865234375e+02
1.540266113281250000e+02
1.556381072998046875e+02
1.538842468261718750e+02
1.555030364990234375e+02
1.567848358154296875e+02
1.613801422119140625e+02
1.594119873046875000e+02
1.606651000976562500e+02
1.588889312744140625e+02
1.606081237792968750e+02
1.616299591064453125e+02
1.642550506591796875e+02
1.645653228759765625e+02
1.626726531982421875e+02
1.624600830078125000e+02
1.610901641845703125e+02
1.603489990234375000e+02
1.579287872314453125e+02
1.596475372314453125e+02
1.654701232910156250e+02
1.821988677978515625e+02
1.864620208740234375e+02
1.835449371337890625e+02
1.842301788330078125e+02
1.871903381347656250e+02
1.852132415771484375e+02
1.812236175537109375e+02
1.792846069335937500e+02
1.797500457763671875e+02
1.770903930664062500e+02
1.734206695556640625e+02
1.724616088867187500e+02
1.705307312011718750e+02
1.705586853027343750e+02
1.705262145996093750e+02
1.710326843261718750e+02
1.682997131347656250e+02
1.694374389648437500e+02
1.707457733154296875e+02
1.700059356689453125e+02
1.677860412597656250e+02
1.689939270019531250e+02
1.683598937988281250e+02
1.689187622070312500e+02
1.678425750732421875e+02
1.685238494873046875e+02
1.692566223144531250e+02
1.689376068115234375e+02
1.688261566162109375e+02
1.701339569091796875e+02
1.729857788085937500e+02
1.738751220703125000e+02
1.694134368896484375e+02
1.684657592773437500e+02
1.697326965332031250e+02
1.724400329589843750e+02
1.709546203613281250e+02
1.703779754638671875e+02
1.692230987548828125e+02
1.693532867431640625e+02
1.667382354736328125e+02
1.661041107177734375e+02
1.680198974609375000e+02
1.689204711914062500e+02
1.696264343261718750e+02
1.689731597900390625e+02
1.667233886718750000e+02
1.661800079345703125e+02
1.673882751464843750e+02
1.664555816650390625e+02
1.626645812988281250e+02
1.631917266845703125e+02
1.682688598632812500e+02
1.691618347167968750e+02
1.686931762695312500e+02
1.676284942626953125e+02
1.683765411376953125e+02
1.684102935791015625e+02
1.694384613037109375e+02
1.690818176269531250e+02
1.672710571289062500e+02
1.651760101318359375e+02
1.631894226074218750e+02
1.623777008056640625e+02
1.637942810058593750e+02
1.659561004638671875e+02
1.647706604003906250e+02
1.622380523681640625e+02
1.624846343994140625e+02
1.641477813720703125e+02
1.665601806640625000e+02
1.661774902343750000e+02
1.659808502197265625e+02
1.655142974853515625e+02
1.672559661865234375e+02
1.666544647216796875e+02
1.652732391357421875e+02
1.656139373779296875e+02
1.665747680664062500e+02
1.669607086181640625e+02
1.630337219238281250e+02
1.637606353759765625e+02
1.653890380859375000e+02
1.660594635009765625e+02
1.642267303466796875e+02
1.600392150878906250e+02
1.606241912841796875e+02
1.622005004882812500e+02
1.641983947753906250e+02
1.636356506347656250e+02
1.620428466796875000e+02
1.626708221435546875e+02
1.649235229492187500e+02
1.646340637207031250e+02
1.619947204589843750e+02
1.614028320312500000e+02
1.624756317138671875e+02
1.600388793945312500e+02
1.586806945800781250e+02
1.610345916748046875e+02
1.638985748291015625e+02
1.629088134765625000e+02
1.614318695068359375e+02
1.608348236083984375e+02
1.594609680175781250e+02
1.601320648193359375e+02
1.601703491210937500e+02
1.593357391357421875e+02
1.582730560302734375e+02
1.617252502441406250e+02
1.628917846679687500e+02
1.633432159423828125e+02
1.606723022460937500e+02
1.589321746826171875e+02
1.584223480224609375e+02
1.591676483154296875e+02
1.577554168701171875e+02
1.595924682617187500e+02
1.606159973144531250e+02
1.598407897949218750e+02
1.585054321289062500e+02
1.599974517822265625e+02
1.622243041992187500e+02
1.622377929687500000e+02
1.607230834960937500e+02
1.600101470947265625e+02
1.612541656494140625e+02
1.602712554931640625e+02
1.621188049316406250e+02
1.651137847900390625e+02
1.632966003417968750e+02
1.622944946289062500e+02
1.614094085693359375e+02
1.612341308593750000e+02
1.617870483398437500e+02
1.625032348632812500e+02
1.614909515380859375e+02
1.616350708007812500e+02
1.630685424804687500e+02
1.641217651367187500e+02
1.627202148437500000e+02
1.616181640625000000e+02
1.597878265380859375e+02
1.576590270996093750e+02
1.606309051513671875e+02
1.631661224365234375e+02
1.630090789794921875e+02
1.623571624755859375e+02
1.615626220703125000e+02
1.599512481689453125e+02
1.593396606445312500e+02
1.603717193603515625e+02
1.606457519531250000e+02
1.614697418212890625e+02
1.593645629882812500e+02
1.586138458251953125e+02
1.568503112792968750e+02
1.570730438232421875e+02
1.562877960205078125e+02
1.578869018554687500e+02
1.562579803466796875e+02
1.556856079101562500e+02
1.569263000488281250e+02
1.619208221435546875e+02
1.617030792236328125e+02
1.569689331054687500e+02
1.563389739990234375e+02
1.605086059570312500e+02
1.600639495849609375e+02
1.607116394042968750e+02
1.600558013916015625e+02
1.600031280517578125e+02
1.588782958984375000e+02
1.591188049316406250e+02
1.597512664794921875e+02
1.592270660400390625e+02
1.581297454833984375e+02
1.590729370117187500e+02
1.599266052246093750e+02
1.600461883544921875e+02
1.570893707275390625e+02
1.553997192382812500e+02
1.566978759765625000e+02
1.577182922363281250e+02
1.585892639160156250e+02
1.611236724853515625e+02
1.614320831298828125e+02
1.606571807861328125e+02
1.567913360595703125e+02
1.591987762451171875e+02
1.591251220703125000e+02
1.588799591064453125e+02
1.575874481201171875e+02
1.561509246826171875e+02
1.543160705566406250e+02
1.571751251220703125e+02
1.585387725830078125e+02
1.565451507568359375e+02
1.545384368896484375e+02
1.533192596435546875e+02
1.527976379394531250e+02
1.538950958251953125e+02
1.546796875000000000e+02
1.563044891357421875e+02
1.562267761230468750e+02
1.565490417480468750e+02
1.577628784179687500e+02
1.597482452392578125e+02
1.590979156494140625e+02
1.586063842773437500e+02
1.584299926757812500e+02
1.599952545166015625e+02
1.604046783447265625e+02
1.575941314697265625e+02
1.565057220458984375e+02
1.551158447265625000e+02
1.552846069335937500e+02
1.565045776367187500e+02
1.587501831054687500e+02
1.590117034912109375e+02
1.584651641845703125e+02
1.580044708251953125e+02
1.577028808593750000e+02
1.569274597167968750e+02
1.566179199218750000e+02
1.556755676269531250e+02
1.547530364990234375e+02
1.560744628906250000e+02
1.585398101806640625e+02
1.572014770507812500e+02
1.552146759033203125e+02
1.544883880615234375e+02
1.533416748046875000e+02
1.527061920166015625e+02
1.523113861083984375e+02
1.530104217529296875e+02
1.559567565917968750e+02
1.565489196777343750e+02
1.568149871826171875e+02
1.559077301025390625e+02
1.557872772216796875e+02
1.551060791015625000e+02
1.561686401367187500e+02
1.553807830810546875e+02
1.552897338867187500e+02
1.535789642333984375e+02
1.532438354492187500e+02
1.524876098632812500e+02
1.534671173095703125e+02
1.545566864013671875e+02
1.522095336914062500e+02
1.505191040039062500e+02
1.510253753662109375e+02
1.541790313720703125e+02
1.569942932128906250e+02
1.568487091064453125e+02
1.541865692138671875e+02
1.526372375488281250e+02
1.504460449218750000e+02
1.500677795410156250e+02
1.525184020996093750e+02
1.537280273437500000e+02
1.535516204833984375e+02
1.539969177246093750e+02
1.547153625488281250e+02
1.548502655029296875e+02
1.569554290771484375e+02
1.576313934326171875e+02
1.544025421142578125e+02
1.541238250732421875e+02
1.542127838134765625e+02
1.522490844726562500e+02
1.535906219482421875e+02
1.555512237548828125e+02
1.567821044921875000e+02
1.562018432617187500e+02
1.571367797851562500e+02
1.563099822998046875e+02
1.566646270751953125e+02
1.565655059814453125e+02
1.547940521240234375e+02
1.547983856201171875e+02
1.544254150390625000e+02
1.537132873535156250e+02
1.515943603515625000e+02
1.517677307128906250e+02
1.520888214111328125e+02
1.531029968261718750e+02
1.524630889892578125e+02
1.532637176513671875e+02
1.547598419189453125e+02
1.526901245117187500e+02
1.498897399902343750e+02
1.492267761230468750e+02
1.501721954345703125e+02
1.539624633789062500e+02
1.532172241210937500e+02
1.534937286376953125e+02
1.555185394287109375e+02
1.570652313232421875e+02
1.558704528808593750e+02
1.532199249267578125e+02
1.522813720703125000e+02
1.523812408447265625e+02
1.544022979736328125e+02
1.536355590820312500e+02
1.519828643798828125e+02
1.511845703125000000e+02
1.521574249267578125e+02
1.512304992675781250e+02
1.505328826904296875e+02
1.526146087646484375e+02
1.531007995605468750e+02
1.530923461914062500e+02
1.519202880859375000e+02
1.509624481201171875e+02
1.510243225097656250e+02
1.528077239990234375e+02
1.541725463867187500e+02
1.542917633056640625e+02
1.549372558593750000e+02
1.551586151123046875e+02
1.546705780029296875e+02
1.541017456054687500e+02
1.539265899658203125e+02
1.542420349121093750e+02
1.549901885986328125e+02
1.569124145507812500e+02
1.577992401123046875e+02
1.563974304199218750e+02
1.555429687500000000e+02
1.550133209228515625e+02
1.535980682373046875e+02
1.532679138183593750e+02
1.549615478515625000e+02
1.541620330810546875e+02
1.536993560791015625e+02
1.560583496093750000e+02
1.573505401611328125e+02
1.568612365722656250e+02
1.553328552246093750e+02
1.534640197753906250e+02
1.529208374023437500e+02
1.532884826660156250e+02
1.546086730957031250e+02
1.560330963134765625e+02
1.571486206054687500e+02
1.562460327148437500e+02
1.571213073730468750e+02
1.580829162597656250e+02
1.579443359375000000e+02
1.557597961425781250e+02
1.554198760986328125e+02
1.569553680419921875e+02
1.554496002197265625e+02
1.531564331054687500e+02
1.522142791748046875e+02
1.543946533203125000e+02
1.571336517333984375e+02
1.570668945312500000e+02
1.551277770996093750e+02
1.533567352294921875e+02
1.529556274414062500e+02
1.519415435791015625e+02
1.540807037353515625e+02
1.554936218261718750e+02
1.559688110351562500e+02
1.543759155273437500e+02
1.544387359619140625e+02
1.525242462158203125e+02
1.539769744873046875e+02
1.578258056640625000e+02
1.603272705078125000e+02
1.573149719238281250e+02
1.544487762451171875e+02
1.525214843750000000e+02
1.530903167724609375e+02
1.542307434082031250e+02
1.557199859619140625e+02
1.563710784912109375e+02
1.561244506835937500e+02
1.576515655517578125e+02
1.571147613525390625e+02
1.582924346923828125e+02
1.579632415771484375e+02
1.560784149169921875e+02
1.549365234375000000e+02
1.565440826416015625e+02
1.545407867431640625e+02
1.547824096679687500e+02
1.559907836914062500e+02
1.554712524414062500e+02
1.528401947021484375e+02
1.544128875732421875e+02
1.556334075927734375e+02
1.552821655273437500e+02
1.564403839111328125e+02
1.578594970703125000e+02
1.594988861083984375e+02
1.604850921630859375e+02
1.564683074951171875e+02
1.545071258544921875e+02
1.557946319580078125e+02
1.551739196777343750e+02
1.534002838134765625e+02
1.528534393310546875e+02
1.531257629394531250e+02
1.536007690429687500e+02
1.561681671142578125e+02
1.572360992431640625e+02
1.573621215820312500e+02
1.573601379394531250e+02
1.576091461181640625e+02
1.555885467529296875e+02
1.551276855468750000e+02
1.555311889648437500e+02
1.573012695312500000e+02
1.570265808105468750e+02
1.547038421630859375e+02
1.512749633789062500e+02
1.525807800292968750e+02
1.529010925292968750e+02
1.524532775878906250e+02
1.513844909667968750e+02
1.512932128906250000e+02
1.528604431152343750e+02
1.529888458251953125e+02
1.507642211914062500e+02
1.525293273925781250e+02
1.555370788574218750e+02
1.542297668457031250e+02
1.539830627441406250e+02
1.566575775146484375e+02
1.565827484130859375e+02
1.535290679931640625e+02
1.537425231933593750e+02
1.537889099121093750e+02
1.506991882324218750e+02
1.500532226562500000e+02
1.507005462646484375e+02
1.508695373535156250e+02
1.495861206054687500e+02
1.445577697753906250e+02
1.423408508300781250e+02
1.454553527832031250e+02
1.520115051269531250e+02
1.544886627197265625e+02
1.526316070556640625e+02
1.488610839843750000e+02
1.476913757324218750e+02
1.485990905761718750e+02
1.514637451171875000e+02
1.532923126220703125e+02
1.489223327636718750e+02
1.460853424072265625e+02
1.470936431884765625e+02
1.493720245361328125e+02
1.506344146728515625e+02
1.476956176757812500e+02
1.486206970214843750e+02
1.478279418945312500e+02
1.464992370605468750e+02
1.488938903808593750e+02
1.509585266113281250e+02
1.519822998046875000e+02
1.554144439697265625e+02
1.563461303710937500e+02
1.531095886230468750e+02
1.514607849121093750e+02
1.498480224609375000e+02
1.500302429199218750e+02
1.520377502441406250e+02
1.547917633056640625e+02
1.575502777099609375e+02
1.571430816650390625e+02
1.563253479003906250e+02
1.533422546386718750e+02
1.535172119140625000e+02
1.561561279296875000e+02
1.558491668701171875e+02
1.545984191894531250e+02
1.552873382568359375e+02
1.561170349121093750e+02
1.560141906738281250e+02
1.540888519287109375e+02
1.546374816894531250e+02
1.585411682128906250e+02
1.564609375000000000e+02
1.548241729736328125e+02
1.557476196289062500e+02
1.562374114990234375e+02
1.568373413085937500e+02
1.542365417480468750e+02
1.511834564208984375e+02
1.515860137939453125e+02
1.543781890869140625e+02
1.565993041992187500e+02
1.564007568359375000e+02
1.558528747558593750e+02
1.555140075683593750e+02
1.549099426269531250e+02
1.562643127441406250e+02
1.592323150634765625e+02
1.597351531982421875e+02
1.570188598632812500e+02
1.552450714111328125e+02
1.546201324462890625e+02
1.534939117431640625e+02
1.552925720214843750e+02
1.578555450439453125e+02
1.595142669677734375e+02
1.592677001953125000e+02
1.559183349609375000e+02
1.533626556396484375e+02
1.518974151611328125e+02
1.540718231201171875e+02
1.554204406738281250e+02
1.536078491210937500e+02
1.548137359619140625e+02
1.557259216308593750e+02
1.518523559570312500e+02
1.509050598144531250e+02
1.523916473388671875e+02
1.523089599609375000e+02
1.544734191894531250e+02
1.559928131103515625e+02
1.571381530761718750e+02
1.597821655273437500e+02
1.582715911865234375e+02
1.521844940185546875e+02
1.490605163574218750e+02
1.493040924072265625e+02
1.511109619140625000e+02
1.521422729492187500e+02
1.518361053466796875e+02
1.508164520263671875e+02
1.485830383300781250e+02
1.510188751220703125e+02
1.516800689697265625e+02
1.516843872070312500e+02
1.544802398681640625e+02
1.561806488037109375e+02
1.532679595947265625e+02
1.524392242431640625e+02
1.530464630126953125e+02
1.538658294677734375e+02
1.538215637207031250e+02
1.535583190917968750e+02
1.546103668212890625e+02
1.554190521240234375e+02
1.573174591064453125e+02
1.570072631835937500e+02
1.556200866699218750e+02
1.529324798583984375e+02
1.523243865966796875e+02
1.541668243408203125e+02
1.533649597167968750e+02
1.512064056396484375e+02
1.525692901611328125e+02
1.535659942626953125e+02
1.558086853027343750e+02
1.556371154785156250e+02
1.555237731933593750e+02
1.566866607666015625e+02
1.557437286376953125e+02
1.551528930664062500e+02
1.530401153564453125e+02
1.493309020996093750e+02
1.500040283203125000e+02
1.515065155029296875e+02
1.502673492431640625e+02
1.486541137695312500e+02
1.482333679199218750e+02
1.521060028076171875e+02
1.547266693115234375e+02
1.550140380859375000e+02
1.545396728515625000e+02
1.533577423095703125e+02
1.509547576904296875e+02
1.473950195312500000e+02
1.482433929443359375e+02
1.517870788574218750e+02
1.504255218505859375e+02
1.470895385742187500e+02
1.479407196044921875e+02
1.473253479003906250e+02
1.476408843994140625e+02
1.521741790771484375e+02
1.528955383300781250e+02
1.526526184082031250e+02
1.521146240234375000e+02
1.507326049804687500e+02
1.495663452148437500e+02
1.495854034423828125e+02
1.491317596435546875e+02
1.492797088623046875e+02
1.493625335693359375e+02
1.498077239990234375e+02
1.503386383056640625e+02
1.469764251708984375e+02
1.471277160644531250e+02
1.492733154296875000e+02
1.489337158203125000e+02
1.485613250732421875e+02
1.515357971191406250e+02
1.522778472900390625e+02
1.495638885498046875e+02
1.483666992187500000e+02
1.479415130615234375e+02
1.460574035644531250e+02
1.450858764648437500e+02
1.472105255126953125e+02
1.500221405029296875e+02
1.495077209472656250e+02
1.479450988769531250e+02
1.495400695800781250e+02
1.495531768798828125e+02
1.461164093017578125e+02
1.475873107910156250e+02
1.470902252197265625e+02
1.459426879882812500e+02
1.473777618408203125e+02
1.481615447998046875e+02
1.486133880615234375e+02
1.504978027343750000e+02
1.508607940673828125e+02
1.489587249755859375e+02
1.498823699951171875e+02
1.474579010009765625e+02
1.471915130615234375e+02
1.500897064208984375e+02
1.499791107177734375e+02
1.463303375244140625e+02
1.445225982666015625e+02
1.464815063476562500e+02
1.468447265625000000e+02
1.464107208251953125e+02
1.459278106689453125e+02
1.467691802978515625e+02
1.478486022949218750e+02
1.475758666992187500e+02
1.501768493652343750e+02
1.517214355468750000e+02
1.488675079345703125e+02
1.453052215576171875e+02
1.461416473388671875e+02
1.478472442626953125e+02
1.446104736328125000e+02
1.442422943115234375e+02
1.482016754150390625e+02
1.518615112304687500e+02
1.488215942382812500e+02
1.461094818115234375e+02
1.472985839843750000e+02
1.475144195556640625e+02
1.493085937500000000e+02
1.516541748046875000e+02
1.542652587890625000e+02
1.518490447998046875e+02
1.494331512451171875e+02
1.483014984130859375e+02
1.462642669677734375e+02
1.449716949462890625e+02
1.432937774658203125e+02
1.426108551025390625e+02
1.413626708984375000e+02
1.429610595703125000e+02
1.455066070556640625e+02
1.469824066162109375e+02
1.481567687988281250e+02
1.451790618896484375e+02
1.423407745361328125e+02
1.426306457519531250e+02
1.443006134033203125e+02
1.439336700439453125e+02
1.420815734863281250e+02
1.433378601074218750e+02
1.422953338623046875e+02
1.429252471923828125e+02
1.449643096923828125e+02
1.454538726806640625e+02
1.476991271972656250e+02
1.459799957275390625e+02
1.461754608154296875e+02
1.509640350341796875e+02
1.522191925048828125e+02
1.479050292968750000e+02
1.452569122314453125e+02
1.472024993896484375e+02
1.445789337158203125e+02
1.405499114990234375e+02
1.410439453125000000e+02
1.427507171630859375e+02
1.440657806396484375e+02
1.427222290039062500e+02
1.451732482910156250e+02
1.479314575195312500e+02
1.471308441162109375e+02
1.464800567626953125e+02
1.442615203857421875e+02
1.419523925781250000e+02
1.417187652587890625e+02
1.426072692871093750e+02
1.435715484619140625e+02
1.421831207275390625e+02
1.420579223632812500e+02
1.434662475585937500e+02
1.445877532958984375e+02
1.429759216308593750e+02
1.404368743896484375e+02
1.421814575195312500e+02
1.435263061523437500e+02
1.421225585937500000e+02
1.427742767333984375e+02
1.469863128662109375e+02
1.478879089355468750e+02
1.467524871826171875e+02
1.482442932128906250e+02
1.461083526611328125e+02
1.425424194335937500e+02
1.413205261230468750e+02
1.441978302001953125e+02
1.452673034667968750e+02
1.445608520507812500e+02
1.452787475585937500e+02
1.439345855712890625e+02
1.438917541503906250e+02
1.464353332519531250e+02
1.448841857910156250e+02
1.405485382080078125e+02
1.453688507080078125e+02
1.487445526123046875e+02
1.476378173828125000e+02
1.465405883789062500e+02
1.454444274902343750e+02
1.477304382324218750e+02
1.474485778808593750e+02
1.434814910888671875e+02
1.418383789062500000e+02
1.420805511474609375e+02
1.442016296386718750e+02
1.447438354492187500e+02
1.400617675781250000e+02
1.378538208007812500e+02
1.405793914794921875e+02
1.399786987304687500e+02
1.401838378906250000e+02
1.422363739013671875e+02
1.420092468261718750e+02
1.405998382568359375e+02
1.409284362792968750e+02
1.418833923339843750e+02
1.397238922119140625e+02
1.375338897705078125e+02
1.397425384521484375e+02
1.375691375732421875e+02
1.388682403564453125e+02
1.428364105224609375e+02
1.412620697021484375e+02
1.404041900634765625e+02
1.406354370117187500e+02
1.391795654296875000e+02
1.380891418457031250e+02
1.398575134277343750e+02
1.397837677001953125e+02
1.390900726318359375e+02
1.383632354736328125e+02
1.407983703613281250e+02
1.441630554199218750e+02
1.430375671386718750e+02
1.398613281250000000e+02
1.364329833984375000e+02
1.335088958740234375e+02
1.380700836181640625e+02
1.419924621582031250e+02
1.410247955322265625e+02
1.396333770751953125e+02
1.410460205078125000e+02
1.407451324462890625e+02
1.382688751220703125e+02
1.377059173583984375e+02
1.361676635742187500e+02
1.360846862792968750e+02
1.386618041992187500e+02
1.401169433593750000e+02
1.388480834960937500e+02
1.412005462646484375e+02
1.404592285156250000e+02
1.394483032226562500e+02
1.391831817626953125e+02
1.409433593750000000e+02
1.425763854980468750e+02
1.388593750000000000e+02
1.373471069335937500e+02
1.386802978515625000e+02
1.408822021484375000e+02
1.417596130371093750e+02
1.400821990966796875e+02
1.387145996093750000e+02
1.366238861083984375e+02
1.352923583984375000e+02
1.344944458007812500e+02
1.329365997314453125e+02
1.336416015625000000e+02
1.385033111572265625e+02
1.380857696533203125e+02
1.333368072509765625e+02
1.333253479003906250e+02
1.333011016845703125e+02
1.337811889648437500e+02
1.315477600097656250e+02
1.306922302246093750e+02
1.361162719726562500e+02
1.397786254882812500e+02
1.366267242431640625e+02
1.334239959716796875e+02
1.340500488281250000e+02
1.326765289306640625e+02
1.294109802246093750e+02
1.303392791748046875e+02
1.320076904296875000e+02
1.336253356933593750e+02
1.324842987060546875e+02
1.326320800781250000e+02
1.368895263671875000e+02
1.435902099609375000e+02
1.409636535644531250e+02
1.295279388427734375e+02
1.258436889648437500e+02
1.281486663818359375e+02
1.322270355224609375e+02
1.299795989990234375e+02
1.295008850097656250e+02
1.299995269775390625e+02
1.324538421630859375e+02
1.430453948974609375e+02
1.428854370117187500e+02
1.357271575927734375e+02
1.330797119140625000e+02
1.367443695068359375e+02
1.392792663574218750e+02
1.368387145996093750e+02
1.360474090576171875e+02
1.351868896484375000e+02
1.329411621093750000e+02
1.292580871582031250e+02
1.260217208862304688e+02
1.281775665283203125e+02
1.369328155517578125e+02
1.392910003662109375e+02
1.346549072265625000e+02
1.225559310913085938e+02
1.171049423217773438e+02
1.249900131225585938e+02
1.270684051513671875e+02
1.270061187744140625e+02
1.304814605712890625e+02
1.315133209228515625e+02
1.348282012939453125e+02
1.420746765136718750e+02
1.484606781005859375e+02
1.384393157958984375e+02
1.253899383544921875e+02
1.255907287597656250e+02
1.283301086425781250e+02
1.313820648193359375e+02
1.310503692626953125e+02
1.229922790527343750e+02
1.167568817138671875e+02
1.202435150146484375e+02
1.304331970214843750e+02
1.264029312133789062e+02
1.294003601074218750e+02
1.260989608764648438e+02
1.289100646972656250e+02
1.357797546386718750e+02
1.266340942382812500e+02
1.217943496704101562e+02
1.334546051025390625e+02
1.571005706787109375e+02
1.486158142089843750e+02
1.348254394531250000e+02
1.324788970947265625e+02
1.529300689697265625e+02
1.717715911865234375e+02
1.377424774169921875e+02
1.425367889404296875e+02
2.211335144042968750e+02
1.904886932373046875e+02
1.785254669189453125e+02
1.850308380126953125e+02
1.675232849121093750e+02
1.835308074951171875e+02
1.796523132324218750e+02
2.021203918457031250e+02
1.646388854980468750e+02
1.383331604003906250e+02
1.900126037597656250e+02
2.032510375976562500e+02
1.656009521484375000e+02
1.588093566894531250e+02
1.974006805419921875e+02
2.245762939453125000e+02
nan
nan
nan
