nan
nan
nan
nan
nan
nan
nan
nan
nan
nan
nan
nan
nan
nan
nan
nan
nan
nan
2.257816123962402344e+01
1.904727935791015625e+01
1.602762031555175781e+01
1.457060813903808594e+01
1.591812610626220703e+01
1.957330131530761719e+01
2.402468490600585938e+01
2.703466606140136719e+01
2.895497703552246094e+01
2.800730133056640625e+01
2.343670082092285156e+01
2.377787208557128906e+01
2.577115821838378906e+01
2.278035926818847656e+01
2.510738563537597656e+01
2.647090148925781250e+01
2.465418052673339844e+01
2.527766609191894531e+01
2.679554557800292969e+01
2.710080909729003906e+01
2.737001419067382812e+01
2.769262886047363281e+01
2.761802101135253906e+01
2.934664916992187500e+01
2.857196807861328125e+01
2.870657157897949219e+01
2.850558662414550781e+01
2.861343955993652344e+01
2.670623397827148438e+01
2.319646453857421875e+01
2.309544181823730469e+01
2.350190734863281250e+01
2.395306968688964844e+01
2.451725578308105469e+01
2.387502861022949219e+01
2.355686378479003906e+01
2.401792144775390625e+01
2.506257247924804688e+01
2.526214408874511719e+01
2.466979217529296875e+01
2.372273254394531250e+01
2.407521438598632812e+01
2.432798576354980469e+01
2.587748336791992188e+01
2.705323028564453125e+01
2.638114166259765625e+01
2.542501640319824219e+01
2.547639656066894531e+01
2.622612380981445312e+01
2.455249595642089844e+01
2.461797332763671875e+01
2.705141258239746094e+01
2.852622222900390625e+01
2.917528343200683594e+01
2.995467758178710938e+01
3.004443550109863281e+01
3.035006141662597656e+01
2.854607772827148438e+01
2.638111877441406250e+01
2.558718681335449219e+01
2.552810859680175781e+01
2.607030487060546875e+01
2.625973701477050781e+01
2.632346343994140625e+01
2.739761543273925781e+01
2.804000473022460938e+01
2.794158935546875000e+01
2.762516021728515625e+01
2.842045783996582031e+01
2.915317726135253906e+01
2.733408927917480469e+01
2.745866775512695312e+01
2.688288307189941406e+01
2.640854644775390625e+01
2.599230003356933594e+01
2.757823753356933594e+01
2.822956275939941406e+01
2.612631225585937500e+01
2.522076416015625000e+01
2.717258262634277344e+01
2.977718544006347656e+01
3.206317138671875000e+01
2.968365097045898438e+01
2.604286003112792969e+01
2.559849357604980469e+01
2.804924011230468750e+01
2.886417388916015625e+01
2.844156074523925781e+01
2.956319046020507812e+01
3.068432998657226562e+01
3.141257095336914062e+01
3.042175292968750000e+01
2.921181488037109375e+01
2.707845687866210938e+01
2.627484321594238281e+01
2.729197502136230469e+01
2.806965637207031250e+01
2.755661964416503906e+01
2.750624084472656250e+01
2.822761917114257812e+01
2.920347404479980469e+01
2.941160011291503906e+01
2.932646560668945312e+01
2.782604026794433594e+01
2.709201622009277344e+01
2.764879035949707031e+01
2.898704910278320312e+01
2.932360076904296875e+01
2.824492835998535156e+01
2.825064659118652344e+01
2.814194488525390625e+01
2.863155364990234375e+01
2.999656486511230469e+01
2.828003311157226562e+01
2.631923484802246094e+01
2.857715225219726562e+01
2.948431015014648438e+01
2.760008621215820312e+01
2.776759719848632812e+01
2.869224166870117188e+01
2.905773735046386719e+01
2.846515274047851562e+01
2.738765907287597656e+01
2.696338272094726562e+01
2.719266891479492188e+01
2.725681304931640625e+01
2.799639129638671875e+01
2.826366424560546875e+01
2.803116798400878906e+01
2.956936645507812500e+01
3.015441513061523438e+01
2.786858367919921875e+01
2.620605087280273438e+01
2.697603225708007812e+01
2.772356033325195312e+01
2.757115173339843750e+01
2.652478218078613281e+01
2.613630867004394531e+01
2.586339950561523438e+01
2.584455299377441406e+01
2.654327201843261719e+01
2.797546768188476562e+01
2.950671768188476562e+01
2.953834152221679688e+01
2.817954635620117188e+01
2.739049530029296875e+01
2.714815330505371094e+01
2.728146362304687500e+01
2.730145072937011719e+01
2.729539680480957031e+01
2.628781700134277344e+01
2.600653648376464844e+01
2.685460281372070312e+01
2.710172080993652344e+01
2.663994598388671875e+01
2.660251617431640625e+01
2.708170318603515625e+01
2.707442665100097656e+01
2.845470428466796875e+01
2.911624717712402344e+01
2.870172691345214844e+01
2.869390106201171875e+01
2.781022071838378906e+01
2.753355216979980469e+01
2.802458763122558594e+01
2.897746658325195312e+01
2.880891609191894531e+01
2.815288162231445312e+01
2.821519279479980469e+01
2.825598716735839844e+01
2.821951484680175781e+01
2.804799461364746094e+01
2.798150444030761719e+01
2.832213020324707031e+01
2.800320243835449219e+01
2.721344757080078125e+01
2.740112304687500000e+01
2.743834304809570312e+01
2.815079879760742188e+01
2.825609016418457031e+01
2.826089477539062500e+01
2.917803382873535156e+01
2.957743263244628906e+01
2.821038818359375000e+01
2.775841522216796875e+01
2.730963134765625000e+01
2.669306564331054688e+01
2.720308303833007812e+01
2.737775802612304688e+01
2.657205581665039062e+01
2.689112854003906250e+01
2.759867858886718750e+01
2.872816467285156250e+01
2.854663848876953125e+01
2.756249809265136719e+01
2.703029441833496094e+01
2.729829978942871094e+01
2.748451423645019531e+01
2.676223373413085938e+01
2.642008018493652344e+01
2.730459213256835938e+01
2.961057472229003906e+01
2.987014961242675781e+01
2.874571990966796875e+01
2.857277297973632812e+01
2.688575172424316406e+01
2.637892341613769531e+01
2.802980995178222656e+01
2.988583183288574219e+01
3.088834381103515625e+01
2.949723052978515625e+01
2.866105270385742188e+01
2.868207931518554688e+01
2.873456764221191406e+01
2.910702896118164062e+01
2.859777450561523438e+01
2.843491935729980469e+01
2.822468376159667969e+01
2.769292259216308594e+01
2.745937919616699219e+01
2.761444854736328125e+01
2.749028968811035156e+01
2.717431259155273438e+01
2.781532859802246094e+01
2.889917373657226562e+01
2.885151672363281250e+01
2.787569808959960938e+01
2.870767974853515625e+01
2.854439163208007812e+01
2.792361640930175781e+01
2.687101936340332031e+01
2.703023338317871094e+01
2.805662536621093750e+01
2.801665115356445312e+01
2.708093833923339844e+01
2.654090690612792969e+01
2.677983093261718750e+01
2.722400474548339844e+01
2.791321754455566406e+01
2.773834609985351562e+01
2.834408950805664062e+01
2.829024314880371094e+01
2.768412017822265625e+01
2.826733016967773438e+01
2.952832603454589844e+01
2.947765159606933594e+01
2.817000198364257812e+01
2.712883186340332031e+01
2.784738349914550781e+01
2.756867218017578125e+01
2.715769195556640625e+01
2.768334007263183594e+01
2.782358169555664062e+01
2.698070335388183594e+01
2.676506805419921875e+01
2.714176559448242188e+01
2.717469787597656250e+01
2.779846191406250000e+01
2.873685073852539062e+01
2.831579017639160156e+01
2.778775215148925781e+01
2.735548973083496094e+01
2.779563713073730469e+01
2.811124610900878906e+01
2.825220489501953125e+01
2.851758956909179688e+01
2.861507225036621094e+01
2.909431457519531250e+01
2.849123764038085938e+01
2.809551239013671875e+01
2.766061210632324219e+01
2.732975196838378906e+01
2.749493026733398438e+01
2.682854461669921875e+01
2.520367050170898438e+01
2.504173469543457031e+01
2.644400978088378906e+01
2.721669387817382812e+01
2.730840301513671875e+01
2.636145401000976562e+01
2.625379562377929688e+01
2.708576583862304688e+01
2.693814086914062500e+01
2.775398254394531250e+01
2.771910285949707031e+01
2.790344810485839844e+01
2.815946006774902344e+01
2.757976150512695312e+01
2.698125076293945312e+01
2.628926277160644531e+01
2.436370658874511719e+01
2.366752052307128906e+01
2.464314079284667969e+01
2.602148056030273438e+01
2.564972686767578125e+01
2.648994255065917969e+01
2.704897689819335938e+01
2.745321083068847656e+01
2.624085998535156250e+01
2.515502548217773438e+01
2.512513923645019531e+01
2.585508918762207031e+01
2.805366897583007812e+01
2.868099021911621094e+01
2.834845924377441406e+01
2.739778518676757812e+01
2.751911163330078125e+01
2.736664962768554688e+01
2.763140678405761719e+01
2.810554313659667969e+01
3.042638206481933594e+01
3.092477989196777344e+01
3.098391723632812500e+01
3.015895462036132812e+01
2.874497604370117188e+01
2.801365089416503906e+01
2.856708717346191406e+01
2.963782501220703125e+01
2.938492012023925781e+01
2.949853134155273438e+01
2.983662796020507812e+01
2.932810020446777344e+01
2.754182243347167969e+01
2.730323028564453125e+01
2.813885307312011719e+01
2.855780220031738281e+01
2.798489189147949219e+01
2.720430755615234375e+01
2.547280311584472656e+01
2.532049179077148438e+01
2.643066024780273438e+01
2.668692588806152344e+01
2.623001289367675781e+01
2.684302902221679688e+01
2.663829803466796875e+01
2.680113220214843750e+01
2.672653388977050781e+01
2.654417610168457031e+01
2.611114501953125000e+01
2.559626007080078125e+01
2.562722396850585938e+01
2.618881416320800781e+01
2.638917732238769531e+01
2.681946754455566406e+01
2.694376754760742188e+01
2.720237350463867188e+01
2.739570236206054688e+01
2.682646560668945312e+01
2.568633270263671875e+01
2.535030746459960938e+01
2.592140960693359375e+01
2.683864212036132812e+01
2.668683052062988281e+01
2.775845909118652344e+01
2.743230819702148438e+01
2.691533851623535156e+01
2.603702163696289062e+01
2.463838005065917969e+01
2.501300811767578125e+01
2.707785415649414062e+01
2.699615859985351562e+01
2.511005020141601562e+01
2.594430541992187500e+01
2.706144523620605469e+01
2.656121635437011719e+01
2.590426635742187500e+01
2.548843002319335938e+01
2.670411300659179688e+01
2.683586311340332031e+01
2.745488166809082031e+01
2.704026412963867188e+01
2.643280220031738281e+01
2.596273612976074219e+01
2.606840705871582031e+01
2.579116439819335938e+01
2.563389015197753906e+01
2.511186218261718750e+01
2.508408164978027344e+01
2.503317070007324219e+01
2.478651618957519531e+01
2.462139511108398438e+01
2.499151802062988281e+01
2.562529182434082031e+01
2.661133384704589844e+01
2.709044456481933594e+01
2.677168464660644531e+01
2.566074943542480469e+01
2.527946281433105469e+01
2.434100151062011719e+01
2.421765518188476562e+01
2.566855621337890625e+01
2.601447486877441406e+01
2.504472732543945312e+01
2.455395889282226562e+01
2.436861228942871094e+01
2.408712196350097656e+01
2.472597503662109375e+01
2.575861167907714844e+01
2.623813629150390625e+01
2.669383049011230469e+01
2.663532447814941406e+01
2.611415290832519531e+01
2.540459632873535156e+01
2.419815444946289062e+01
2.375036048889160156e+01
2.484384346008300781e+01
2.457254600524902344e+01
2.399548912048339844e+01
2.468364524841308594e+01
2.522947883605957031e+01
2.506172752380371094e+01
2.440377807617187500e+01
2.412882995605468750e+01
2.398649978637695312e+01
2.390191268920898438e+01
2.427506828308105469e+01
2.385519981384277344e+01
2.350169181823730469e+01
2.401214981079101562e+01
2.480806922912597656e+01
2.614112663269042969e+01
2.633427238464355469e+01
2.605171203613281250e+01
2.591281890869140625e+01
2.459990119934082031e+01
2.414644050598144531e+01
2.513910865783691406e+01
2.518483543395996094e+01
2.501849937438964844e+01
2.436946487426757812e+01
2.466083145141601562e+01
2.446856689453125000e+01
2.449200248718261719e+01
2.462368965148925781e+01
2.442116737365722656e+01
2.489811897277832031e+01
2.458676147460937500e+01
2.357641220092773438e+01
2.367115402221679688e+01
2.364212989807128906e+01
2.437876510620117188e+01
2.546658134460449219e+01
2.551185226440429688e+01
2.473623466491699219e+01
2.398863029479980469e+01
2.313915061950683594e+01
2.361689376831054688e+01
2.435249900817871094e+01
2.460292053222656250e+01
2.335745620727539062e+01
2.277095794677734375e+01
2.297981262207031250e+01
2.294289588928222656e+01
2.318129730224609375e+01
2.412950515747070312e+01
2.464217185974121094e+01
2.400597000122070312e+01
2.395134544372558594e+01
2.405573654174804688e+01
2.408199501037597656e+01
2.387178802490234375e+01
2.311200141906738281e+01
2.254728507995605469e+01
2.334441757202148438e+01
2.322882652282714844e+01
2.130985260009765625e+01
2.153294944763183594e+01
2.226338195800781250e+01
2.258093833923339844e+01
2.335672950744628906e+01
2.391608428955078125e+01
2.343791198730468750e+01
2.285390090942382812e+01
2.345687484741210938e+01
2.336571121215820312e+01
2.313875198364257812e+01
2.275384330749511719e+01
2.235063362121582031e+01
2.306070518493652344e+01
2.367737007141113281e+01
2.384378814697265625e+01
2.422537994384765625e+01
2.372775840759277344e+01
2.255375289916992188e+01
2.165120697021484375e+01
2.093160629272460938e+01
2.183780479431152344e+01
2.308102798461914062e+01
2.305582809448242188e+01
2.294242668151855469e+01
2.288515853881835938e+01
2.311752510070800781e+01
2.298501777648925781e+01
2.259303283691406250e+01
2.214922142028808594e+01
2.184003257751464844e+01
2.268987846374511719e+01
2.265840148925781250e+01
2.220009040832519531e+01
2.194547462463378906e+01
2.133764076232910156e+01
2.137394142150878906e+01
2.207136344909667969e+01
2.232959556579589844e+01
2.168571281433105469e+01
2.110160446166992188e+01
2.117086029052734375e+01
2.112297439575195312e+01
2.048570060729980469e+01
2.022901344299316406e+01
2.090100479125976562e+01
2.125487899780273438e+01
2.108028602600097656e+01
2.094949913024902344e+01
2.143005943298339844e+01
2.226943969726562500e+01
2.307157897949218750e+01
2.331151199340820312e+01
2.326454162597656250e+01
2.213882446289062500e+01
2.157615470886230469e+01
2.133597564697265625e+01
2.125690078735351562e+01
2.082663917541503906e+01
2.035977745056152344e+01
2.066850090026855469e+01
2.147039604187011719e+01
2.121884536743164062e+01
2.107528305053710938e+01
2.116373825073242188e+01
2.098858261108398438e+01
2.097043418884277344e+01
2.087097740173339844e+01
2.023697662353515625e+01
2.046079826354980469e+01
2.030395698547363281e+01
1.964737892150878906e+01
1.914399337768554688e+01
1.941430473327636719e+01
2.031332969665527344e+01
2.086134529113769531e+01
2.087434196472167969e+01
2.079801559448242188e+01
2.089861488342285156e+01
2.134050369262695312e+01
2.181540107727050781e+01
2.163272094726562500e+01
2.130265426635742188e+01
2.132614326477050781e+01
2.102606582641601562e+01
2.121089744567871094e+01
2.083201980590820312e+01
2.035176277160644531e+01
2.064610099792480469e+01
2.042830848693847656e+01
2.014887046813964844e+01
2.052414321899414062e+01
1.995745277404785156e+01
1.994198989868164062e+01
2.007415199279785156e+01
2.068747138977050781e+01
2.056050682067871094e+01
2.099884414672851562e+01
2.022618103027343750e+01
1.928017807006835938e+01
1.940390396118164062e+01
2.019511795043945312e+01
2.028035163879394531e+01
2.041116523742675781e+01
2.126186370849609375e+01
2.128686904907226562e+01
2.062681579589843750e+01
1.921829795837402344e+01
1.915745735168457031e+01
1.962055015563964844e+01
1.908233070373535156e+01
1.897085571289062500e+01
1.910146903991699219e+01
1.936583328247070312e+01
1.954944992065429688e+01
2.068941116333007812e+01
2.111429405212402344e+01
2.037974357604980469e+01
1.986321830749511719e+01
1.900157546997070312e+01
1.916695404052734375e+01
1.944280242919921875e+01
1.970435142517089844e+01
1.920341110229492188e+01
1.897334671020507812e+01
1.850330162048339844e+01
1.878128433227539062e+01
1.910695838928222656e+01
1.943239212036132812e+01
1.977466392517089844e+01
1.943249702453613281e+01
1.953425598144531250e+01
1.933420562744140625e+01
1.873669052124023438e+01
1.823640251159667969e+01
1.923843955993652344e+01
1.978520202636718750e+01
1.933490562438964844e+01
1.847388839721679688e+01
1.832562065124511719e+01
1.868927383422851562e+01
1.860055351257324219e+01
1.843906211853027344e+01
1.841977691650390625e+01
1.891826820373535156e+01
1.919735717773437500e+01
1.883699417114257812e+01
1.837170600891113281e+01
1.797138023376464844e+01
1.789087104797363281e+01
1.789137840270996094e+01
1.810397529602050781e+01
1.904538345336914062e+01
1.921426200866699219e+01
1.840619850158691406e+01
1.810778617858886719e+01
1.836559104919433594e+01
1.856010818481445312e+01
1.830315208435058594e+01
1.850665092468261719e+01
1.884223747253417969e+01
1.815756988525390625e+01
1.789954185485839844e+01
1.755768775939941406e+01
1.785771560668945312e+01
1.824712562561035156e+01
1.822182273864746094e+01
1.840267562866210938e+01
1.872514724731445312e+01
1.885782241821289062e+01
1.865866279602050781e+01
1.847675323486328125e+01
1.773093414306640625e+01
1.761712455749511719e+01
1.810375595092773438e+01
1.833842658996582031e+01
1.786145019531250000e+01
1.831956100463867188e+01
1.879692840576171875e+01
1.862244987487792969e+01
1.780512046813964844e+01
1.801861953735351562e+01
1.801244926452636719e+01
1.794408416748046875e+01
1.790294837951660156e+01
1.811732101440429688e+01
1.836527061462402344e+01
1.880014610290527344e+01
1.888568878173828125e+01
1.837157821655273438e+01
1.872405242919921875e+01
1.871519279479980469e+01
1.847224426269531250e+01
1.831321144104003906e+01
1.854188346862792969e+01
1.852300643920898438e+01
1.773784255981445312e+01
1.723920822143554688e+01
1.774608421325683594e+01
1.778049087524414062e+01
1.679756927490234375e+01
1.655532455444335938e+01
1.691323852539062500e+01
1.716805458068847656e+01
1.739898681640625000e+01
1.712098884582519531e+01
1.733149337768554688e+01
1.754649925231933594e+01
1.791283416748046875e+01
1.765977096557617188e+01
1.790047264099121094e+01
1.757452583312988281e+01
1.711643218994140625e+01
1.674020004272460938e+01
1.680120086669921875e+01
1.673867225646972656e+01
1.703710174560546875e+01
1.768550300598144531e+01
1.785327148437500000e+01
1.742975425720214844e+01
1.633774757385253906e+01
1.652087593078613281e+01
1.690985107421875000e+01
1.718724060058593750e+01
1.674544143676757812e+01
1.646990394592285156e+01
1.689503860473632812e+01
1.682448577880859375e+01
1.661084747314453125e+01
1.593451595306396484e+01
1.677448654174804688e+01
1.726087760925292969e+01
1.781431579589843750e+01
1.735269165039062500e+01
1.702416419982910156e+01
1.659633064270019531e+01
1.705978202819824219e+01
1.785065269470214844e+01
1.831846618652343750e+01
1.782204818725585938e+01
1.745552825927734375e+01
1.744280624389648438e+01
1.767041397094726562e+01
1.808749580383300781e+01
1.849038124084472656e+01
1.799458503723144531e+01
1.759698486328125000e+01
1.743973541259765625e+01
1.691966056823730469e+01
1.607089424133300781e+01
1.596294116973876953e+01
1.624046516418457031e+01
1.667514419555664062e+01
1.709523773193359375e+01
1.733508110046386719e+01
1.710703468322753906e+01
1.666658210754394531e+01
1.700448226928710938e+01
1.731946182250976562e+01
1.693927955627441406e+01
1.658442878723144531e+01
1.683063888549804688e+01
1.680215454101562500e+01
1.667048454284667969e+01
1.651622200012207031e+01
1.644773864746093750e+01
1.596534442901611328e+01
1.655591583251953125e+01
1.656546211242675781e+01
1.639513206481933594e+01
1.594764137268066406e+01
1.592307662963867188e+01
1.631383132934570312e+01
1.587964725494384766e+01
1.638381767272949219e+01
1.669729042053222656e+01
1.657212829589843750e+01
1.585501766204833984e+01
1.538326072692871094e+01
1.560708141326904297e+01
1.615534019470214844e+01
1.658548927307128906e+01
1.655390167236328125e+01
1.633259010314941406e+01
1.573822212219238281e+01
1.579768466949462891e+01
1.592383289337158203e+01
1.569460582733154297e+01
1.512171077728271484e+01
1.489195823669433594e+01
1.514967823028564453e+01
1.507245254516601562e+01
1.507514476776123047e+01
1.542472171783447266e+01
1.525497436523437500e+01
1.534938812255859375e+01
1.565369319915771484e+01
1.594108104705810547e+01
1.591392517089843750e+01
1.592087841033935547e+01
1.583333492279052734e+01
1.543533325195312500e+01
1.543810462951660156e+01
1.626054573059082031e+01
1.665017509460449219e+01
1.583063888549804688e+01
1.596075057983398438e+01
1.592239952087402344e+01
1.602230262756347656e+01
1.527732086181640625e+01
1.504404067993164062e+01
1.489074802398681641e+01
1.512066364288330078e+01
1.530096530914306641e+01
1.528665637969970703e+01
1.508339881896972656e+01
1.469485282897949219e+01
1.482116317749023438e+01
1.553069782257080078e+01
1.512522220611572266e+01
1.490933036804199219e+01
1.543558788299560547e+01
1.588257694244384766e+01
1.608495712280273438e+01
1.609586143493652344e+01
1.599443149566650391e+01
1.644495010375976562e+01
1.646017646789550781e+01
1.593955326080322266e+01
1.524223518371582031e+01
1.463572978973388672e+01
1.467093563079833984e+01
1.512337207794189453e+01
1.485624694824218750e+01
1.502531051635742188e+01
1.526142597198486328e+01
1.485253334045410156e+01
1.467407226562500000e+01
1.503398323059082031e+01
1.481625080108642578e+01
1.429750537872314453e+01
1.475267314910888672e+01
1.527553844451904297e+01
1.611706161499023438e+01
1.550943374633789062e+01
1.484249210357666016e+01
1.512086868286132812e+01
1.527843093872070312e+01
1.505044841766357422e+01
1.495202445983886719e+01
1.522366046905517578e+01
1.598908042907714844e+01
1.618779182434082031e+01
1.544891071319580078e+01
1.508926486968994141e+01
1.546476840972900391e+01
1.593548202514648438e+01
1.620355606079101562e+01
1.574920654296875000e+01
1.491201782226562500e+01
1.448315811157226562e+01
1.434329605102539062e+01
1.422092723846435547e+01
1.456302642822265625e+01
1.523484802246093750e+01
1.575679969787597656e+01
1.563125801086425781e+01
1.524126052856445312e+01
1.489089679718017578e+01
1.492979240417480469e+01
1.432352447509765625e+01
1.459062290191650391e+01
1.550905323028564453e+01
1.604651832580566406e+01
1.584882068634033203e+01
1.541382122039794922e+01
1.523508834838867188e+01
1.499540615081787109e+01
1.502587223052978516e+01
1.525435256958007812e+01
1.545756053924560547e+01
1.551227474212646484e+01
1.544806766510009766e+01
1.541531276702880859e+01
1.530944728851318359e+01
1.526142406463623047e+01
1.502382946014404297e+01
1.447117996215820312e+01
1.420994949340820312e+01
1.486563873291015625e+01
1.557582187652587891e+01
1.591011524200439453e+01
1.552094459533691406e+01
1.561285877227783203e+01
1.528759098052978516e+01
1.497890758514404297e+01
1.474964427947998047e+01
1.490767097473144531e+01
1.492516422271728516e+01
1.456379795074462891e+01
1.391312122344970703e+01
1.382310390472412109e+01
1.390846061706542969e+01
1.375658702850341797e+01
1.371406173706054688e+01
1.337543487548828125e+01
1.354106616973876953e+01
1.373204231262207031e+01
1.408526611328125000e+01
1.482778358459472656e+01
1.527908992767333984e+01
1.545820617675781250e+01
1.506365299224853516e+01
1.451592826843261719e+01
1.403844165802001953e+01
1.398705005645751953e+01
1.434651279449462891e+01
1.425483703613281250e+01
1.442060756683349609e+01
1.480245685577392578e+01
1.463989830017089844e+01
1.418461132049560547e+01
1.386151027679443359e+01
1.395050048828125000e+01
1.407971286773681641e+01
1.433411502838134766e+01
1.407478237152099609e+01
1.442429828643798828e+01
1.469950103759765625e+01
1.472371292114257812e+01
1.431133079528808594e+01
1.411588573455810547e+01
1.391912460327148438e+01
1.349546337127685547e+01
1.379908847808837891e+01
1.424056148529052734e+01
1.462162494659423828e+01
1.442910766601562500e+01
1.405699920654296875e+01
1.423310756683349609e+01
1.511827754974365234e+01
1.530641937255859375e+01
1.489866828918457031e+01
1.477279758453369141e+01
1.450566864013671875e+01
1.394084167480468750e+01
1.390619754791259766e+01
1.392715549468994141e+01
1.447497367858886719e+01
1.443391513824462891e+01
1.426552104949951172e+01
1.430762195587158203e+01
1.413076305389404297e+01
1.447425270080566406e+01
1.432012653350830078e+01
1.418233680725097656e+01
1.443796920776367188e+01
1.458285331726074219e+01
1.492203998565673828e+01
1.467690086364746094e+01
1.483244705200195312e+01
1.491405391693115234e+01
1.458154106140136719e+01
1.432273483276367188e+01
1.426297473907470703e+01
1.399787807464599609e+01
1.343540573120117188e+01
1.364138984680175781e+01
1.433100318908691406e+01
1.445238113403320312e+01
1.429970741271972656e+01
1.429179000854492188e+01
1.437531852722167969e+01
1.441541385650634766e+01
1.436921596527099609e+01
1.381116867065429688e+01
1.383788681030273438e+01
1.422290229797363281e+01
1.475043201446533203e+01
1.536710453033447266e+01
1.524161529541015625e+01
1.496091842651367188e+01
1.434433174133300781e+01
1.463979148864746094e+01
1.457116699218750000e+01
1.443076229095458984e+01
1.427753257751464844e+01
1.427542877197265625e+01
1.428783226013183594e+01
1.361334419250488281e+01
1.323463439941406250e+01
1.366387271881103516e+01
1.399674510955810547e+01
1.401763916015625000e+01
1.420111465454101562e+01
1.406815624237060547e+01
1.381863212585449219e+01
1.388431262969970703e+01
1.419086265563964844e+01
1.459818840026855469e+01
1.453670406341552734e+01
1.434679412841796875e+01
1.399862480163574219e+01
1.425033378601074219e+01
1.374592876434326172e+01
1.334458160400390625e+01
1.329828643798828125e+01
1.397815513610839844e+01
1.398148822784423828e+01
1.409915065765380859e+01
1.472251892089843750e+01
1.475627517700195312e+01
1.421521472930908203e+01
1.386330509185791016e+01
1.399125576019287109e+01
1.446315288543701172e+01
1.455971431732177734e+01
1.387661743164062500e+01
1.332006835937500000e+01
1.343493843078613281e+01
1.387937450408935547e+01
1.415924739837646484e+01
1.418383312225341797e+01
1.376695919036865234e+01
1.395735740661621094e+01
1.423998928070068359e+01
1.435938835144042969e+01
1.471928596496582031e+01
1.474403476715087891e+01
1.386904525756835938e+01
1.296701431274414062e+01
1.318938350677490234e+01
1.392404747009277344e+01
1.375613498687744141e+01
1.352690696716308594e+01
1.319223785400390625e+01
1.351580905914306641e+01
1.382153987884521484e+01
1.431146526336669922e+01
1.431440067291259766e+01
1.413823032379150391e+01
1.423362636566162109e+01
1.423013782501220703e+01
1.459405612945556641e+01
1.485901832580566406e+01
1.537032318115234375e+01
1.526784515380859375e+01
1.476860332489013672e+01
1.438566398620605469e+01
1.432989692687988281e+01
1.443086338043212891e+01
1.466572475433349609e+01
1.444508838653564453e+01
1.341576099395751953e+01
1.304501247406005859e+01
1.394732475280761719e+01
1.458839607238769531e+01
1.447656631469726562e+01
1.418464851379394531e+01
1.453890895843505859e+01
1.473214530944824219e+01
1.469932746887207031e+01
1.472404956817626953e+01
1.445365047454833984e+01
1.415753364562988281e+01
1.458326148986816406e+01
1.480265235900878906e+01
1.451425457000732422e+01
1.448587608337402344e+01
1.516352653503417969e+01
1.511966896057128906e+01
1.478761959075927734e+01
1.364839839935302734e+01
1.332408809661865234e+01
1.356989574432373047e+01
1.448010635375976562e+01
1.485363101959228516e+01
1.513646984100341797e+01
1.464284420013427734e+01
1.443407821655273438e+01
1.411424160003662109e+01
1.387372875213623047e+01
1.372164249420166016e+01
1.410116577148437500e+01
1.436193084716796875e+01
1.394791221618652344e+01
1.377681541442871094e+01
1.366624927520751953e+01
1.409367752075195312e+01
1.420373344421386719e+01
1.435114383697509766e+01
1.441304206848144531e+01
1.432784652709960938e+01
1.427780055999755859e+01
1.405249786376953125e+01
1.373411846160888672e+01
1.370712471008300781e+01
1.325781631469726562e+01
1.373809909820556641e+01
1.418838405609130859e+01
1.432409286499023438e+01
1.415735244750976562e+01
1.394172096252441406e+01
1.416425800323486328e+01
1.451035881042480469e+01
1.483151340484619141e+01
1.458684158325195312e+01
1.380772399902343750e+01
1.363910007476806641e+01
1.417531776428222656e+01
1.446529579162597656e+01
1.430238533020019531e+01
1.441734313964843750e+01
1.435983276367187500e+01
1.364950847625732422e+01
1.379824924468994141e+01
1.426198387145996094e+01
1.445148658752441406e+01
1.431077289581298828e+01
1.414847564697265625e+01
1.393037605285644531e+01
1.392432403564453125e+01
1.386239433288574219e+01
1.404157447814941406e+01
1.377017021179199219e+01
1.379220199584960938e+01
1.422568798065185547e+01
1.447103691101074219e+01
1.412086963653564453e+01
1.416076183319091797e+01
1.401427555084228516e+01
1.397778987884521484e+01
1.413912677764892578e+01
1.436720848083496094e+01
1.401177406311035156e+01
1.370639705657958984e+01
1.348316478729248047e+01
1.396877384185791016e+01
1.417840766906738281e+01
1.433780670166015625e+01
1.460700035095214844e+01
1.489443397521972656e+01
1.472020816802978516e+01
1.444058227539062500e+01
1.424991607666015625e+01
1.412403297424316406e+01
1.407064151763916016e+01
1.404461097717285156e+01
1.443108463287353516e+01
1.468658065795898438e+01
1.469065189361572266e+01
1.447189235687255859e+01
1.408602333068847656e+01
1.431282615661621094e+01
1.413666057586669922e+01
1.427888870239257812e+01
1.402229881286621094e+01
1.378561210632324219e+01
1.375269222259521484e+01
1.450183105468750000e+01
1.495813655853271484e+01
1.489238834381103516e+01
1.421802806854248047e+01
1.398129081726074219e+01
1.446861553192138672e+01
1.484865188598632812e+01
1.481709384918212891e+01
1.491055870056152344e+01
1.484149169921875000e+01
1.466102027893066406e+01
1.480269145965576172e+01
1.445335960388183594e+01
1.453703498840332031e+01
1.477761840820312500e+01
1.501902294158935547e+01
1.446871757507324219e+01
1.411336040496826172e+01
1.365407657623291016e+01
1.370247840881347656e+01
1.388572502136230469e+01
1.441965198516845703e+01
1.494349193572998047e+01
1.462226009368896484e+01
1.366912174224853516e+01
1.362722587585449219e+01
1.416351890563964844e+01
1.462665748596191406e+01
1.450896644592285156e+01
1.472923564910888672e+01
1.423186397552490234e+01
1.367769908905029297e+01
1.367892837524414062e+01
1.375583076477050781e+01
1.376587009429931641e+01
1.396858406066894531e+01
1.423450756072998047e+01
1.442175388336181641e+01
1.446693038940429688e+01
1.371256065368652344e+01
1.353641033172607422e+01
1.396716785430908203e+01
1.433604717254638672e+01
1.446200656890869141e+01
1.441058444976806641e+01
1.462936019897460938e+01
1.415237808227539062e+01
1.417644023895263672e+01
1.411058902740478516e+01
1.438907718658447266e+01
1.466213512420654297e+01
1.444719028472900391e+01
1.450993824005126953e+01
1.468420410156250000e+01
1.491432189941406250e+01
1.452097892761230469e+01
1.450198554992675781e+01
1.495755958557128906e+01
1.489917278289794922e+01
1.431806850433349609e+01
1.436035060882568359e+01
1.476103878021240234e+01
1.471886730194091797e+01
1.430405616760253906e+01
1.387542247772216797e+01
1.431892490386962891e+01
1.424426937103271484e+01
1.421472167968750000e+01
1.386792469024658203e+01
1.401048660278320312e+01
1.415833950042724609e+01
1.436488723754882812e+01
1.423564338684082031e+01
1.421275997161865234e+01
1.463665866851806641e+01
1.435986709594726562e+01
1.449525547027587891e+01
1.452424335479736328e+01
1.405595588684082031e+01
1.353870296478271484e+01
1.371919441223144531e+01
1.388514518737792969e+01
1.416341876983642578e+01
1.411109733581542969e+01
1.458600425720214844e+01
1.488409900665283203e+01
1.478726100921630859e+01
1.447928524017333984e+01
1.413313102722167969e+01
1.384010028839111328e+01
1.408507156372070312e+01
1.392900466918945312e+01
1.341763019561767578e+01
1.373013401031494141e+01
1.399976921081542969e+01
1.451611137390136719e+01
1.428998565673828125e+01
1.417636013031005859e+01
1.362154102325439453e+01
1.354379081726074219e+01
1.361755847930908203e+01
1.419928741455078125e+01
1.336429882049560547e+01
1.310210132598876953e+01
1.360969829559326172e+01
1.454482746124267578e+01
1.472728252410888672e+01
1.467542552947998047e+01
1.473146438598632812e+01
1.451493549346923828e+01
1.426091957092285156e+01
1.410863971710205078e+01
1.418095874786376953e+01
1.400184249877929688e+01
1.357077884674072266e+01
1.322797203063964844e+01
1.291960334777832031e+01
1.346448993682861328e+01
1.424127960205078125e+01
1.419821834564208984e+01
1.386615753173828125e+01
1.376616764068603516e+01
1.335505199432373047e+01
1.264262962341308594e+01
1.259996795654296875e+01
1.336688423156738281e+01
1.402414321899414062e+01
1.399763202667236328e+01
1.440954780578613281e+01
1.436805343627929688e+01
1.367968750000000000e+01
1.341262340545654297e+01
1.365998268127441406e+01
1.368134784698486328e+01
1.319500827789306641e+01
1.280839920043945312e+01
1.280833625793457031e+01
1.309846973419189453e+01
1.347290515899658203e+01
1.378373432159423828e+01
1.395908164978027344e+01
1.396454906463623047e+01
1.321776390075683594e+01
1.353459453582763672e+01
1.384422397613525391e+01
1.389360141754150391e+01
1.347527408599853516e+01
1.318158626556396484e+01
1.308499526977539062e+01
1.322005176544189453e+01
1.375233078002929688e+01
1.331647777557373047e+01
1.301752376556396484e+01
1.279036617279052734e+01
1.265850162506103516e+01
1.330846881866455078e+01
1.413462829589843750e+01
1.435150527954101562e+01
1.373432159423828125e+01
1.268546104431152344e+01
1.240810108184814453e+01
1.255402183532714844e+01
1.297600936889648438e+01
1.293836688995361328e+01
1.274588012695312500e+01
1.280745983123779297e+01
1.297093868255615234e+01
1.293583774566650391e+01
1.323139667510986328e+01
1.328359985351562500e+01
1.322964000701904297e+01
1.320882606506347656e+01
1.348275089263916016e+01
1.356480503082275391e+01
1.380666351318359375e+01
1.371167850494384766e+01
1.360916709899902344e+01
1.314980411529541016e+01
1.318011569976806641e+01
1.349792194366455078e+01
1.328084564208984375e+01
1.276957416534423828e+01
1.267587661743164062e+01
1.264624786376953125e+01
1.258518791198730469e+01
1.251657104492187500e+01
1.270613479614257812e+01
1.314885044097900391e+01
1.295356559753417969e+01
1.280722522735595703e+01
1.308393573760986328e+01
1.329214763641357422e+01
1.283414745330810547e+01
1.287223052978515625e+01
1.249254703521728516e+01
1.277620315551757812e+01
1.295353794097900391e+01
1.357260704040527344e+01
1.394166278839111328e+01
1.409125995635986328e+01
1.398689365386962891e+01
1.386837005615234375e+01
1.346257781982421875e+01
1.372141933441162109e+01
1.352819728851318359e+01
1.353442287445068359e+01
1.322167778015136719e+01
1.286536026000976562e+01
1.297373294830322266e+01
1.311909866333007812e+01
1.308400917053222656e+01
1.320678997039794922e+01
1.328659439086914062e+01
1.299941158294677734e+01
1.289361572265625000e+01
1.336708736419677734e+01
1.394570159912109375e+01
1.391977787017822266e+01
1.314481449127197266e+01
1.323373985290527344e+01
1.305658912658691406e+01
1.346140098571777344e+01
1.337033843994140625e+01
1.291831588745117188e+01
1.269191265106201172e+01
1.283509635925292969e+01
1.317855453491210938e+01
1.319564247131347656e+01
1.262963199615478516e+01
1.264701080322265625e+01
1.274821567535400391e+01
1.309471893310546875e+01
1.310619449615478516e+01
1.327669715881347656e+01
1.314886379241943359e+01
1.351921653747558594e+01
1.319791984558105469e+01
1.294843673706054688e+01
1.273299217224121094e+01
1.242406463623046875e+01
1.253736972808837891e+01
1.294199085235595703e+01
1.299640178680419922e+01
1.313009166717529297e+01
1.326411342620849609e+01
1.370774364471435547e+01
1.353161811828613281e+01
1.331330394744873047e+01
1.303541469573974609e+01
1.283992004394531250e+01
1.295147323608398438e+01
1.315046310424804688e+01
1.324411106109619141e+01
1.334867858886718750e+01
1.314261150360107422e+01
1.317689895629882812e+01
1.321621608734130859e+01
1.367200565338134766e+01
1.339692783355712891e+01
1.320548915863037109e+01
1.287036895751953125e+01
1.273276519775390625e+01
1.308475971221923828e+01
1.319370937347412109e+01
1.312336158752441406e+01
1.285752582550048828e+01
1.264016437530517578e+01
1.247629547119140625e+01
1.262207221984863281e+01
1.275089359283447266e+01
1.321758842468261719e+01
1.326615047454833984e+01
1.319353485107421875e+01
1.306548595428466797e+01
1.275837039947509766e+01
1.246858406066894531e+01
1.211283206939697266e+01
1.246164608001708984e+01
1.265831375122070312e+01
1.338646125793457031e+01
1.321677494049072266e+01
1.313335323333740234e+01
1.301420307159423828e+01
1.314899635314941406e+01
1.305013847351074219e+01
1.335421657562255859e+01
1.358438014984130859e+01
1.352635574340820312e+01
1.299030971527099609e+01
1.284795856475830078e+01
1.313814830780029297e+01
1.306269454956054688e+01
1.301928138732910156e+01
1.299512672424316406e+01
1.296254348754882812e+01
1.288677883148193359e+01
1.269170379638671875e+01
1.242883777618408203e+01
1.213285923004150391e+01
1.235361289978027344e+01
1.291307258605957031e+01
1.347793483734130859e+01
1.331716442108154297e+01
1.274846363067626953e+01
1.278599262237548828e+01
1.331357765197753906e+01
1.339189052581787109e+01
1.319620513916015625e+01
1.299135303497314453e+01
1.288229465484619141e+01
1.309138774871826172e+01
1.285186004638671875e+01
1.260272407531738281e+01
1.252016353607177734e+01
1.313575649261474609e+01
1.318839550018310547e+01
1.283996772766113281e+01
1.279099941253662109e+01
1.269039630889892578e+01
1.313175392150878906e+01
1.272289466857910156e+01
1.243206405639648438e+01
1.259068393707275391e+01
1.312957572937011719e+01
1.334054470062255859e+01
1.307900142669677734e+01
1.299201107025146484e+01
1.280086803436279297e+01
1.262090015411376953e+01
1.237482547760009766e+01
1.264383029937744141e+01
1.306225681304931641e+01
1.275209236145019531e+01
1.262548732757568359e+01
1.294807338714599609e+01
1.278227424621582031e+01
1.226145362854003906e+01
1.252272224426269531e+01
1.297275352478027344e+01
1.287624073028564453e+01
1.232797527313232422e+01
1.233422279357910156e+01
1.269366455078125000e+01
1.284710884094238281e+01
1.312452125549316406e+01
1.304413890838623047e+01
1.292225360870361328e+01
1.289096355438232422e+01
1.285875511169433594e+01
1.301557731628417969e+01
1.335682964324951172e+01
1.345118904113769531e+01
1.310181808471679688e+01
1.325897312164306641e+01
1.372625923156738281e+01
1.356553745269775391e+01
1.305963420867919922e+01
1.266473293304443359e+01
1.282190704345703125e+01
1.348072338104248047e+01
1.353341770172119141e+01
1.313941860198974609e+01
1.284724140167236328e+01
1.307420539855957031e+01
1.307937335968017578e+01
1.257357120513916016e+01
1.209776306152343750e+01
1.255622863769531250e+01
1.281333351135253906e+01
1.276700401306152344e+01
1.275918674468994141e+01
1.290806007385253906e+01
1.297506618499755859e+01
1.307864856719970703e+01
1.342090797424316406e+01
1.358958530426025391e+01
1.328257560729980469e+01
1.240058994293212891e+01
1.213355255126953125e+01
1.241546535491943359e+01
1.296811485290527344e+01
1.337053108215332031e+01
1.334444808959960938e+01
1.323758697509765625e+01
1.330996513366699219e+01
1.370310401916503906e+01
1.346784114837646484e+01
1.322421264648437500e+01
1.312346935272216797e+01
1.326439952850341797e+01
1.360463237762451172e+01
1.357586860656738281e+01
1.348707294464111328e+01
1.336353778839111328e+01
1.311782360076904297e+01
1.329364395141601562e+01
1.308308792114257812e+01
1.306098079681396484e+01
1.291878986358642578e+01
1.310104465484619141e+01
1.314055156707763672e+01
1.292311668395996094e+01
1.296139717102050781e+01
1.331627368927001953e+01
1.362945079803466797e+01
1.287471485137939453e+01
1.276844024658203125e+01
1.239534950256347656e+01
1.256036949157714844e+01
1.219538784027099609e+01
1.202634048461914062e+01
1.190356922149658203e+01
1.238156890869140625e+01
1.271965599060058594e+01
1.250507831573486328e+01
1.253939819335937500e+01
1.248490142822265625e+01
1.231988048553466797e+01
1.264265537261962891e+01
1.265670013427734375e+01
1.285832214355468750e+01
1.265888404846191406e+01
1.256825542449951172e+01
1.220011138916015625e+01
1.194790267944335938e+01
1.192381763458251953e+01
1.224681663513183594e+01
1.251836967468261719e+01
1.210097408294677734e+01
1.207155704498291016e+01
1.225811958312988281e+01
1.274599838256835938e+01
1.222910881042480469e+01
1.199610900878906250e+01
1.182686042785644531e+01
1.167459106445312500e+01
1.169311618804931641e+01
1.242094993591308594e+01
1.281701660156250000e+01
1.257451629638671875e+01
1.199858760833740234e+01
1.159689807891845703e+01
1.201670837402343750e+01
1.257832908630371094e+01
1.326599693298339844e+01
1.312130260467529297e+01
1.309180927276611328e+01
1.286733913421630859e+01
1.295245361328125000e+01
1.322599601745605469e+01
1.368689155578613281e+01
1.327236557006835938e+01
1.268455219268798828e+01
1.237936401367187500e+01
1.235194778442382812e+01
1.207189273834228516e+01
1.171778488159179688e+01
1.168896579742431641e+01
1.247434043884277344e+01
1.289369392395019531e+01
1.229882621765136719e+01
1.172287082672119141e+01
1.198684120178222656e+01
1.250686168670654297e+01
1.246469688415527344e+01
1.293920326232910156e+01
1.249733161926269531e+01
1.181787014007568359e+01
1.104392337799072266e+01
1.111807918548583984e+01
1.143956375122070312e+01
1.195507907867431641e+01
1.222187709808349609e+01
1.228034305572509766e+01
1.263336467742919922e+01
1.286888790130615234e+01
1.324469757080078125e+01
1.302254867553710938e+01
1.288648986816406250e+01
1.272959232330322266e+01
1.248879909515380859e+01
1.235226631164550781e+01
1.237646675109863281e+01
1.247316360473632812e+01
1.210084533691406250e+01
1.166606616973876953e+01
1.166396331787109375e+01
1.213306045532226562e+01
1.243976688385009766e+01
1.181327438354492188e+01
1.155255126953125000e+01
1.175965118408203125e+01
1.192089462280273438e+01
1.163369083404541016e+01
1.159322929382324219e+01
1.179912853240966797e+01
1.229748344421386719e+01
1.260539627075195312e+01
1.240004730224609375e+01
1.195121288299560547e+01
1.123407459259033203e+01
1.185911464691162109e+01
1.251432228088378906e+01
1.342640972137451172e+01
1.342922019958496094e+01
1.315185165405273438e+01
1.254463386535644531e+01
1.209203147888183594e+01
1.213688564300537109e+01
1.226006984710693359e+01
1.304002380371093750e+01
1.304885864257812500e+01
1.267216205596923828e+01
1.194582271575927734e+01
1.158187389373779297e+01
1.183999729156494141e+01
1.223569583892822266e+01
1.209170055389404297e+01
1.155286884307861328e+01
1.104652023315429688e+01
1.160636997222900391e+01
1.232167339324951172e+01
1.299389743804931641e+01
1.284776687622070312e+01
1.310881423950195312e+01
1.259768009185791016e+01
1.274458026885986328e+01
1.259069156646728516e+01
1.261305332183837891e+01
1.292361068725585938e+01
1.241693210601806641e+01
1.226501560211181641e+01
1.161258029937744141e+01
1.147365379333496094e+01
1.116865921020507812e+01
1.188537406921386719e+01
1.272196388244628906e+01
1.372294616699218750e+01
1.334254932403564453e+01
1.265194511413574219e+01
1.199656963348388672e+01
1.138250064849853516e+01
1.144286441802978516e+01
1.178871726989746094e+01
1.165314865112304688e+01
1.109514141082763672e+01
1.092913532257080078e+01
1.128647232055664062e+01
1.175234603881835938e+01
1.238635540008544922e+01
1.279860401153564453e+01
1.297783088684082031e+01
1.265479946136474609e+01
1.196308040618896484e+01
1.154017639160156250e+01
1.146051025390625000e+01
1.174220943450927734e+01
1.174481773376464844e+01
1.215146923065185547e+01
1.218090343475341797e+01
1.210985183715820312e+01
1.168748760223388672e+01
1.127874946594238281e+01
1.105092906951904297e+01
1.208740425109863281e+01
1.240225124359130859e+01
1.237200832366943359e+01
1.192565631866455078e+01
1.276347923278808594e+01
1.371469020843505859e+01
1.382855224609375000e+01
1.253989410400390625e+01
1.153131103515625000e+01
1.183288860321044922e+01
1.194522762298583984e+01
1.220208835601806641e+01
1.221664524078369141e+01
1.233178997039794922e+01
1.199108314514160156e+01
1.190721416473388672e+01
1.251339435577392578e+01
1.252642059326171875e+01
1.247230720520019531e+01
1.185571289062500000e+01
1.280576801300048828e+01
1.281115245819091797e+01
1.272862339019775391e+01
1.151885032653808594e+01
1.130431175231933594e+01
1.166695499420166016e+01
1.250491428375244141e+01
1.284809589385986328e+01
1.246865749359130859e+01
1.174466705322265625e+01
1.146908950805664062e+01
1.178155994415283203e+01
1.211470222473144531e+01
1.280193901062011719e+01
1.239633750915527344e+01
1.232544040679931641e+01
1.230030918121337891e+01
1.248996829986572266e+01
1.258243083953857422e+01
1.246956825256347656e+01
1.232977962493896484e+01
1.215060615539550781e+01
1.235203838348388672e+01
1.290361404418945312e+01
1.329374408721923828e+01
1.278256320953369141e+01
1.243648815155029297e+01
1.171150779724121094e+01
1.206595993041992188e+01
1.226801300048828125e+01
1.228135776519775391e+01
1.154786968231201172e+01
1.131945800781250000e+01
1.160103225708007812e+01
1.219376182556152344e+01
1.211313438415527344e+01
1.228500747680664062e+01
1.225269317626953125e+01
1.263148593902587891e+01
1.277438449859619141e+01
1.289120864868164062e+01
1.276821994781494141e+01
1.301522159576416016e+01
1.344964599609375000e+01
1.406289672851562500e+01
1.311494541168212891e+01
1.297935390472412109e+01
1.185281848907470703e+01
1.176811218261718750e+01
1.115279102325439453e+01
1.137057399749755859e+01
1.161644840240478516e+01
1.162789726257324219e+01
1.149374389648437500e+01
1.186645317077636719e+01
1.228539276123046875e+01
1.204834365844726562e+01
1.141599178314208984e+01
1.184079742431640625e+01
1.186496829986572266e+01
1.229738044738769531e+01
1.136495876312255859e+01
1.176466369628906250e+01
1.206259059906005859e+01
1.224249744415283203e+01
1.209930515289306641e+01
1.142307281494140625e+01
1.147686672210693359e+01
1.161379051208496094e+01
1.156021499633789062e+01
1.138359737396240234e+01
1.177894401550292969e+01
1.236349964141845703e+01
1.269106578826904297e+01
1.259361553192138672e+01
1.333089637756347656e+01
1.326079082489013672e+01
1.305668258666992188e+01
1.197131633758544922e+01
1.238261795043945312e+01
1.207220458984375000e+01
1.170316123962402344e+01
1.114638137817382812e+01
1.098024082183837891e+01
1.189093494415283203e+01
1.227321052551269531e+01
1.228785610198974609e+01
1.220279216766357422e+01
1.237069034576416016e+01
1.221154689788818359e+01
1.233913326263427734e+01
1.278304767608642578e+01
1.332010555267333984e+01
1.259406852722167969e+01
1.125591373443603516e+01
1.051836872100830078e+01
1.043108272552490234e+01
1.153037548065185547e+01
1.200149822235107422e+01
1.243747901916503906e+01
1.162803077697753906e+01
1.137689208984375000e+01
1.081983375549316406e+01
1.115596771240234375e+01
1.127745056152343750e+01
1.232563591003417969e+01
1.263409996032714844e+01
1.275498580932617188e+01
1.287503242492675781e+01
1.296349525451660156e+01
1.325416374206542969e+01
1.299391269683837891e+01
1.360696411132812500e+01
1.380009841918945312e+01
1.287787914276123047e+01
1.159587097167968750e+01
1.082943820953369141e+01
1.217915534973144531e+01
1.356717205047607422e+01
1.442486572265625000e+01
1.477313709259033203e+01
1.400223445892333984e+01
1.294649505615234375e+01
1.148352527618408203e+01
1.089567089080810547e+01
1.117589569091796875e+01
1.265271568298339844e+01
1.314232635498046875e+01
1.307352161407470703e+01
1.263928413391113281e+01
1.356760215759277344e+01
1.352214527130126953e+01
1.210537910461425781e+01
1.105851745605468750e+01
1.089796161651611328e+01
1.179000759124755859e+01
1.242429065704345703e+01
1.304903984069824219e+01
1.296386623382568359e+01
1.272636985778808594e+01
1.272422790527343750e+01
1.301108360290527344e+01
1.264657783508300781e+01
1.175079441070556641e+01
1.107810115814208984e+01
1.112653160095214844e+01
1.182435894012451172e+01
1.231279754638671875e+01
1.209748935699462891e+01
1.266326999664306641e+01
1.335025596618652344e+01
1.430813789367675781e+01
1.402318477630615234e+01
1.302222728729248047e+01
1.215657138824462891e+01
1.149604225158691406e+01
1.175033283233642578e+01
1.175452327728271484e+01
1.239047431945800781e+01
1.251266479492187500e+01
1.157688426971435547e+01
1.071742248535156250e+01
1.111961841583251953e+01
1.334914493560791016e+01
1.409100151062011719e+01
1.357966423034667969e+01
1.297191047668457031e+01
1.213348388671875000e+01
1.252822780609130859e+01
1.229483222961425781e+01
1.119736766815185547e+01
1.076235675811767578e+01
1.316753959655761719e+01
1.575432872772216797e+01
1.572614097595214844e+01
1.281379985809326172e+01
1.078727340698242188e+01
9.859912872314453125e+00
1.041339302062988281e+01
1.059097671508789062e+01
1.076540088653564453e+01
1.124985980987548828e+01
1.192572593688964844e+01
1.218611621856689453e+01
1.257695198059082031e+01
1.171098613739013672e+01
1.187787151336669922e+01
1.137784099578857422e+01
1.184490203857421875e+01
1.187263488769531250e+01
1.281051445007324219e+01
1.339293861389160156e+01
1.292335319519042969e+01
1.110050868988037109e+01
1.142286682128906250e+01
1.310202026367187500e+01
1.402051448822021484e+01
1.374221038818359375e+01
1.304156589508056641e+01
1.401818561553955078e+01
1.357785415649414062e+01
1.395409202575683594e+01
1.381140232086181641e+01
1.379433917999267578e+01
1.307440853118896484e+01
1.259005355834960938e+01
1.400330638885498047e+01
1.500666332244873047e+01
1.581170940399169922e+01
1.454950809478759766e+01
1.392482662200927734e+01
1.284123992919921875e+01
1.340983867645263672e+01
1.373791027069091797e+01
1.311230468750000000e+01
1.311431884765625000e+01
1.167897129058837891e+01
1.252561187744140625e+01
1.218928527832031250e+01
1.098478698730468750e+01
9.265571594238281250e+00
1.011423683166503906e+01
1.093394279479980469e+01
9.955687522888183594e+00
8.571065902709960938e+00
1.065845775604248047e+01
1.165661239624023438e+01
1.311171436309814453e+01
1.158029937744140625e+01
1.197745132446289062e+01
1.177067661285400391e+01
1.341807174682617188e+01
1.344871520996093750e+01
1.026749420166015625e+01
1.109516334533691406e+01
1.344544792175292969e+01
1.462173557281494141e+01
1.086389064788818359e+01
1.138690662384033203e+01
1.383367633819580078e+01
1.270514106750488281e+01
8.251881599426269531e+00
9.729116439819335938e+00
1.395597934722900391e+01
1.673627853393554688e+01
1.325116729736328125e+01
8.126607894897460938e+00
1.148290729522705078e+01
6.282165050506591797e+00
1.702871704101562500e+01
1.602513122558593750e+01
1.565963077545166016e+01
2.064626455307006836e+00
2.292690753936767578e+00
3.118842124938964844e+00
3.283793926239013672e+00
1.950239300727844238e+00
1.157273173332214355e+00
2.194725990295410156e+00
9.505823135375976562e+00
2.025293922424316406e+01
2.073241233825683594e+01
1.571487331390380859e+01
2.708506107330322266e+00
nan
nan
nan
nan
nan
nan
nan
nan
nan
nan
