nan
nan
nan
nan
nan
nan
nan
nan
nan
nan
nan
nan
nan
nan
nan
nan
nan
nan
nan
nan
nan
nan
nan
3.734935760498046875e+01
3.471334838867187500e+01
4.344222259521484375e+01
5.574811172485351562e+01
6.241196823120117188e+01
6.474057006835937500e+01
6.014559936523437500e+01
7.216083526611328125e+01
9.342475891113281250e+01
8.292328643798828125e+01
7.022388458251953125e+01
6.881062316894531250e+01
6.328023529052734375e+01
5.926060104370117188e+01
5.871899414062500000e+01
5.754864501953125000e+01
5.451523590087890625e+01
5.134358596801757812e+01
4.915226745605468750e+01
5.126731109619140625e+01
5.763868331909179688e+01
5.584580612182617188e+01
4.939039611816406250e+01
5.052899932861328125e+01
5.387663650512695312e+01
5.626339721679687500e+01
5.572132873535156250e+01
5.653993988037109375e+01
5.508209228515625000e+01
5.464182662963867188e+01
5.147915267944335938e+01
4.806053161621093750e+01
4.695542144775390625e+01
4.841231155395507812e+01
5.273223495483398438e+01
5.567473602294921875e+01
5.514084625244140625e+01
5.331213378906250000e+01
5.097007369995117188e+01
4.878816986083984375e+01
5.329292297363281250e+01
5.965937423706054688e+01
5.983602142333984375e+01
5.692748260498046875e+01
5.563222122192382812e+01
5.461875152587890625e+01
5.244164657592773438e+01
5.209282302856445312e+01
5.160053634643554688e+01
5.483007812500000000e+01
5.912470626831054688e+01
6.185233688354492188e+01
5.902457046508789062e+01
5.577137374877929688e+01
5.672076797485351562e+01
5.883307647705078125e+01
5.886019134521484375e+01
5.644862365722656250e+01
5.593826675415039062e+01
5.680590057373046875e+01
5.847167205810546875e+01
5.721072006225585938e+01
5.701212692260742188e+01
5.535762786865234375e+01
5.515664291381835938e+01
5.721313476562500000e+01
5.820064163208007812e+01
5.555059814453125000e+01
5.424111557006835938e+01
5.356954574584960938e+01
5.673626708984375000e+01
5.919939041137695312e+01
6.133977508544921875e+01
5.971290588378906250e+01
5.809693145751953125e+01
5.952744674682617188e+01
6.009014511108398438e+01
6.113183593750000000e+01
5.946405029296875000e+01
5.891492080688476562e+01
5.894608306884765625e+01
6.226840209960937500e+01
6.017715454101562500e+01
5.783883666992187500e+01
5.813613510131835938e+01
6.044952774047851562e+01
6.187754821777343750e+01
6.206430816650390625e+01
6.131721878051757812e+01
6.061038208007812500e+01
6.013917922973632812e+01
6.216912460327148438e+01
6.315899276733398438e+01
6.306520843505859375e+01
6.327412414550781250e+01
6.365898132324218750e+01
6.203338241577148438e+01
6.359079742431640625e+01
6.357111740112304688e+01
6.278030776977539062e+01
6.019512939453125000e+01
5.913636016845703125e+01
5.926969528198242188e+01
6.182169723510742188e+01
6.540703582763671875e+01
6.584368896484375000e+01
6.618600463867187500e+01
6.598837280273437500e+01
6.426103210449218750e+01
6.098767852783203125e+01
6.282011795043945312e+01
6.550028991699218750e+01
6.556604003906250000e+01
6.456169128417968750e+01
6.345652008056640625e+01
6.507967376708984375e+01
6.381308364868164062e+01
6.305636978149414062e+01
6.383088302612304688e+01
6.289812469482421875e+01
6.202146148681640625e+01
6.166791152954101562e+01
6.336362838745117188e+01
6.470175933837890625e+01
6.657300567626953125e+01
6.661389160156250000e+01
6.586399078369140625e+01
6.489636230468750000e+01
6.412911987304687500e+01
6.356984329223632812e+01
6.310705947875976562e+01
6.381451797485351562e+01
6.218500900268554688e+01
6.426719665527343750e+01
6.543820953369140625e+01
6.724588012695312500e+01
6.462311553955078125e+01
6.186351394653320312e+01
6.477480316162109375e+01
6.550760650634765625e+01
6.707582092285156250e+01
6.684473419189453125e+01
6.719751739501953125e+01
6.788140869140625000e+01
6.928131103515625000e+01
6.981327819824218750e+01
6.868025970458984375e+01
6.817828369140625000e+01
6.837997436523437500e+01
6.674798583984375000e+01
6.575045013427734375e+01
6.564241027832031250e+01
6.526203918457031250e+01
6.488941192626953125e+01
6.367397689819335938e+01
6.259071350097656250e+01
6.238553237915039062e+01
6.146809768676757812e+01
6.110127639770507812e+01
6.036177825927734375e+01
6.323855972290039062e+01
6.449907684326171875e+01
6.311475372314453125e+01
6.118664932250976562e+01
6.171932601928710938e+01
6.452798461914062500e+01
6.533911895751953125e+01
6.587113189697265625e+01
6.812418365478515625e+01
6.656114959716796875e+01
6.677140045166015625e+01
6.670075225830078125e+01
6.615433502197265625e+01
6.720551300048828125e+01
6.801022338867187500e+01
6.665956115722656250e+01
6.533454895019531250e+01
6.475004577636718750e+01
6.503061676025390625e+01
6.497085571289062500e+01
6.654420471191406250e+01
6.792419433593750000e+01
6.914506530761718750e+01
6.882589721679687500e+01
6.496464538574218750e+01
6.410820770263671875e+01
6.361946105957031250e+01
6.400238037109375000e+01
6.638416290283203125e+01
6.742859649658203125e+01
6.674531555175781250e+01
6.528199005126953125e+01
6.369189834594726562e+01
6.520280456542968750e+01
6.794065856933593750e+01
6.933874511718750000e+01
6.839428710937500000e+01
6.604816436767578125e+01
6.514145660400390625e+01
6.418270111083984375e+01
6.480731201171875000e+01
6.446559143066406250e+01
6.496361541748046875e+01
6.309210968017578125e+01
6.284150695800781250e+01
6.391054916381835938e+01
6.335640335083007812e+01
6.381130599975585938e+01
6.441685485839843750e+01
6.448773193359375000e+01
6.434994506835937500e+01
6.341714477539062500e+01
6.375097274780273438e+01
6.355286788940429688e+01
6.370725250244140625e+01
6.373736190795898438e+01
6.339106369018554688e+01
6.441223907470703125e+01
6.267343139648437500e+01
6.186533355712890625e+01
5.972317886352539062e+01
5.943741607666015625e+01
6.112487411499023438e+01
6.278248214721679688e+01
6.525901794433593750e+01
6.655500030517578125e+01
6.489910888671875000e+01
6.262108993530273438e+01
6.293522262573242188e+01
6.497873687744140625e+01
6.690865325927734375e+01
6.462892913818359375e+01
6.471661376953125000e+01
6.470354461669921875e+01
6.565273284912109375e+01
6.537490081787109375e+01
6.459405517578125000e+01
6.351143264770507812e+01
6.280368423461914062e+01
6.266967773437500000e+01
6.379898834228515625e+01
6.338230514526367188e+01
6.248633956909179688e+01
6.328928375244140625e+01
6.666541290283203125e+01
6.716281890869140625e+01
6.546920013427734375e+01
6.291153335571289062e+01
6.220960998535156250e+01
6.155859756469726562e+01
6.216206741333007812e+01
6.254114532470703125e+01
6.298431396484375000e+01
6.199080276489257812e+01
6.091069412231445312e+01
6.062036132812500000e+01
6.344069671630859375e+01
6.636424255371093750e+01
6.623114776611328125e+01
6.474634552001953125e+01
6.471392059326171875e+01
6.571802520751953125e+01
6.650885772705078125e+01
6.595149993896484375e+01
6.471038818359375000e+01
6.345400619506835938e+01
6.380901718139648438e+01
6.478777313232421875e+01
6.462117004394531250e+01
6.320243072509765625e+01
6.202785491943359375e+01
6.316673660278320312e+01
6.360534667968750000e+01
6.455756378173828125e+01
6.448355865478515625e+01
6.377219009399414062e+01
6.376968002319335938e+01
6.358418273925781250e+01
6.347189331054687500e+01
6.298563003540039062e+01
6.441076660156250000e+01
6.389182662963867188e+01
6.433861541748046875e+01
6.358618164062500000e+01
6.477856445312500000e+01
6.358280181884765625e+01
6.198553848266601562e+01
6.136920928955078125e+01
6.176080322265625000e+01
6.155231094360351562e+01
6.255058288574218750e+01
6.382709884643554688e+01
6.592186737060546875e+01
6.785087585449218750e+01
6.634202575683593750e+01
6.425804901123046875e+01
6.312608337402343750e+01
6.412718200683593750e+01
6.680416870117187500e+01
6.739041137695312500e+01
6.505181121826171875e+01
6.408259582519531250e+01
6.486209869384765625e+01
6.584458160400390625e+01
6.662730407714843750e+01
6.706266021728515625e+01
6.544142913818359375e+01
6.348388671875000000e+01
6.397595596313476562e+01
6.502217864990234375e+01
6.490808105468750000e+01
6.329985046386718750e+01
6.198978042602539062e+01
6.179457855224609375e+01
6.285462951660156250e+01
6.417673492431640625e+01
6.322332000732421875e+01
6.230226135253906250e+01
6.214730453491210938e+01
6.286859130859375000e+01
6.334657287597656250e+01
6.305986785888671875e+01
6.197562026977539062e+01
6.322872543334960938e+01
6.285828018188476562e+01
6.136071777343750000e+01
6.035758590698242188e+01
5.969602966308593750e+01
5.935700988769531250e+01
5.848324584960937500e+01
5.905548095703125000e+01
6.031234741210937500e+01
6.144901275634765625e+01
6.188485717773437500e+01
6.167795562744140625e+01
6.018524932861328125e+01
6.023162078857421875e+01
6.111667251586914062e+01
6.068812179565429688e+01
5.894374847412109375e+01
5.923440170288085938e+01
6.057397460937500000e+01
6.062064361572265625e+01
6.069381713867187500e+01
6.035868072509765625e+01
6.087882232666015625e+01
6.009467697143554688e+01
5.957809448242187500e+01
6.100155258178710938e+01
6.153942489624023438e+01
6.086206054687500000e+01
5.932357406616210938e+01
5.808380508422851562e+01
5.799905776977539062e+01
5.820442199707031250e+01
5.907669830322265625e+01
5.969026565551757812e+01
5.990888595581054688e+01
5.837626647949218750e+01
5.625057220458984375e+01
5.524291610717773438e+01
5.668710327148437500e+01
5.791392898559570312e+01
5.767332839965820312e+01
5.680754470825195312e+01
5.610288619995117188e+01
5.797399139404296875e+01
5.928872299194335938e+01
5.860672760009765625e+01
5.768984603881835938e+01
5.716447448730468750e+01
5.768081665039062500e+01
5.794948196411132812e+01
5.795232009887695312e+01
5.727558517456054688e+01
5.599716186523437500e+01
5.605482864379882812e+01
5.646354293823242188e+01
5.687100601196289062e+01
5.740582656860351562e+01
5.839216232299804688e+01
5.941054153442382812e+01
5.907372665405273438e+01
5.741217041015625000e+01
5.700948333740234375e+01
5.618090438842773438e+01
5.561493682861328125e+01
5.592720413208007812e+01
5.596828079223632812e+01
5.693952941894531250e+01
5.698065185546875000e+01
5.613460159301757812e+01
5.564406967163085938e+01
5.643457794189453125e+01
5.579234695434570312e+01
5.589342117309570312e+01
5.494876480102539062e+01
5.332541656494140625e+01
5.311696243286132812e+01
5.634699630737304688e+01
5.746369552612304688e+01
5.627510070800781250e+01
5.585451507568359375e+01
5.592236709594726562e+01
5.501226425170898438e+01
5.426116180419921875e+01
5.381479644775390625e+01
5.421907806396484375e+01
5.392320251464843750e+01
5.287753295898437500e+01
5.307057952880859375e+01
5.464176940917968750e+01
5.517411804199218750e+01
5.475522232055664062e+01
5.543861770629882812e+01
5.661581420898437500e+01
5.595590972900390625e+01
5.380678939819335938e+01
5.261795806884765625e+01
5.289929199218750000e+01
5.437378692626953125e+01
5.453241348266601562e+01
5.436708450317382812e+01
5.546343994140625000e+01
5.691103744506835938e+01
5.486045837402343750e+01
5.331230545043945312e+01
5.368540573120117188e+01
5.450315475463867188e+01
5.461803436279296875e+01
5.485931777954101562e+01
5.494063186645507812e+01
5.549774551391601562e+01
5.490634918212890625e+01
5.462113952636718750e+01
5.410337066650390625e+01
5.350417709350585938e+01
5.335868453979492188e+01
5.382504272460937500e+01
5.558718490600585938e+01
5.660236358642578125e+01
5.623244476318359375e+01
5.466746520996093750e+01
5.369689941406250000e+01
5.435715103149414062e+01
5.575082015991210938e+01
5.677646636962890625e+01
5.489727401733398438e+01
5.528132629394531250e+01
5.662599182128906250e+01
5.836445999145507812e+01
5.724937057495117188e+01
5.629301071166992188e+01
5.449995803833007812e+01
5.429242706298828125e+01
5.369267272949218750e+01
5.311739349365234375e+01
5.304056930541992188e+01
5.436258697509765625e+01
5.530259704589843750e+01
5.569643783569335938e+01
5.497507858276367188e+01
5.498868942260742188e+01
5.395077133178710938e+01
5.338344573974609375e+01
5.310144424438476562e+01
5.472125625610351562e+01
5.422070312500000000e+01
5.331752395629882812e+01
5.425529479980468750e+01
5.479743957519531250e+01
5.430977630615234375e+01
5.326173400878906250e+01
5.420148468017578125e+01
5.501305389404296875e+01
5.617720794677734375e+01
5.562278366088867188e+01
5.430898666381835938e+01
5.577975845336914062e+01
5.748946380615234375e+01
5.724934768676757812e+01
5.517893218994140625e+01
5.532055664062500000e+01
5.651365661621093750e+01
5.716862487792968750e+01
5.644375228881835938e+01
5.581729125976562500e+01
5.490248489379882812e+01
5.441802215576171875e+01
5.556129837036132812e+01
5.619576263427734375e+01
5.712044525146484375e+01
5.748765945434570312e+01
5.938742065429687500e+01
5.987706375122070312e+01
5.845522308349609375e+01
5.666016006469726562e+01
5.624584960937500000e+01
5.553114700317382812e+01
5.565156936645507812e+01
5.667539596557617188e+01
5.917937088012695312e+01
6.009407043457031250e+01
6.048213195800781250e+01
5.913743972778320312e+01
5.814066696166992188e+01
5.774823760986328125e+01
5.829562377929687500e+01
5.884446716308593750e+01
5.912783050537109375e+01
5.812241363525390625e+01
5.714323806762695312e+01
5.617259979248046875e+01
5.672586822509765625e+01
5.783179473876953125e+01
5.897929382324218750e+01
5.893991851806640625e+01
5.842474365234375000e+01
5.801541519165039062e+01
5.789765930175781250e+01
5.858898162841796875e+01
5.920331192016601562e+01
5.893979263305664062e+01
5.791604614257812500e+01
5.725895690917968750e+01
5.735829162597656250e+01
5.834590530395507812e+01
5.813737487792968750e+01
5.788573837280273438e+01
5.791693496704101562e+01
5.909677886962890625e+01
5.817329788208007812e+01
5.756960296630859375e+01
5.848666381835937500e+01
5.963611221313476562e+01
5.937610626220703125e+01
5.960832214355468750e+01
5.925626373291015625e+01
6.045298004150390625e+01
6.088444137573242188e+01
6.051817321777343750e+01
6.007568359375000000e+01
5.930919647216796875e+01
5.990573501586914062e+01
5.997876739501953125e+01
6.083873748779296875e+01
6.175162124633789062e+01
6.226970291137695312e+01
6.250576782226562500e+01
6.196005630493164062e+01
6.077180862426757812e+01
6.004387283325195312e+01
5.959468078613281250e+01
5.962525558471679688e+01
6.042005920410156250e+01
6.043137741088867188e+01
5.963718414306640625e+01
5.867232131958007812e+01
5.862187194824218750e+01
5.994146347045898438e+01
6.130154037475585938e+01
6.227998352050781250e+01
6.105409622192382812e+01
6.073048782348632812e+01
6.128900909423828125e+01
6.159320449829101562e+01
6.026427841186523438e+01
5.866933822631835938e+01
5.804429244995117188e+01
5.886709976196289062e+01
5.979833984375000000e+01
6.100242614746093750e+01
6.023627090454101562e+01
5.899654388427734375e+01
5.862863922119140625e+01
5.897775268554687500e+01
5.928685760498046875e+01
5.997048950195312500e+01
6.066064453125000000e+01
6.146519470214843750e+01
6.110963058471679688e+01
6.095836257934570312e+01
5.930649948120117188e+01
5.797845840454101562e+01
5.619356536865234375e+01
5.761143493652343750e+01
5.930001068115234375e+01
5.973801422119140625e+01
6.048135757446289062e+01
6.042164230346679688e+01
5.925168609619140625e+01
5.845925903320312500e+01
5.967553329467773438e+01
5.932299041748046875e+01
5.840363311767578125e+01
5.805545043945312500e+01
5.868952178955078125e+01
5.904315567016601562e+01
5.827318954467773438e+01
5.762003326416015625e+01
5.770158004760742188e+01
5.650681686401367188e+01
5.653427886962890625e+01
5.800206756591796875e+01
5.999801635742187500e+01
5.953325271606445312e+01
5.955507278442382812e+01
6.022058868408203125e+01
6.026211166381835938e+01
5.932886505126953125e+01
5.815056228637695312e+01
5.767848205566406250e+01
5.706061172485351562e+01
5.742448043823242188e+01
5.736175537109375000e+01
5.705702590942382812e+01
5.806510162353515625e+01
5.923476409912109375e+01
5.943663406372070312e+01
5.978403854370117188e+01
5.961293029785156250e+01
5.988116836547851562e+01
5.939764785766601562e+01
5.946060180664062500e+01
5.838756561279296875e+01
5.807444000244140625e+01
5.700686264038085938e+01
5.738055801391601562e+01
5.784312820434570312e+01
5.850265884399414062e+01
5.844372558593750000e+01
5.875142288208007812e+01
5.876838684082031250e+01
5.818886184692382812e+01
5.763698577880859375e+01
5.788436508178710938e+01
5.746824645996093750e+01
5.706667709350585938e+01
5.754211044311523438e+01
5.665642166137695312e+01
5.609655761718750000e+01
5.557892990112304688e+01
5.629763412475585938e+01
5.638065719604492188e+01
5.563849639892578125e+01
5.442403030395507812e+01
5.375600051879882812e+01
5.521393585205078125e+01
5.657518386840820312e+01
5.658404922485351562e+01
5.579079055786132812e+01
5.577819061279296875e+01
5.651625823974609375e+01
5.687400817871093750e+01
5.683640289306640625e+01
5.654132843017578125e+01
5.639955139160156250e+01
5.703026962280273438e+01
5.619320678710937500e+01
5.645313262939453125e+01
5.700775527954101562e+01
5.667492294311523438e+01
5.600934219360351562e+01
5.616841125488281250e+01
5.728744888305664062e+01
5.811852264404296875e+01
5.778408432006835938e+01
5.694250869750976562e+01
5.519965744018554688e+01
5.468457031250000000e+01
5.488704681396484375e+01
5.531615829467773438e+01
5.465582656860351562e+01
5.454290008544921875e+01
5.317692565917968750e+01
5.261093139648437500e+01
5.316061401367187500e+01
5.403918457031250000e+01
5.315367889404296875e+01
5.328941345214843750e+01
5.398092651367187500e+01
5.506344223022460938e+01
5.554288864135742188e+01
5.596003341674804688e+01
5.584544754028320312e+01
5.563050842285156250e+01
5.491628265380859375e+01
5.384633255004882812e+01
5.383299255371093750e+01
5.429935073852539062e+01
5.431840896606445312e+01
5.340224838256835938e+01
5.313088607788085938e+01
5.376020050048828125e+01
5.398554992675781250e+01
5.410017776489257812e+01
5.418423461914062500e+01
5.443276596069335938e+01
5.472330474853515625e+01
5.468088531494140625e+01
5.462063598632812500e+01
5.469414138793945312e+01
5.351541900634765625e+01
5.353666687011718750e+01
5.340570831298828125e+01
5.264932250976562500e+01
5.206017684936523438e+01
5.285193634033203125e+01
5.326572036743164062e+01
5.289924240112304688e+01
5.280901718139648438e+01
5.326588058471679688e+01
5.323788452148437500e+01
5.280812072753906250e+01
5.244206237792968750e+01
5.220721054077148438e+01
5.240859222412109375e+01
5.158690643310546875e+01
5.081163406372070312e+01
4.991744613647460938e+01
4.958329772949218750e+01
5.095763015747070312e+01
5.195896911621093750e+01
5.289509201049804688e+01
5.207614135742187500e+01
5.137034225463867188e+01
5.084693908691406250e+01
5.052398681640625000e+01
5.123001480102539062e+01
5.113217926025390625e+01
5.104626464843750000e+01
5.096009063720703125e+01
5.113250732421875000e+01
5.180472564697265625e+01
5.253837203979492188e+01
5.277600097656250000e+01
5.216989135742187500e+01
5.053656768798828125e+01
5.029119110107421875e+01
5.104343414306640625e+01
5.163598251342773438e+01
5.115159988403320312e+01
5.103689575195312500e+01
5.151596450805664062e+01
5.129634857177734375e+01
5.092774200439453125e+01
5.042284011840820312e+01
4.989735031127929688e+01
5.008625411987304688e+01
4.908491897583007812e+01
4.891675949096679688e+01
4.854604339599609375e+01
4.867530059814453125e+01
4.737931060791015625e+01
4.694718170166015625e+01
4.688279342651367188e+01
4.760905456542968750e+01
4.755428314208984375e+01
4.731343078613281250e+01
4.743935775756835938e+01
4.793498229980468750e+01
4.767901611328125000e+01
4.813354873657226562e+01
4.832495117187500000e+01
4.790983200073242188e+01
4.838283538818359375e+01
4.889167022705078125e+01
4.932977676391601562e+01
4.922206878662109375e+01
4.954032897949218750e+01
4.987239074707031250e+01
5.004753875732421875e+01
4.911952209472656250e+01
4.884585952758789062e+01
4.883795166015625000e+01
4.864130020141601562e+01
4.786517715454101562e+01
4.827721786499023438e+01
4.967986679077148438e+01
4.888544082641601562e+01
4.769213485717773438e+01
4.706897354125976562e+01
4.702215194702148438e+01
4.762336730957031250e+01
4.830101776123046875e+01
4.883987045288085938e+01
4.843689346313476562e+01
4.804979324340820312e+01
4.731145858764648438e+01
4.747206115722656250e+01
4.749659347534179688e+01
4.709838867187500000e+01
4.687301635742187500e+01
4.692143630981445312e+01
4.649901962280273438e+01
4.563659286499023438e+01
4.456757354736328125e+01
4.539775466918945312e+01
4.554106521606445312e+01
4.536821746826171875e+01
4.507830810546875000e+01
4.520212173461914062e+01
4.588622283935546875e+01
4.623430633544921875e+01
4.733919525146484375e+01
4.673199081420898438e+01
4.626296997070312500e+01
4.568969726562500000e+01
4.516604995727539062e+01
4.535073471069335938e+01
4.482764816284179688e+01
4.587133789062500000e+01
4.619607925415039062e+01
4.618901443481445312e+01
4.581357192993164062e+01
4.651389312744140625e+01
4.626848983764648438e+01
4.557458114624023438e+01
4.499295425415039062e+01
4.511334228515625000e+01
4.480776214599609375e+01
4.401501083374023438e+01
4.433489608764648438e+01
4.479989624023437500e+01
4.421552658081054688e+01
4.318181610107421875e+01
4.286582565307617188e+01
4.353657531738281250e+01
4.455948257446289062e+01
4.584185028076171875e+01
4.617744445800781250e+01
4.494413757324218750e+01
4.390440750122070312e+01
4.295437240600585938e+01
4.411421966552734375e+01
4.556195831298828125e+01
4.554294204711914062e+01
4.473330307006835938e+01
4.410006332397460938e+01
4.339029312133789062e+01
4.265963363647460938e+01
4.317948150634765625e+01
4.394818878173828125e+01
4.339606857299804688e+01
4.295283508300781250e+01
4.280155944824218750e+01
4.504780960083007812e+01
4.508317947387695312e+01
4.553287506103515625e+01
4.530775833129882812e+01
4.563871002197265625e+01
4.508934783935546875e+01
4.417232513427734375e+01
4.365740203857421875e+01
4.419603729248046875e+01
4.415336990356445312e+01
4.437425994873046875e+01
4.471585083007812500e+01
4.394482421875000000e+01
4.250635528564453125e+01
4.178524780273437500e+01
4.149928665161132812e+01
4.191801071166992188e+01
4.286445236206054688e+01
4.359101486206054688e+01
4.359442901611328125e+01
4.305974197387695312e+01
4.366660308837890625e+01
4.411378479003906250e+01
4.330945587158203125e+01
4.240945816040039062e+01
4.266396331787109375e+01
4.298097991943359375e+01
4.387516403198242188e+01
4.410636138916015625e+01
4.385297775268554688e+01
4.431572341918945312e+01
4.475308227539062500e+01
4.506609725952148438e+01
4.403426742553710938e+01
4.337581634521484375e+01
4.339320755004882812e+01
4.347690963745117188e+01
4.385743713378906250e+01
4.371571731567382812e+01
4.311474990844726562e+01
4.337856292724609375e+01
4.360073089599609375e+01
4.266844558715820312e+01
4.130403900146484375e+01
4.151572799682617188e+01
4.195019149780273438e+01
4.312110519409179688e+01
4.418982696533203125e+01
4.459297180175781250e+01
4.415887069702148438e+01
4.375001907348632812e+01
4.197294235229492188e+01
4.065390014648437500e+01
4.078502273559570312e+01
4.305257034301757812e+01
4.456819152832031250e+01
4.419393920898437500e+01
4.238095855712890625e+01
4.224166870117187500e+01
4.199418258666992188e+01
4.259495544433593750e+01
4.247489547729492188e+01
4.238288879394531250e+01
4.184778976440429688e+01
4.152045059204101562e+01
4.179620742797851562e+01
4.233077239990234375e+01
4.351795578002929688e+01
4.466552734375000000e+01
4.395005035400390625e+01
4.226866912841796875e+01
4.168518829345703125e+01
4.269701766967773438e+01
4.294429779052734375e+01
4.252617263793945312e+01
4.243831634521484375e+01
4.290675354003906250e+01
4.277714920043945312e+01
4.283475875854492188e+01
4.264698028564453125e+01
4.143077087402343750e+01
4.032930374145507812e+01
4.031049346923828125e+01
4.148080825805664062e+01
4.150621032714843750e+01
4.121482086181640625e+01
4.087416458129882812e+01
4.147697067260742188e+01
4.191799545288085938e+01
4.206391906738281250e+01
4.157704544067382812e+01
4.205514526367187500e+01
4.183710479736328125e+01
4.216004180908203125e+01
4.143904495239257812e+01
4.098877334594726562e+01
4.126112365722656250e+01
4.207905578613281250e+01
4.166254806518554688e+01
3.985018920898437500e+01
3.950068664550781250e+01
4.043992233276367188e+01
4.146954345703125000e+01
4.199983215332031250e+01
4.234854888916015625e+01
4.170443725585937500e+01
4.147553634643554688e+01
4.081135559082031250e+01
4.097724914550781250e+01
4.097424316406250000e+01
4.119495391845703125e+01
4.129119873046875000e+01
4.042997741699218750e+01
4.028519439697265625e+01
4.073773956298828125e+01
4.084099960327148438e+01
4.098384094238281250e+01
4.157998657226562500e+01
4.124041366577148438e+01
4.105714797973632812e+01
4.095699691772460938e+01
4.032084655761718750e+01
3.903682327270507812e+01
3.935856246948242188e+01
4.047186660766601562e+01
4.087644577026367188e+01
4.072332000732421875e+01
4.057831954956054688e+01
4.093473052978515625e+01
4.033394622802734375e+01
4.002032852172851562e+01
4.035973739624023438e+01
4.079901885986328125e+01
4.052771759033203125e+01
4.063950347900390625e+01
4.081585693359375000e+01
4.002801513671875000e+01
3.981841659545898438e+01
3.978503799438476562e+01
3.978432083129882812e+01
4.029177856445312500e+01
4.113084793090820312e+01
4.074088668823242188e+01
4.015019226074218750e+01
4.006015777587890625e+01
4.038146972656250000e+01
4.083473587036132812e+01
4.124522781372070312e+01
4.084873962402343750e+01
4.009110260009765625e+01
4.008523941040039062e+01
4.083201599121093750e+01
4.130068969726562500e+01
4.177833557128906250e+01
4.263017272949218750e+01
4.215287780761718750e+01
4.087768173217773438e+01
3.962355804443359375e+01
3.933409881591796875e+01
3.941245269775390625e+01
4.035985183715820312e+01
4.127005386352539062e+01
4.202283096313476562e+01
4.108979415893554688e+01
4.041458511352539062e+01
4.039466476440429688e+01
4.105768203735351562e+01
4.140275955200195312e+01
4.122057723999023438e+01
4.107155609130859375e+01
4.118088150024414062e+01
4.089103317260742188e+01
4.096890258789062500e+01
4.122478485107421875e+01
4.117995452880859375e+01
4.093962860107421875e+01
4.074338150024414062e+01
4.083956527709960938e+01
4.149180984497070312e+01
4.219968414306640625e+01
4.179135131835937500e+01
4.038596343994140625e+01
3.962357711791992188e+01
3.963908004760742188e+01
4.029343795776367188e+01
4.105331802368164062e+01
4.116849136352539062e+01
4.087078094482421875e+01
4.069566345214843750e+01
4.083177185058593750e+01
4.053222274780273438e+01
3.988466644287109375e+01
3.995971679687500000e+01
4.014780807495117188e+01
4.094794082641601562e+01
4.109789276123046875e+01
4.117451858520507812e+01
4.080741882324218750e+01
4.001177597045898438e+01
4.078843688964843750e+01
4.118079376220703125e+01
4.052734375000000000e+01
3.979176330566406250e+01
3.883894729614257812e+01
3.820294570922851562e+01
3.905479431152343750e+01
3.977468109130859375e+01
4.101361465454101562e+01
4.083652114868164062e+01
4.007335662841796875e+01
3.957131958007812500e+01
3.978639602661132812e+01
3.948123168945312500e+01
4.005149459838867188e+01
4.098533630371093750e+01
4.180972290039062500e+01
4.210704803466796875e+01
4.237340164184570312e+01
4.154415893554687500e+01
4.151979446411132812e+01
4.154481124877929688e+01
4.185569381713867188e+01
4.131821441650390625e+01
4.152448272705078125e+01
4.081657028198242188e+01
4.000523757934570312e+01
3.988261413574218750e+01
4.083598709106445312e+01
4.150580978393554688e+01
4.108280181884765625e+01
4.014271926879882812e+01
4.055503082275390625e+01
4.149287414550781250e+01
4.103355789184570312e+01
4.039192199707031250e+01
4.016127777099609375e+01
4.075921630859375000e+01
4.161080169677734375e+01
4.121956634521484375e+01
4.117996978759765625e+01
4.191510772705078125e+01
4.149864959716796875e+01
4.068444824218750000e+01
4.061736679077148438e+01
4.085771179199218750e+01
4.069362640380859375e+01
4.035956954956054688e+01
3.962807464599609375e+01
3.950843048095703125e+01
3.961185455322265625e+01
3.943608856201171875e+01
3.933667373657226562e+01
3.916907501220703125e+01
3.921103668212890625e+01
4.074686050415039062e+01
4.064552307128906250e+01
4.128229141235351562e+01
4.155118942260742188e+01
4.095764160156250000e+01
4.039571380615234375e+01
4.052401733398437500e+01
4.127592849731445312e+01
4.135002136230468750e+01
4.064601135253906250e+01
4.016030502319335938e+01
4.005015563964843750e+01
4.023267745971679688e+01
4.018564605712890625e+01
4.077114105224609375e+01
4.209436416625976562e+01
4.206895446777343750e+01
4.197582626342773438e+01
4.113419723510742188e+01
3.981578063964843750e+01
3.872740936279296875e+01
3.877635574340820312e+01
4.003190994262695312e+01
4.123634719848632812e+01
4.138079452514648438e+01
4.149564361572265625e+01
4.129809570312500000e+01
4.074093246459960938e+01
3.952901458740234375e+01
3.966724014282226562e+01
4.004784774780273438e+01
4.091250228881835938e+01
4.113263320922851562e+01
4.088395690917968750e+01
4.062127685546875000e+01
4.143297195434570312e+01
4.144968795776367188e+01
4.171955871582031250e+01
4.180992126464843750e+01
4.152711868286132812e+01
4.098934173583984375e+01
4.138952636718750000e+01
4.142419815063476562e+01
4.181936264038085938e+01
4.090507507324218750e+01
4.024058151245117188e+01
3.952196884155273438e+01
4.048333740234375000e+01
4.164988327026367188e+01
4.239718627929687500e+01
4.163307952880859375e+01
4.062157440185546875e+01
4.094680023193359375e+01
4.224523925781250000e+01
4.171799468994140625e+01
4.165539550781250000e+01
4.151256942749023438e+01
4.155712509155273438e+01
4.177719879150390625e+01
4.143376922607421875e+01
4.146694564819335938e+01
4.172660827636718750e+01
4.127529525756835938e+01
4.097202682495117188e+01
3.986198425292968750e+01
3.988929367065429688e+01
4.026396179199218750e+01
4.089652252197265625e+01
4.044443893432617188e+01
4.095129776000976562e+01
4.119266891479492188e+01
4.188235092163085938e+01
4.158691406250000000e+01
4.214420700073242188e+01
4.241667938232421875e+01
4.252626800537109375e+01
4.167923736572265625e+01
4.099816894531250000e+01
3.997943878173828125e+01
3.986445617675781250e+01
4.057161331176757812e+01
4.106939315795898438e+01
4.064209365844726562e+01
4.066414260864257812e+01
4.071192550659179688e+01
4.143692398071289062e+01
4.204265213012695312e+01
4.224108123779296875e+01
4.290215301513671875e+01
4.346816635131835938e+01
4.306466674804687500e+01
4.281130599975585938e+01
4.286317443847656250e+01
4.290281677246093750e+01
4.275524520874023438e+01
4.266364669799804688e+01
4.139855957031250000e+01
4.012248992919921875e+01
4.075199127197265625e+01
4.159726715087890625e+01
4.168724822998046875e+01
4.169769287109375000e+01
4.089162063598632812e+01
4.148954010009765625e+01
4.153143692016601562e+01
4.216672515869140625e+01
4.149532699584960938e+01
4.137589263916015625e+01
4.097604370117187500e+01
4.131164169311523438e+01
4.134302139282226562e+01
4.192164993286132812e+01
4.250512695312500000e+01
4.288277053833007812e+01
4.235440826416015625e+01
4.292365646362304688e+01
4.300684738159179688e+01
4.301708984375000000e+01
4.317278289794921875e+01
4.331356811523437500e+01
4.213289260864257812e+01
4.134467315673828125e+01
4.180807495117187500e+01
4.242636489868164062e+01
4.204989242553710938e+01
4.090634155273437500e+01
4.198311614990234375e+01
4.220762634277343750e+01
4.235712814331054688e+01
4.146488952636718750e+01
4.183154296875000000e+01
4.274512481689453125e+01
4.355643081665039062e+01
4.394327545166015625e+01
4.425309371948242188e+01
4.313336944580078125e+01
4.250976943969726562e+01
4.259067916870117188e+01
4.303814315795898438e+01
4.335189819335937500e+01
4.283781433105468750e+01
4.222185516357421875e+01
4.200484848022460938e+01
4.193959426879882812e+01
4.129872512817382812e+01
4.169643402099609375e+01
4.253767776489257812e+01
4.250148391723632812e+01
4.218582916259765625e+01
4.216066741943359375e+01
4.153588867187500000e+01
4.136431503295898438e+01
4.172067260742187500e+01
4.178850936889648438e+01
4.226741790771484375e+01
4.226621246337890625e+01
4.116575622558593750e+01
3.961909866333007812e+01
4.028607940673828125e+01
4.213279724121093750e+01
4.322426605224609375e+01
4.220865249633789062e+01
4.210675430297851562e+01
4.257284164428710938e+01
4.390684509277343750e+01
4.353991699218750000e+01
4.307595062255859375e+01
4.228445816040039062e+01
4.154385757446289062e+01
4.175277709960937500e+01
4.187198257446289062e+01
4.149790191650390625e+01
4.153605270385742188e+01
4.156409835815429688e+01
4.178241729736328125e+01
4.197599411010742188e+01
4.282108688354492188e+01
4.365074920654296875e+01
4.271937942504882812e+01
4.228541183471679688e+01
4.215611648559570312e+01
4.182094192504882812e+01
4.204353713989257812e+01
4.305350494384765625e+01
4.341495513916015625e+01
4.259537506103515625e+01
4.215765380859375000e+01
4.198507690429687500e+01
4.138807296752929688e+01
4.077240371704101562e+01
4.188658905029296875e+01
4.263971710205078125e+01
4.319252395629882812e+01
4.353906250000000000e+01
4.192523956298828125e+01
4.031108474731445312e+01
4.010332489013671875e+01
4.171995162963867188e+01
4.347753524780273438e+01
4.261028289794921875e+01
4.173475646972656250e+01
4.144789886474609375e+01
4.201001739501953125e+01
4.109254837036132812e+01
4.103302001953125000e+01
4.187187576293945312e+01
4.361648941040039062e+01
4.357918930053710938e+01
4.246854782104492188e+01
4.137525939941406250e+01
4.081422805786132812e+01
4.189030838012695312e+01
4.252385711669921875e+01
4.209085845947265625e+01
4.074843597412109375e+01
4.054235458374023438e+01
4.232868576049804688e+01
4.243708801269531250e+01
4.166562652587890625e+01
4.059140777587890625e+01
4.116748428344726562e+01
4.190405273437500000e+01
4.242524719238281250e+01
4.161674880981445312e+01
4.127081680297851562e+01
4.118959808349609375e+01
4.232600784301757812e+01
4.298671722412109375e+01
4.292218017578125000e+01
4.231028366088867188e+01
4.209597778320312500e+01
4.198490142822265625e+01
4.106412124633789062e+01
4.132229232788085938e+01
4.161611557006835938e+01
4.242073440551757812e+01
4.142830657958984375e+01
3.996366500854492188e+01
4.035396957397460938e+01
4.191782760620117188e+01
4.257873153686523438e+01
4.217458343505859375e+01
4.194153976440429688e+01
4.252172851562500000e+01
4.203220367431640625e+01
4.119461822509765625e+01
4.058621215820312500e+01
4.162077331542968750e+01
4.197084426879882812e+01
4.192337036132812500e+01
4.137903594970703125e+01
4.203441238403320312e+01
4.197710037231445312e+01
4.139382553100585938e+01
4.081655883789062500e+01
4.113691329956054688e+01
4.157379150390625000e+01
4.212528991699218750e+01
4.280316162109375000e+01
4.249504089355468750e+01
4.184540557861328125e+01
4.121454238891601562e+01
4.132948303222656250e+01
4.155762100219726562e+01
4.227885055541992188e+01
4.255680847167968750e+01
4.332004928588867188e+01
4.290550613403320312e+01
4.299021530151367188e+01
4.234945678710937500e+01
4.133815383911132812e+01
4.083821105957031250e+01
4.159473800659179688e+01
4.343117141723632812e+01
4.455445098876953125e+01
4.410947036743164062e+01
4.303459930419921875e+01
4.141349411010742188e+01
4.173736190795898438e+01
4.231744766235351562e+01
4.215122985839843750e+01
4.140459442138671875e+01
4.164845275878906250e+01
4.254038238525390625e+01
4.282396316528320312e+01
4.260490417480468750e+01
4.217553710937500000e+01
4.159634780883789062e+01
4.169555282592773438e+01
4.118959808349609375e+01
4.056993865966796875e+01
4.077607727050781250e+01
4.132157897949218750e+01
4.183006668090820312e+01
4.216073226928710938e+01
4.290271377563476562e+01
4.313075637817382812e+01
4.202333068847656250e+01
4.176306152343750000e+01
4.200935363769531250e+01
4.234851455688476562e+01
4.264159774780273438e+01
4.236676788330078125e+01
4.241581726074218750e+01
4.262520599365234375e+01
4.214575576782226562e+01
4.204780578613281250e+01
4.183871841430664062e+01
4.144200134277343750e+01
4.217602539062500000e+01
4.263148880004882812e+01
4.268688201904296875e+01
4.256998062133789062e+01
4.293003845214843750e+01
4.199051284790039062e+01
4.155455398559570312e+01
4.139383697509765625e+01
4.265304946899414062e+01
4.280633544921875000e+01
4.225805664062500000e+01
4.178313446044921875e+01
4.168793869018554688e+01
4.087390899658203125e+01
4.071316528320312500e+01
4.145668029785156250e+01
4.283921051025390625e+01
4.217269515991210938e+01
4.145007324218750000e+01
4.092913818359375000e+01
4.081925201416015625e+01
4.115262222290039062e+01
4.168940734863281250e+01
4.284626388549804688e+01
4.343692779541015625e+01
4.237754440307617188e+01
4.275951004028320312e+01
4.343486785888671875e+01
4.332194137573242188e+01
4.268126296997070312e+01
4.297270965576171875e+01
4.368352127075195312e+01
4.383683776855468750e+01
4.341764831542968750e+01
4.305931854248046875e+01
4.392780303955078125e+01
4.451198577880859375e+01
4.440433120727539062e+01
4.361219406127929688e+01
4.253077316284179688e+01
4.347978210449218750e+01
4.433455276489257812e+01
4.365411376953125000e+01
4.307131958007812500e+01
4.329591369628906250e+01
4.284336471557617188e+01
4.202997589111328125e+01
4.155875396728515625e+01
4.257690429687500000e+01
4.227262496948242188e+01
4.226943588256835938e+01
4.202894592285156250e+01
4.229956436157226562e+01
4.219792938232421875e+01
4.200352859497070312e+01
4.192531585693359375e+01
4.115864562988281250e+01
4.109659576416015625e+01
4.219686508178710938e+01
4.128547668457031250e+01
4.126718902587890625e+01
4.161186218261718750e+01
4.249357604980468750e+01
4.290428924560546875e+01
4.240821075439453125e+01
4.268607330322265625e+01
4.274448013305664062e+01
4.273026275634765625e+01
4.269458389282226562e+01
4.338368988037109375e+01
4.330894851684570312e+01
4.299256134033203125e+01
4.204134368896484375e+01
4.148718643188476562e+01
4.255025482177734375e+01
4.285256576538085938e+01
4.215646362304687500e+01
4.122323608398437500e+01
4.158226013183593750e+01
4.167119216918945312e+01
4.214643096923828125e+01
4.182946395874023438e+01
4.175123214721679688e+01
4.169728469848632812e+01
4.179307937622070312e+01
4.131673049926757812e+01
4.200594329833984375e+01
4.164826583862304688e+01
4.156654739379882812e+01
4.059284973144531250e+01
4.010858535766601562e+01
3.924966430664062500e+01
3.938047027587890625e+01
3.992624664306640625e+01
4.062714004516601562e+01
4.160431671142578125e+01
4.236278915405273438e+01
4.229360198974609375e+01
4.240071868896484375e+01
4.255379867553710938e+01
4.230082321166992188e+01
4.215291976928710938e+01
4.167080307006835938e+01
4.162803268432617188e+01
4.184912872314453125e+01
4.257810592651367188e+01
4.246557235717773438e+01
4.305181884765625000e+01
4.319257736206054688e+01
4.246360397338867188e+01
4.186693954467773438e+01
4.307347488403320312e+01
4.358308029174804688e+01
4.309213256835937500e+01
4.295583343505859375e+01
4.309046173095703125e+01
4.252800750732421875e+01
4.286949539184570312e+01
4.279088211059570312e+01
4.251809310913085938e+01
4.222424316406250000e+01
4.181901550292968750e+01
4.108316802978515625e+01
4.070082473754882812e+01
4.048619842529296875e+01
4.017003250122070312e+01
4.100433349609375000e+01
4.019027709960937500e+01
4.073858642578125000e+01
4.171909332275390625e+01
4.305529785156250000e+01
4.349882507324218750e+01
4.301821517944335938e+01
4.305249404907226562e+01
4.213178253173828125e+01
4.249382400512695312e+01
4.203762817382812500e+01
4.241304397583007812e+01
4.316455841064453125e+01
4.403237152099609375e+01
4.322743606567382812e+01
4.268704223632812500e+01
4.216514968872070312e+01
4.288465881347656250e+01
4.341125106811523438e+01
4.437044143676757812e+01
4.378785705566406250e+01
4.310165405273437500e+01
4.101544952392578125e+01
4.087705993652343750e+01
4.157799911499023438e+01
4.279687500000000000e+01
4.371401977539062500e+01
4.414496231079101562e+01
4.278062438964843750e+01
4.314659500122070312e+01
4.338445281982421875e+01
4.350456237792968750e+01
4.357267761230468750e+01
4.295037078857421875e+01
4.113415527343750000e+01
4.130001068115234375e+01
4.113401031494140625e+01
4.213367080688476562e+01
4.091481399536132812e+01
4.101074218750000000e+01
4.110036849975585938e+01
4.138282775878906250e+01
4.113350296020507812e+01
4.068119049072265625e+01
4.084406280517578125e+01
4.110631561279296875e+01
4.176096725463867188e+01
4.229638671875000000e+01
4.189198303222656250e+01
4.196131134033203125e+01
4.172778320312500000e+01
4.187014389038085938e+01
4.263605117797851562e+01
4.243466186523437500e+01
4.230558013916015625e+01
4.140862655639648438e+01
4.168985748291015625e+01
4.146105575561523438e+01
4.183385848999023438e+01
4.256285858154296875e+01
4.273476409912109375e+01
4.322394180297851562e+01
4.406767272949218750e+01
4.329286956787109375e+01
4.227635192871093750e+01
4.078538513183593750e+01
4.146593856811523438e+01
4.118075561523437500e+01
4.123239898681640625e+01
4.038024139404296875e+01
4.004834365844726562e+01
4.188833999633789062e+01
4.268333816528320312e+01
4.181084823608398438e+01
4.160818099975585938e+01
4.150782775878906250e+01
4.191835784912109375e+01
4.198334121704101562e+01
4.177283096313476562e+01
4.072850799560546875e+01
4.104262161254882812e+01
4.239884185791015625e+01
4.335029983520507812e+01
4.359362411499023438e+01
4.364619827270507812e+01
4.312129974365234375e+01
4.282710266113281250e+01
4.096133041381835938e+01
4.041281127929687500e+01
4.152567672729492188e+01
4.229509353637695312e+01
4.176142501831054688e+01
4.072210693359375000e+01
4.173302078247070312e+01
4.184813690185546875e+01
4.100563430786132812e+01
4.151052474975585938e+01
4.238704681396484375e+01
4.262590408325195312e+01
4.168656158447265625e+01
4.156060028076171875e+01
4.173194122314453125e+01
4.098400878906250000e+01
4.040541839599609375e+01
4.165317153930664062e+01
4.235022735595703125e+01
4.122338485717773438e+01
4.040911865234375000e+01
4.070307159423828125e+01
4.029265213012695312e+01
4.078036499023437500e+01
4.206040954589843750e+01
4.274018859863281250e+01
4.230119323730468750e+01
4.097740554809570312e+01
4.132387542724609375e+01
4.263272857666015625e+01
4.390334320068359375e+01
4.260158920288085938e+01
4.100491333007812500e+01
3.999112701416015625e+01
4.068947982788085938e+01
4.119350051879882812e+01
4.247590637207031250e+01
4.192416763305664062e+01
4.335703277587890625e+01
4.476982116699218750e+01
4.502151107788085938e+01
4.313245391845703125e+01
4.151588058471679688e+01
4.179519271850585938e+01
4.255863952636718750e+01
4.310918426513671875e+01
4.393588256835937500e+01
4.316011047363281250e+01
4.207073593139648438e+01
4.248269271850585938e+01
4.335235595703125000e+01
4.309621810913085938e+01
4.206768035888671875e+01
4.115738296508789062e+01
4.031238174438476562e+01
4.033707809448242188e+01
4.223667907714843750e+01
4.418967056274414062e+01
4.556251144409179688e+01
4.371479415893554688e+01
4.049669647216796875e+01
3.945211029052734375e+01
4.104586410522460938e+01
4.106608581542968750e+01
3.991104888916015625e+01
4.118532943725585938e+01
4.201095962524414062e+01
4.221284866333007812e+01
4.280538558959960938e+01
4.259235382080078125e+01
4.283101272583007812e+01
4.182576751708984375e+01
4.194303131103515625e+01
4.158017349243164062e+01
4.174603271484375000e+01
4.319087600708007812e+01
4.387385177612304688e+01
4.402901458740234375e+01
4.253492355346679688e+01
4.090167236328125000e+01
4.025638198852539062e+01
4.068537139892578125e+01
4.311354446411132812e+01
4.355420684814453125e+01
4.286447143554687500e+01
4.132489013671875000e+01
4.242864990234375000e+01
4.338590240478515625e+01
4.435688018798828125e+01
4.286532592773437500e+01
4.193951416015625000e+01
4.212740325927734375e+01
4.197828292846679688e+01
4.198196792602539062e+01
4.277022552490234375e+01
4.140073013305664062e+01
4.049570083618164062e+01
4.273582077026367188e+01
4.329232406616210938e+01
4.388148498535156250e+01
4.252613067626953125e+01
4.197752761840820312e+01
4.260158538818359375e+01
4.280343627929687500e+01
4.259637069702148438e+01
4.042269515991210938e+01
4.062958526611328125e+01
4.263757324218750000e+01
4.447458267211914062e+01
4.445898056030273438e+01
4.312531661987304688e+01
4.065393829345703125e+01
3.935516357421875000e+01
3.957444763183593750e+01
4.059596252441406250e+01
3.993064880371093750e+01
4.007479858398437500e+01
4.027629470825195312e+01
4.115671539306640625e+01
4.232506179809570312e+01
4.315669250488281250e+01
4.340433120727539062e+01
4.251041030883789062e+01
4.132614135742187500e+01
4.080115127563476562e+01
4.121487426757812500e+01
4.251454925537109375e+01
4.195859146118164062e+01
4.252462387084960938e+01
4.245390701293945312e+01
4.144592666625976562e+01
4.160229492187500000e+01
4.273605346679687500e+01
4.251761245727539062e+01
4.323702621459960938e+01
4.354431915283203125e+01
4.419323348999023438e+01
4.275337600708007812e+01
4.259468078613281250e+01
4.401026916503906250e+01
4.485285568237304688e+01
4.337289428710937500e+01
4.308228302001953125e+01
4.346865463256835938e+01
4.309587478637695312e+01
4.276828384399414062e+01
4.342046737670898438e+01
4.373665618896484375e+01
4.362404251098632812e+01
4.505133438110351562e+01
4.336830902099609375e+01
4.228881454467773438e+01
4.173733139038085938e+01
4.236023712158203125e+01
4.185523605346679688e+01
4.269473648071289062e+01
4.209591674804687500e+01
4.001396942138671875e+01
3.971687698364257812e+01
4.081060028076171875e+01
4.301507949829101562e+01
4.350403976440429688e+01
4.534349822998046875e+01
4.574756622314453125e+01
4.492399978637695312e+01
4.262966918945312500e+01
4.293986511230468750e+01
4.292436218261718750e+01
4.151954269409179688e+01
4.117963027954101562e+01
4.006338119506835938e+01
3.824065399169921875e+01
3.886118316650390625e+01
4.155193328857421875e+01
4.268690490722656250e+01
3.953809356689453125e+01
4.079731750488281250e+01
4.520294570922851562e+01
4.516025543212890625e+01
4.254248809814453125e+01
4.096727752685546875e+01
4.251480865478515625e+01
4.397421646118164062e+01
4.409142303466796875e+01
4.376745986938476562e+01
4.350539779663085938e+01
4.530172348022460938e+01
4.644815063476562500e+01
4.647777938842773438e+01
4.400966644287109375e+01
4.246754455566406250e+01
4.270131683349609375e+01
4.289538574218750000e+01
4.238477706909179688e+01
4.315576171875000000e+01
4.220287704467773438e+01
4.253366470336914062e+01
4.066793060302734375e+01
4.031964111328125000e+01
4.053849029541015625e+01
4.232781219482421875e+01
4.027265930175781250e+01
4.028175735473632812e+01
4.035804367065429688e+01
3.977390289306640625e+01
3.712942886352539062e+01
3.562975692749023438e+01
3.907056045532226562e+01
4.168006515502929688e+01
4.126998519897460938e+01
3.919430541992187500e+01
4.043737030029296875e+01
4.175583267211914062e+01
4.259617233276367188e+01
4.065497207641601562e+01
4.295769500732421875e+01
4.208946990966796875e+01
4.034084320068359375e+01
3.869714736938476562e+01
3.705163192749023438e+01
4.131227111816406250e+01
4.623062896728515625e+01
4.472552490234375000e+01
3.916511535644531250e+01
4.097966384887695312e+01
4.119335937500000000e+01
4.005039215087890625e+01
3.551073074340820312e+01
3.417745590209960938e+01
3.248745346069335938e+01
3.745499038696289062e+01
3.920827484130859375e+01
3.664664077758789062e+01
3.587939071655273438e+01
3.952269744873046875e+01
4.037127304077148438e+01
3.776630401611328125e+01
3.660538101196289062e+01
3.703424072265625000e+01
3.808088684082031250e+01
3.745537567138671875e+01
3.638427352905273438e+01
3.847431182861328125e+01
3.962239837646484375e+01
3.961590194702148438e+01
4.383482360839843750e+01
4.195680999755859375e+01
3.737559509277343750e+01
3.279629516601562500e+01
3.466005325317382812e+01
3.767037963867187500e+01
3.788987731933593750e+01
3.407018280029296875e+01
3.407749938964843750e+01
3.497040176391601562e+01
4.223336791992187500e+01
3.853370666503906250e+01
2.659286308288574219e+01
1.139890575408935547e+01
2.114074230194091797e+00
1.420604884624481201e-01
1.404452770948410034e-01
nan
nan
nan
nan
nan
nan
nan
nan
nan
nan
nan
nan
nan
nan
nan
nan
nan
nan
nan
nan
nan
nan
nan
nan
nan
nan
nan
nan
nan
nan
nan
nan
nan
nan
nan
nan
nan
nan
nan
nan
nan
nan
nan
nan
nan
nan
nan
nan
nan
nan
nan
nan
nan
nan
nan
nan
nan
nan
nan
nan
nan
nan
nan
nan
nan
nan
nan
nan
nan
nan
nan
nan
nan
nan
nan
nan
nan
nan
nan
nan
nan
nan
nan
nan
nan
nan
nan
nan
nan
nan
nan
nan
nan
