nan
nan
nan
nan
nan
nan
nan
nan
nan
nan
nan
nan
nan
nan
nan
nan
nan
nan
9.385709381103515625e+01
8.854392242431640625e+01
8.677797698974609375e+01
8.101921081542968750e+01
7.191765594482421875e+01
7.615478515625000000e+01
8.060379028320312500e+01
7.743309783935546875e+01
7.539805603027343750e+01
7.884397888183593750e+01
8.109491729736328125e+01
7.928594970703125000e+01
7.911122894287109375e+01
8.330651855468750000e+01
8.764427185058593750e+01
8.450577545166015625e+01
8.011217498779296875e+01
9.019091033935546875e+01
9.550086212158203125e+01
9.054452514648437500e+01
9.041587066650390625e+01
8.718264007568359375e+01
8.307761383056640625e+01
8.157723999023437500e+01
8.281104278564453125e+01
8.490021514892578125e+01
8.638654327392578125e+01
8.535716247558593750e+01
8.348551177978515625e+01
8.240515899658203125e+01
8.459560394287109375e+01
8.820401763916015625e+01
8.823622131347656250e+01
8.881795501708984375e+01
8.886494445800781250e+01
8.559978485107421875e+01
8.393419647216796875e+01
8.513372039794921875e+01
8.509748077392578125e+01
8.472422027587890625e+01
8.821068572998046875e+01
8.851904296875000000e+01
8.951992034912109375e+01
8.963323974609375000e+01
8.701125335693359375e+01
8.389106750488281250e+01
8.384393310546875000e+01
8.440724945068359375e+01
8.832238006591796875e+01
8.875543212890625000e+01
8.577286529541015625e+01
8.664291381835937500e+01
8.795864105224609375e+01
8.995871734619140625e+01
9.032818603515625000e+01
8.983465576171875000e+01
8.990288543701171875e+01
9.066822814941406250e+01
8.978994750976562500e+01
8.638113403320312500e+01
8.827900695800781250e+01
9.001882934570312500e+01
8.776123046875000000e+01
8.622576904296875000e+01
8.894425964355468750e+01
9.129130554199218750e+01
8.960494232177734375e+01
8.902286529541015625e+01
9.243643188476562500e+01
9.530812835693359375e+01
9.220741271972656250e+01
8.848033905029296875e+01
8.868297576904296875e+01
9.038948059082031250e+01
8.913178253173828125e+01
9.137665557861328125e+01
9.562591552734375000e+01
9.290065002441406250e+01
8.991617584228515625e+01
8.975031280517578125e+01
9.319677734375000000e+01
9.145844268798828125e+01
8.895072174072265625e+01
9.116744232177734375e+01
9.205727386474609375e+01
9.079216003417968750e+01
9.065723419189453125e+01
9.185412597656250000e+01
9.456612396240234375e+01
9.205202484130859375e+01
8.892056274414062500e+01
8.918796539306640625e+01
9.173752593994140625e+01
9.121828460693359375e+01
8.844986724853515625e+01
8.937523651123046875e+01
9.106988525390625000e+01
9.489795684814453125e+01
9.583855438232421875e+01
9.269232177734375000e+01
9.265604400634765625e+01
9.200308990478515625e+01
9.223018646240234375e+01
9.228779602050781250e+01
9.328836822509765625e+01
9.193218231201171875e+01
9.226387786865234375e+01
9.363291168212890625e+01
9.106115722656250000e+01
9.160111236572265625e+01
9.203862762451171875e+01
9.058053588867187500e+01
9.281517791748046875e+01
9.342276763916015625e+01
9.167114257812500000e+01
9.084888458251953125e+01
9.077310943603515625e+01
8.863016510009765625e+01
8.972833251953125000e+01
9.321534729003906250e+01
9.332224273681640625e+01
9.326417541503906250e+01
9.418237304687500000e+01
9.274279022216796875e+01
9.121017456054687500e+01
9.278965759277343750e+01
9.513737487792968750e+01
9.202106475830078125e+01
8.867542266845703125e+01
8.913082122802734375e+01
9.344062042236328125e+01
9.381955718994140625e+01
9.038677978515625000e+01
8.920981597900390625e+01
9.273064422607421875e+01
9.153419494628906250e+01
8.784963226318359375e+01
8.748183441162109375e+01
8.805023193359375000e+01
8.745735168457031250e+01
8.645479583740234375e+01
8.704754638671875000e+01
9.049835205078125000e+01
9.371155548095703125e+01
9.537423706054687500e+01
9.432089233398437500e+01
9.582708740234375000e+01
9.416100311279296875e+01
9.117628479003906250e+01
9.324903106689453125e+01
9.258669281005859375e+01
9.138600158691406250e+01
9.152169799804687500e+01
9.130117797851562500e+01
9.220955657958984375e+01
9.244939422607421875e+01
9.098339080810546875e+01
9.145081329345703125e+01
9.165043640136718750e+01
9.085750579833984375e+01
8.945841217041015625e+01
9.093080902099609375e+01
9.424285888671875000e+01
9.363201904296875000e+01
9.142630767822265625e+01
9.225365447998046875e+01
9.082348632812500000e+01
8.954006195068359375e+01
9.109600830078125000e+01
9.272039794921875000e+01
9.494671630859375000e+01
9.320875549316406250e+01
8.998883819580078125e+01
9.033553314208984375e+01
9.056548309326171875e+01
8.809626007080078125e+01
8.676473999023437500e+01
8.878353881835937500e+01
9.207202911376953125e+01
9.242385101318359375e+01
9.226073455810546875e+01
9.425438690185546875e+01
9.587821197509765625e+01
9.384201812744140625e+01
9.087045288085937500e+01
8.964603424072265625e+01
9.057414245605468750e+01
9.220339202880859375e+01
9.158250427246093750e+01
8.887011718750000000e+01
8.660247802734375000e+01
8.841088867187500000e+01
8.921965026855468750e+01
8.886644744873046875e+01
8.876931762695312500e+01
8.607546234130859375e+01
8.786141204833984375e+01
9.255602264404296875e+01
9.092415618896484375e+01
8.781224822998046875e+01
8.723665618896484375e+01
9.118781280517578125e+01
9.243749237060546875e+01
9.310430908203125000e+01
9.106011962890625000e+01
8.886933135986328125e+01
8.951931762695312500e+01
8.994097900390625000e+01
9.057785797119140625e+01
9.167564392089843750e+01
9.422412872314453125e+01
9.360783386230468750e+01
9.091125488281250000e+01
8.981858825683593750e+01
8.956774139404296875e+01
9.001441192626953125e+01
9.217102813720703125e+01
9.243515777587890625e+01
9.072343444824218750e+01
9.169784545898437500e+01
9.356671905517578125e+01
9.286687469482421875e+01
9.037633514404296875e+01
9.037998199462890625e+01
9.106655120849609375e+01
9.093505096435546875e+01
8.971323394775390625e+01
9.064506530761718750e+01
9.181256866455078125e+01
9.198727416992187500e+01
8.968680572509765625e+01
8.827020263671875000e+01
8.997093200683593750e+01
9.156328582763671875e+01
9.046893310546875000e+01
9.034942626953125000e+01
9.146828460693359375e+01
9.185865783691406250e+01
9.056556701660156250e+01
9.008084869384765625e+01
9.036418151855468750e+01
8.987147521972656250e+01
8.870539093017578125e+01
8.864158630371093750e+01
8.864956665039062500e+01
8.869593048095703125e+01
8.975238037109375000e+01
8.994724273681640625e+01
8.973625946044921875e+01
8.939855194091796875e+01
9.026054382324218750e+01
9.145311737060546875e+01
9.307878112792968750e+01
9.112873840332031250e+01
8.790208435058593750e+01
8.661202239990234375e+01
8.699397277832031250e+01
8.742869567871093750e+01
8.712420654296875000e+01
8.781243896484375000e+01
8.977783203125000000e+01
9.121153259277343750e+01
8.991091156005859375e+01
9.014676666259765625e+01
8.910606384277343750e+01
8.951047515869140625e+01
8.948899841308593750e+01
9.044683074951171875e+01
9.142858123779296875e+01
9.088193511962890625e+01
8.846820831298828125e+01
8.776268768310546875e+01
8.714567565917968750e+01
8.682137298583984375e+01
8.876847839355468750e+01
8.905643463134765625e+01
8.682331085205078125e+01
8.530444335937500000e+01
8.553418731689453125e+01
8.544808959960937500e+01
8.567745208740234375e+01
8.918824005126953125e+01
9.151438903808593750e+01
8.939176177978515625e+01
8.779529571533203125e+01
8.934762573242187500e+01
9.071981048583984375e+01
9.124467468261718750e+01
8.971149444580078125e+01
8.705847930908203125e+01
8.494908905029296875e+01
8.535679626464843750e+01
8.775923919677734375e+01
8.983349609375000000e+01
8.811959075927734375e+01
8.554212188720703125e+01
8.207900238037109375e+01
8.231831359863281250e+01
8.675025177001953125e+01
8.767391204833984375e+01
8.688433837890625000e+01
8.813208007812500000e+01
8.977490234375000000e+01
9.104934692382812500e+01
8.795581817626953125e+01
8.545552825927734375e+01
8.971787261962890625e+01
9.241551971435546875e+01
9.100003814697265625e+01
8.902508544921875000e+01
9.261084747314453125e+01
9.673394012451171875e+01
9.510939025878906250e+01
9.540070343017578125e+01
9.286766052246093750e+01
9.148891448974609375e+01
9.046094512939453125e+01
8.923302459716796875e+01
8.973823547363281250e+01
9.071591186523437500e+01
9.118089294433593750e+01
9.026860046386718750e+01
8.870650482177734375e+01
8.818233489990234375e+01
9.108853149414062500e+01
9.107887268066406250e+01
9.089188385009765625e+01
9.035919952392578125e+01
8.876649475097656250e+01
8.861694335937500000e+01
9.104449462890625000e+01
9.408650970458984375e+01
9.097875976562500000e+01
8.656997680664062500e+01
8.705933380126953125e+01
8.851472473144531250e+01
8.897135925292968750e+01
8.799855041503906250e+01
8.702029418945312500e+01
8.666787719726562500e+01
8.746907043457031250e+01
8.682783508300781250e+01
8.592008972167968750e+01
8.592333221435546875e+01
8.446157073974609375e+01
8.485926055908203125e+01
8.378751373291015625e+01
8.320215606689453125e+01
8.331141662597656250e+01
8.495587158203125000e+01
8.548844146728515625e+01
8.597756195068359375e+01
8.553464508056640625e+01
8.528144073486328125e+01
8.470590209960937500e+01
8.352934265136718750e+01
8.356871032714843750e+01
8.541827392578125000e+01
8.554376220703125000e+01
8.575364685058593750e+01
8.469451904296875000e+01
8.426943206787109375e+01
8.482879638671875000e+01
8.477938079833984375e+01
8.442728424072265625e+01
8.636835479736328125e+01
8.685943603515625000e+01
8.546917724609375000e+01
8.421311187744140625e+01
8.426070404052734375e+01
8.411143493652343750e+01
8.438036346435546875e+01
8.698435211181640625e+01
8.671652221679687500e+01
8.545050811767578125e+01
8.575709533691406250e+01
8.633798217773437500e+01
8.528218841552734375e+01
8.501870727539062500e+01
8.554411315917968750e+01
8.598132324218750000e+01
8.476311492919921875e+01
8.466951751708984375e+01
8.373709106445312500e+01
8.174710845947265625e+01
8.079513549804687500e+01
7.980879211425781250e+01
8.066570281982421875e+01
8.129404449462890625e+01
8.198828125000000000e+01
8.444313812255859375e+01
8.453111267089843750e+01
8.337713623046875000e+01
8.178073883056640625e+01
8.197281646728515625e+01
8.180219268798828125e+01
8.030009460449218750e+01
7.879211425781250000e+01
7.814405059814453125e+01
7.937338256835937500e+01
7.918911743164062500e+01
7.938713073730468750e+01
7.705494689941406250e+01
7.677418518066406250e+01
7.833078002929687500e+01
8.135186767578125000e+01
8.135585021972656250e+01
7.795626068115234375e+01
7.807457733154296875e+01
7.982512664794921875e+01
8.091939544677734375e+01
8.193366241455078125e+01
8.098262023925781250e+01
8.026366424560546875e+01
7.981842041015625000e+01
8.070811462402343750e+01
7.922305297851562500e+01
7.756290435791015625e+01
7.658934020996093750e+01
7.674822998046875000e+01
7.707610321044921875e+01
7.700218963623046875e+01
7.801956939697265625e+01
7.802945709228515625e+01
7.668897247314453125e+01
7.498493957519531250e+01
7.540901184082031250e+01
7.598062896728515625e+01
7.833947753906250000e+01
7.669876098632812500e+01
7.540473175048828125e+01
7.420681762695312500e+01
7.600064086914062500e+01
7.837359619140625000e+01
7.836843109130859375e+01
7.673104095458984375e+01
7.501766967773437500e+01
7.571269989013671875e+01
7.713936614990234375e+01
7.625463867187500000e+01
7.536453247070312500e+01
7.680006408691406250e+01
7.830932617187500000e+01
7.812365722656250000e+01
7.825855255126953125e+01
7.661553955078125000e+01
7.566926574707031250e+01
7.586949157714843750e+01
7.614907073974609375e+01
7.577411651611328125e+01
7.555423736572265625e+01
7.484767150878906250e+01
7.519769287109375000e+01
7.673225402832031250e+01
7.722151184082031250e+01
7.619095611572265625e+01
7.563129425048828125e+01
7.547454833984375000e+01
7.686905670166015625e+01
7.809030914306640625e+01
7.697075653076171875e+01
7.577417755126953125e+01
7.499235534667968750e+01
7.442491149902343750e+01
7.431165313720703125e+01
7.470513153076171875e+01
7.478864288330078125e+01
7.599361419677734375e+01
7.649381256103515625e+01
7.611241912841796875e+01
7.433157348632812500e+01
7.391184997558593750e+01
7.504042053222656250e+01
7.599810028076171875e+01
7.536159515380859375e+01
7.398481750488281250e+01
7.340236663818359375e+01
7.524931335449218750e+01
7.506599426269531250e+01
7.540945434570312500e+01
7.424713897705078125e+01
7.181883239746093750e+01
6.970457458496093750e+01
7.137030029296875000e+01
7.363872528076171875e+01
7.375439453125000000e+01
7.370455169677734375e+01
7.294164276123046875e+01
7.279736328125000000e+01
7.229946899414062500e+01
7.156979370117187500e+01
7.237665557861328125e+01
7.161734771728515625e+01
6.982999420166015625e+01
6.925745391845703125e+01
6.961759185791015625e+01
7.105791473388671875e+01
7.234424591064453125e+01
7.257158660888671875e+01
7.226285552978515625e+01
7.070645141601562500e+01
6.923747253417968750e+01
7.024842071533203125e+01
7.121396636962890625e+01
7.076230621337890625e+01
7.166853332519531250e+01
7.058884429931640625e+01
6.900048065185546875e+01
6.943054199218750000e+01
7.036605072021484375e+01
7.033838653564453125e+01
6.827175903320312500e+01
6.807124328613281250e+01
6.811293792724609375e+01
6.906832885742187500e+01
7.091748046875000000e+01
7.059178161621093750e+01
6.980429077148437500e+01
6.853664398193359375e+01
6.913919067382812500e+01
6.895584869384765625e+01
6.817109680175781250e+01
6.852751922607421875e+01
6.892751312255859375e+01
6.889573669433593750e+01
6.893086242675781250e+01
6.905217742919921875e+01
6.998006439208984375e+01
6.941150665283203125e+01
7.002431488037109375e+01
6.953500366210937500e+01
6.879776763916015625e+01
6.701171112060546875e+01
6.558639526367187500e+01
6.513459777832031250e+01
6.606424713134765625e+01
6.679639434814453125e+01
6.704784393310546875e+01
6.577245330810546875e+01
6.496269226074218750e+01
6.550992584228515625e+01
6.642240142822265625e+01
6.770414733886718750e+01
6.827291870117187500e+01
6.790336608886718750e+01
6.637357330322265625e+01
6.572914886474609375e+01
6.519309997558593750e+01
6.445563507080078125e+01
6.536132812500000000e+01
6.569708251953125000e+01
6.500038146972656250e+01
6.495370483398437500e+01
6.491863250732421875e+01
6.438181304931640625e+01
6.329605102539062500e+01
6.274363327026367188e+01
6.394535064697265625e+01
6.411402130126953125e+01
6.393805313110351562e+01
6.422830963134765625e+01
6.506881713867187500e+01
6.656549072265625000e+01
6.584699249267578125e+01
6.464962768554687500e+01
6.385177230834960938e+01
6.527804565429687500e+01
6.622624206542968750e+01
6.505602264404296875e+01
6.347061920166015625e+01
6.439211273193359375e+01
6.529818725585937500e+01
6.513558197021484375e+01
6.504588317871093750e+01
6.567799377441406250e+01
6.556542205810546875e+01
6.412345123291015625e+01
6.383466339111328125e+01
6.349463272094726562e+01
6.416922760009765625e+01
6.343765640258789062e+01
6.296171188354492188e+01
6.232289123535156250e+01
6.242818450927734375e+01
6.348961639404296875e+01
6.423496246337890625e+01
6.397459793090820312e+01
6.194851303100585938e+01
6.131150817871093750e+01
6.114891052246093750e+01
6.281549835205078125e+01
6.230497741699218750e+01
6.118407821655273438e+01
6.132427978515625000e+01
6.264722442626953125e+01
6.302483367919921875e+01
6.313197708129882812e+01
6.296436691284179688e+01
6.188377761840820312e+01
6.114064788818359375e+01
6.017346191406250000e+01
6.118633270263671875e+01
6.265863800048828125e+01
6.289579391479492188e+01
6.053193664550781250e+01
6.000990676879882812e+01
6.029295349121093750e+01
6.031769561767578125e+01
5.973106002807617188e+01
6.095688629150390625e+01
6.083518600463867188e+01
6.077790069580078125e+01
6.106612777709960938e+01
6.015972518920898438e+01
6.024644851684570312e+01
6.072441482543945312e+01
6.036105346679687500e+01
6.073616790771484375e+01
6.031102752685546875e+01
6.102278518676757812e+01
6.109262847900390625e+01
6.093252944946289062e+01
6.049075317382812500e+01
6.043931579589843750e+01
5.949452972412109375e+01
6.039683151245117188e+01
5.991936874389648438e+01
5.972810363769531250e+01
5.916770935058593750e+01
6.015346908569335938e+01
6.005834197998046875e+01
6.021360778808593750e+01
5.991823959350585938e+01
5.994196319580078125e+01
5.989529418945312500e+01
5.980540466308593750e+01
5.842371749877929688e+01
5.801746749877929688e+01
5.857220458984375000e+01
5.868609237670898438e+01
6.003711700439453125e+01
6.117248916625976562e+01
6.128392410278320312e+01
6.052776718139648438e+01
5.967843627929687500e+01
6.038465499877929688e+01
6.030631256103515625e+01
5.930138397216796875e+01
5.892676544189453125e+01
5.918320465087890625e+01
5.848714065551757812e+01
5.744419479370117188e+01
5.722678375244140625e+01
5.757205200195312500e+01
5.689191818237304688e+01
5.802988815307617188e+01
5.800757217407226562e+01
5.738992309570312500e+01
5.700287628173828125e+01
5.710589981079101562e+01
5.734398651123046875e+01
5.842227554321289062e+01
5.863779067993164062e+01
5.805712890625000000e+01
5.756253814697265625e+01
5.593249511718750000e+01
5.551837539672851562e+01
5.664826583862304688e+01
5.892752456665039062e+01
5.827891921997070312e+01
5.685018920898437500e+01
5.626886749267578125e+01
5.624974822998046875e+01
5.468614578247070312e+01
5.480776977539062500e+01
5.688724136352539062e+01
5.725991821289062500e+01
5.723990631103515625e+01
5.687553024291992188e+01
5.613573074340820312e+01
5.553276062011718750e+01
5.512213516235351562e+01
5.534062957763671875e+01
5.449829864501953125e+01
5.558595657348632812e+01
5.644337081909179688e+01
5.790195846557617188e+01
5.748090744018554688e+01
5.717417907714843750e+01
5.685660934448242188e+01
5.632382583618164062e+01
5.564715576171875000e+01
5.515417098999023438e+01
5.565597152709960938e+01
5.647138595581054688e+01
5.742054748535156250e+01
5.744792556762695312e+01
5.722964859008789062e+01
5.692151260375976562e+01
5.731334304809570312e+01
5.587269973754882812e+01
5.578545761108398438e+01
5.484894561767578125e+01
5.390517044067382812e+01
5.257652282714843750e+01
5.344647979736328125e+01
5.465354537963867188e+01
5.562864685058593750e+01
5.575512313842773438e+01
5.533396911621093750e+01
5.498020172119140625e+01
5.496020126342773438e+01
5.480976104736328125e+01
5.481362533569335938e+01
5.370874404907226562e+01
5.344510650634765625e+01
5.405145263671875000e+01
5.422286224365234375e+01
5.344966506958007812e+01
5.348989105224609375e+01
5.327957534790039062e+01
5.331909179687500000e+01
5.300247573852539062e+01
5.312075042724609375e+01
5.374277496337890625e+01
5.512844085693359375e+01
5.490727615356445312e+01
5.360932540893554688e+01
5.197916030883789062e+01
5.110419845581054688e+01
5.121620559692382812e+01
5.164235305786132812e+01
5.294185638427734375e+01
5.444638061523437500e+01
5.512079238891601562e+01
5.388891983032226562e+01
5.329887008666992188e+01
5.293982315063476562e+01
5.240821075439453125e+01
5.058730697631835938e+01
5.059067153930664062e+01
5.061431884765625000e+01
5.132938385009765625e+01
5.143662643432617188e+01
5.155233383178710938e+01
5.227651977539062500e+01
5.284460830688476562e+01
5.351161575317382812e+01
5.362027740478515625e+01
5.458021926879882812e+01
5.323952102661132812e+01
5.251586151123046875e+01
5.266968536376953125e+01
5.261477279663085938e+01
5.176070022583007812e+01
5.127096939086914062e+01
5.193300628662109375e+01
5.199094009399414062e+01
5.159286117553710938e+01
5.070811843872070312e+01
4.980971527099609375e+01
4.988522720336914062e+01
5.017387008666992188e+01
5.121495819091796875e+01
5.187189483642578125e+01
5.271227264404296875e+01
5.331479644775390625e+01
5.274399185180664062e+01
5.129679870605468750e+01
5.028372955322265625e+01
5.119834899902343750e+01
5.100538253784179688e+01
5.082657623291015625e+01
4.978593444824218750e+01
4.930987548828125000e+01
4.876349639892578125e+01
4.899101638793945312e+01
4.820415878295898438e+01
4.939450836181640625e+01
5.079615020751953125e+01
5.160860061645507812e+01
5.063653182983398438e+01
5.068503952026367188e+01
4.991062927246093750e+01
4.954265213012695312e+01
4.898324584960937500e+01
4.939085388183593750e+01
4.928880691528320312e+01
4.795570755004882812e+01
4.777404785156250000e+01
4.894280624389648438e+01
4.944032669067382812e+01
4.901427459716796875e+01
4.817784881591796875e+01
4.921269226074218750e+01
4.889547348022460938e+01
4.840312194824218750e+01
4.751107406616210938e+01
4.760324096679687500e+01
4.820824432373046875e+01
4.782954788208007812e+01
4.872489929199218750e+01
4.941380691528320312e+01
4.944344329833984375e+01
4.873450088500976562e+01
4.792837142944335938e+01
4.860601425170898438e+01
4.864617538452148438e+01
4.783150863647460938e+01
4.786637496948242188e+01
4.926047515869140625e+01
5.080305099487304688e+01
4.935011672973632812e+01
4.816475296020507812e+01
4.809739685058593750e+01
4.750915145874023438e+01
4.780695343017578125e+01
4.697685241699218750e+01
4.628026199340820312e+01
4.553521728515625000e+01
4.690590286254882812e+01
4.750785064697265625e+01
4.761784362792968750e+01
4.747782897949218750e+01
4.708047103881835938e+01
4.660090637207031250e+01
4.664492797851562500e+01
4.680300521850585938e+01
4.745180511474609375e+01
4.677555465698242188e+01
4.614882659912109375e+01
4.610657119750976562e+01
4.657941818237304688e+01
4.730992889404296875e+01
4.669679641723632812e+01
4.711561584472656250e+01
4.769240188598632812e+01
4.784701919555664062e+01
4.735627746582031250e+01
4.613009262084960938e+01
4.612834548950195312e+01
4.613188934326171875e+01
4.574156951904296875e+01
4.564375686645507812e+01
4.600333023071289062e+01
4.658624649047851562e+01
4.614770126342773438e+01
4.628272247314453125e+01
4.590732574462890625e+01
4.601572799682617188e+01
4.630684661865234375e+01
4.657742309570312500e+01
4.685615539550781250e+01
4.744566726684570312e+01
4.634238052368164062e+01
4.564916610717773438e+01
4.649833679199218750e+01
4.819558715820312500e+01
4.775500106811523438e+01
4.703853988647460938e+01
4.600514602661132812e+01
4.541339111328125000e+01
4.453970336914062500e+01
4.409273910522460938e+01
4.431219100952148438e+01
4.509919738769531250e+01
4.665269088745117188e+01
4.751633071899414062e+01
4.707899093627929688e+01
4.658916854858398438e+01
4.631956100463867188e+01
4.666487503051757812e+01
4.680080413818359375e+01
4.609437561035156250e+01
4.517491531372070312e+01
4.472749710083007812e+01
4.475891494750976562e+01
4.443145751953125000e+01
4.469334030151367188e+01
4.534556579589843750e+01
4.572029876708984375e+01
4.554534530639648438e+01
4.539236450195312500e+01
4.585037994384765625e+01
4.604351043701171875e+01
4.556678390502929688e+01
4.560231781005859375e+01
4.512311553955078125e+01
4.533106994628906250e+01
4.571802139282226562e+01
4.534864807128906250e+01
4.556801605224609375e+01
4.525711822509765625e+01
4.526594543457031250e+01
4.497318649291992188e+01
4.433502197265625000e+01
4.416433334350585938e+01
4.428796005249023438e+01
4.409077453613281250e+01
4.425725173950195312e+01
4.456129455566406250e+01
4.397462844848632812e+01
4.363639450073242188e+01
4.355420303344726562e+01
4.453569030761718750e+01
4.499290466308593750e+01
4.594104766845703125e+01
4.611230850219726562e+01
4.552298355102539062e+01
4.533666992187500000e+01
4.456826019287109375e+01
4.351113128662109375e+01
4.294560241699218750e+01
4.421606063842773438e+01
4.478430175781250000e+01
4.506647491455078125e+01
4.499824523925781250e+01
4.420127105712890625e+01
4.315999603271484375e+01
4.283692932128906250e+01
4.302910614013671875e+01
4.363546371459960938e+01
4.419478988647460938e+01
4.342501449584960938e+01
4.234581756591796875e+01
4.168681335449218750e+01
4.227438354492187500e+01
4.246875000000000000e+01
4.298804092407226562e+01
4.435503387451171875e+01
4.473521423339843750e+01
4.504943847656250000e+01
4.409202575683593750e+01
4.376465606689453125e+01
4.364646911621093750e+01
4.355569839477539062e+01
4.353741073608398438e+01
4.369725418090820312e+01
4.313784790039062500e+01
4.241204071044921875e+01
4.310001373291015625e+01
4.326472091674804688e+01
4.336438369750976562e+01
4.341617965698242188e+01
4.440117645263671875e+01
4.387216186523437500e+01
4.265142440795898438e+01
4.237636947631835938e+01
4.393866729736328125e+01
4.545215606689453125e+01
4.637342453002929688e+01
4.555282974243164062e+01
4.387686538696289062e+01
4.307756805419921875e+01
4.314616394042968750e+01
4.373431015014648438e+01
4.343191528320312500e+01
4.287238311767578125e+01
4.296812820434570312e+01
4.353161621093750000e+01
4.385475921630859375e+01
4.376092910766601562e+01
4.333852005004882812e+01
4.345526885986328125e+01
4.273877334594726562e+01
4.219284820556640625e+01
4.174514770507812500e+01
4.204025268554687500e+01
4.204539871215820312e+01
4.177652359008789062e+01
4.310432434082031250e+01
4.324725341796875000e+01
4.402356719970703125e+01
4.467739486694335938e+01
4.518986511230468750e+01
4.464539718627929688e+01
4.425599670410156250e+01
4.385423278808593750e+01
4.316366958618164062e+01
4.343722534179687500e+01
4.475121688842773438e+01
4.519605636596679688e+01
4.503321456909179688e+01
4.481055831909179688e+01
4.441436767578125000e+01
4.390589523315429688e+01
4.390897750854492188e+01
4.454197692871093750e+01
4.294918060302734375e+01
4.251806640625000000e+01
4.295749664306640625e+01
4.404833984375000000e+01
4.463587188720703125e+01
4.417116546630859375e+01
4.386757278442382812e+01
4.414608001708984375e+01
4.398696517944335938e+01
4.390773773193359375e+01
4.336045455932617188e+01
4.252711486816406250e+01
4.315518951416015625e+01
4.458232116699218750e+01
4.574180603027343750e+01
4.543674468994140625e+01
4.506212997436523438e+01
4.406757354736328125e+01
4.371714401245117188e+01
4.426063919067382812e+01
4.550687789916992188e+01
4.590704345703125000e+01
4.524212646484375000e+01
4.392517852783203125e+01
4.274498367309570312e+01
4.306215667724609375e+01
4.382067108154296875e+01
4.425162887573242188e+01
4.515200424194335938e+01
4.582783889770507812e+01
4.492121887207031250e+01
4.495530319213867188e+01
4.404043579101562500e+01
4.382919692993164062e+01
4.367381286621093750e+01
4.424000167846679688e+01
4.364438629150390625e+01
4.414392089843750000e+01
4.376643371582031250e+01
4.327064514160156250e+01
4.413173675537109375e+01
4.380222702026367188e+01
4.321567153930664062e+01
4.298877716064453125e+01
4.427214050292968750e+01
4.506242752075195312e+01
4.504179000854492188e+01
4.518764114379882812e+01
4.506431579589843750e+01
4.410642623901367188e+01
4.397472000122070312e+01
4.443125534057617188e+01
4.482640457153320312e+01
4.474188995361328125e+01
4.465177917480468750e+01
4.417696380615234375e+01
4.372772598266601562e+01
4.305142974853515625e+01
4.317364120483398438e+01
4.362092971801757812e+01
4.389674758911132812e+01
4.430326080322265625e+01
4.442337036132812500e+01
4.360648345947265625e+01
4.448662948608398438e+01
4.443787002563476562e+01
4.466928863525390625e+01
4.444818878173828125e+01
4.359086990356445312e+01
4.256228256225585938e+01
4.273954010009765625e+01
4.320550918579101562e+01
4.284878540039062500e+01
4.277982711791992188e+01
4.309105300903320312e+01
4.327050399780273438e+01
4.317516326904296875e+01
4.299331283569335938e+01
4.258891677856445312e+01
4.267401123046875000e+01
4.361099624633789062e+01
4.348132705688476562e+01
4.381161499023437500e+01
4.453639984130859375e+01
4.502690124511718750e+01
4.412309265136718750e+01
4.363393402099609375e+01
4.390861892700195312e+01
4.462708663940429688e+01
4.450894927978515625e+01
4.482463455200195312e+01
4.507355117797851562e+01
4.421382904052734375e+01
4.353588485717773438e+01
4.294220352172851562e+01
4.282947158813476562e+01
4.283943176269531250e+01
4.361034393310546875e+01
4.327235794067382812e+01
4.395801162719726562e+01
4.447702407836914062e+01
4.351678085327148438e+01
4.306123733520507812e+01
4.393504333496093750e+01
4.431075668334960938e+01
4.391962814331054688e+01
4.395376968383789062e+01
4.220967483520507812e+01
4.134763717651367188e+01
4.230995178222656250e+01
4.319669723510742188e+01
4.406256484985351562e+01
4.483595657348632812e+01
4.517134094238281250e+01
4.461126708984375000e+01
4.324726867675781250e+01
4.200180435180664062e+01
4.198377609252929688e+01
4.209533691406250000e+01
4.124781417846679688e+01
4.136631011962890625e+01
4.278685760498046875e+01
4.426799392700195312e+01
4.447053527832031250e+01
4.405623245239257812e+01
4.384166336059570312e+01
4.358835983276367188e+01
4.179832458496093750e+01
4.183890914916992188e+01
4.158983612060546875e+01
4.201352310180664062e+01
4.161658477783203125e+01
4.166160202026367188e+01
4.179443359375000000e+01
4.221395874023437500e+01
4.385853576660156250e+01
4.478432846069335938e+01
4.439765548706054688e+01
4.499766159057617188e+01
4.539553451538085938e+01
4.523877334594726562e+01
4.506893539428710938e+01
4.479388809204101562e+01
4.457510757446289062e+01
4.422297668457031250e+01
4.446100616455078125e+01
4.477841567993164062e+01
4.403916931152343750e+01
4.324290847778320312e+01
4.362310791015625000e+01
4.355739212036132812e+01
4.310331726074218750e+01
4.378223800659179688e+01
4.459996414184570312e+01
4.477374267578125000e+01
4.492764663696289062e+01
4.579296112060546875e+01
4.553319168090820312e+01
4.459777832031250000e+01
4.347906112670898438e+01
4.413439559936523438e+01
4.370426559448242188e+01
4.320647048950195312e+01
4.258865356445312500e+01
4.299809265136718750e+01
4.330776214599609375e+01
4.335091781616210938e+01
4.268725967407226562e+01
4.210081863403320312e+01
4.219775390625000000e+01
4.328045654296875000e+01
4.384800720214843750e+01
4.365982818603515625e+01
4.285325241088867188e+01
4.267339706420898438e+01
4.233198928833007812e+01
4.161941146850585938e+01
4.168022537231445312e+01
4.208837509155273438e+01
4.224244689941406250e+01
4.320095825195312500e+01
4.418991470336914062e+01
4.373818588256835938e+01
4.294329833984375000e+01
4.271759796142578125e+01
4.281024932861328125e+01
4.301539993286132812e+01
4.349471282958984375e+01
4.394739913940429688e+01
4.340785217285156250e+01
4.296146011352539062e+01
4.255767059326171875e+01
4.205252838134765625e+01
4.290937805175781250e+01
4.295476150512695312e+01
4.354351043701171875e+01
4.343278121948242188e+01
4.339926147460937500e+01
4.331351089477539062e+01
4.310910034179687500e+01
4.175739669799804688e+01
4.129766082763671875e+01
4.120073318481445312e+01
4.197399520874023438e+01
4.250432586669921875e+01
4.255784988403320312e+01
4.146234512329101562e+01
4.181779479980468750e+01
4.274294281005859375e+01
4.289550018310546875e+01
4.293797302246093750e+01
4.247717285156250000e+01
4.224929428100585938e+01
4.205009078979492188e+01
4.205300903320312500e+01
4.120624542236328125e+01
4.116419982910156250e+01
4.108752059936523438e+01
4.174294662475585938e+01
4.194326019287109375e+01
4.147819137573242188e+01
4.079481124877929688e+01
4.088372802734375000e+01
4.136811447143554688e+01
4.287398910522460938e+01
4.278502273559570312e+01
4.172441101074218750e+01
4.075186538696289062e+01
4.078632354736328125e+01
4.037474060058593750e+01
4.068415451049804688e+01
4.121768951416015625e+01
4.174290084838867188e+01
4.113582992553710938e+01
4.158272552490234375e+01
4.142735671997070312e+01
4.147270965576171875e+01
4.156232070922851562e+01
4.222309494018554688e+01
4.244651794433593750e+01
4.208452224731445312e+01
4.106456756591796875e+01
4.037044143676757812e+01
4.044231033325195312e+01
3.979349136352539062e+01
4.113528823852539062e+01
4.265941238403320312e+01
4.343481445312500000e+01
4.187345123291015625e+01
4.061302185058593750e+01
3.965335845947265625e+01
4.030908966064453125e+01
4.113591766357421875e+01
4.128261947631835938e+01
4.094098281860351562e+01
4.056717300415039062e+01
4.046170425415039062e+01
4.071735382080078125e+01
4.075085449218750000e+01
4.081785202026367188e+01
4.104062271118164062e+01
3.897196960449218750e+01
3.790327453613281250e+01
3.881436157226562500e+01
4.047483062744140625e+01
4.149061203002929688e+01
4.215928268432617188e+01
4.233998107910156250e+01
4.113388061523437500e+01
3.968367004394531250e+01
3.854246902465820312e+01
3.900330734252929688e+01
4.033107376098632812e+01
4.074537658691406250e+01
3.971976852416992188e+01
3.853708267211914062e+01
3.857229232788085938e+01
3.952647781372070312e+01
4.112778091430664062e+01
4.222190856933593750e+01
4.205516433715820312e+01
4.079729843139648438e+01
4.134600448608398438e+01
4.183589172363281250e+01
4.187915039062500000e+01
4.175988769531250000e+01
4.154499435424804688e+01
4.126016616821289062e+01
4.025089263916015625e+01
4.018774032592773438e+01
3.965695953369140625e+01
4.080389785766601562e+01
4.025619888305664062e+01
3.944173812866210938e+01
3.873227691650390625e+01
4.065707397460937500e+01
4.126689147949218750e+01
4.100527572631835938e+01
4.065065765380859375e+01
4.038706970214843750e+01
3.984826278686523438e+01
3.945027160644531250e+01
3.869070434570312500e+01
3.728531265258789062e+01
3.798217773437500000e+01
3.925362777709960938e+01
4.003487014770507812e+01
3.954557800292968750e+01
3.985919189453125000e+01
4.001892089843750000e+01
3.876510620117187500e+01
3.675431060791015625e+01
3.737962341308593750e+01
3.844926071166992188e+01
3.911653900146484375e+01
3.956177902221679688e+01
4.083995437622070312e+01
4.085707855224609375e+01
4.084046554565429688e+01
4.010788726806640625e+01
3.996173858642578125e+01
3.953060913085937500e+01
3.948353576660156250e+01
4.011392211914062500e+01
4.087781524658203125e+01
4.077986145019531250e+01
3.905981063842773438e+01
3.928795242309570312e+01
4.019451522827148438e+01
4.031447982788085938e+01
4.097994995117187500e+01
4.197151565551757812e+01
4.115232849121093750e+01
3.970768356323242188e+01
3.860495376586914062e+01
3.814938354492187500e+01
3.885892868041992188e+01
3.965402603149414062e+01
3.953255844116210938e+01
3.903963851928710938e+01
3.895927047729492188e+01
3.919952011108398438e+01
3.933232879638671875e+01
3.860874557495117188e+01
3.862538909912109375e+01
3.855567550659179688e+01
3.921530151367187500e+01
3.910177993774414062e+01
3.957149887084960938e+01
3.968709182739257812e+01
4.013049316406250000e+01
4.045800018310546875e+01
3.990600204467773438e+01
3.996190261840820312e+01
3.996663284301757812e+01
4.028829956054687500e+01
4.018966293334960938e+01
3.931554794311523438e+01
3.885622787475585938e+01
3.869657516479492188e+01
3.878983688354492188e+01
3.946812438964843750e+01
3.990190505981445312e+01
3.975490188598632812e+01
3.948314285278320312e+01
3.977632904052734375e+01
3.925433349609375000e+01
3.896346664428710938e+01
3.904181289672851562e+01
3.891229248046875000e+01
3.849688720703125000e+01
3.837652206420898438e+01
3.821702575683593750e+01
3.819808197021484375e+01
3.870342254638671875e+01
3.930961608886718750e+01
3.923237228393554688e+01
3.953235626220703125e+01
3.882188034057617188e+01
3.869488143920898438e+01
3.847381591796875000e+01
3.898310089111328125e+01
3.927375793457031250e+01
3.847589492797851562e+01
3.845524215698242188e+01
3.888668823242187500e+01
3.919034957885742188e+01
3.834996414184570312e+01
3.892650604248046875e+01
3.988653182983398438e+01
3.943305969238281250e+01
3.847944259643554688e+01
3.833217620849609375e+01
3.839855575561523438e+01
3.793234252929687500e+01
3.796148681640625000e+01
3.781709289550781250e+01
3.826069259643554688e+01
3.906881332397460938e+01
3.903432464599609375e+01
3.816400909423828125e+01
3.792641448974609375e+01
3.768784332275390625e+01
3.847626876831054688e+01
3.868270111083984375e+01
3.909759140014648438e+01
3.859496307373046875e+01
3.827101898193359375e+01
3.726264953613281250e+01
3.796342468261718750e+01
3.835172271728515625e+01
3.760677719116210938e+01
3.718488311767578125e+01
3.827671432495117188e+01
3.839953231811523438e+01
3.810959243774414062e+01
3.678503036499023438e+01
3.617880630493164062e+01
3.699166107177734375e+01
3.859837722778320312e+01
3.918840408325195312e+01
3.925955581665039062e+01
3.863573837280273438e+01
3.816549682617187500e+01
3.790792465209960938e+01
3.830920410156250000e+01
3.880796051025390625e+01
3.868139648437500000e+01
3.847201156616210938e+01
3.787010955810546875e+01
3.762804031372070312e+01
3.716215896606445312e+01
3.705052947998046875e+01
3.717054748535156250e+01
3.760840225219726562e+01
3.793776702880859375e+01
3.807448959350585938e+01
3.911812973022460938e+01
3.875357437133789062e+01
3.859935379028320312e+01
3.728475189208984375e+01
3.760320663452148438e+01
3.763911437988281250e+01
3.795032119750976562e+01
3.737094116210937500e+01
3.737892532348632812e+01
3.807379150390625000e+01
3.763022994995117188e+01
3.728699493408203125e+01
3.801430130004882812e+01
3.804197311401367188e+01
3.766609573364257812e+01
3.714846420288085938e+01
3.742737579345703125e+01
3.776949310302734375e+01
3.792200469970703125e+01
3.707765197753906250e+01
3.744699478149414062e+01
3.727991867065429688e+01
3.730881881713867188e+01
3.745561599731445312e+01
3.706418609619140625e+01
3.661372756958007812e+01
3.703354644775390625e+01
3.744232559204101562e+01
3.746363830566406250e+01
3.697291946411132812e+01
3.737195205688476562e+01
3.817974090576171875e+01
3.858991622924804688e+01
3.889760208129882812e+01
3.884952163696289062e+01
3.882262420654296875e+01
3.923771667480468750e+01
3.931546020507812500e+01
3.903966140747070312e+01
3.837559509277343750e+01
3.822164535522460938e+01
3.836316680908203125e+01
3.896277999877929688e+01
3.810989379882812500e+01
3.693427276611328125e+01
3.658620452880859375e+01
3.687766647338867188e+01
3.746833419799804688e+01
3.724489593505859375e+01
3.714329147338867188e+01
3.741916275024414062e+01
3.820524978637695312e+01
3.815193557739257812e+01
3.792342376708984375e+01
3.795611572265625000e+01
3.785360336303710938e+01
3.692873382568359375e+01
3.661533355712890625e+01
3.699201965332031250e+01
3.693183517456054688e+01
3.679372406005859375e+01
3.712163162231445312e+01
3.714945602416992188e+01
3.744983673095703125e+01
3.769629669189453125e+01
3.747435379028320312e+01
3.636205291748046875e+01
3.639687728881835938e+01
3.688768768310546875e+01
3.826670074462890625e+01
3.935285568237304688e+01
3.933375167846679688e+01
3.735862731933593750e+01
3.729772949218750000e+01
3.753850555419921875e+01
3.777430343627929688e+01
3.770011520385742188e+01
3.766180419921875000e+01
3.727923583984375000e+01
3.695448303222656250e+01
3.694852828979492188e+01
3.637851333618164062e+01
3.582136917114257812e+01
3.554242324829101562e+01
3.667614364624023438e+01
3.789545059204101562e+01
3.795658111572265625e+01
3.762549972534179688e+01
3.660980606079101562e+01
3.650630187988281250e+01
3.577927017211914062e+01
3.605117034912109375e+01
3.614898681640625000e+01
3.625341033935546875e+01
3.639928817749023438e+01
3.631761169433593750e+01
3.629612731933593750e+01
3.572445678710937500e+01
3.627285003662109375e+01
3.737272644042968750e+01
3.803983688354492188e+01
3.723331832885742188e+01
3.653962707519531250e+01
3.615486145019531250e+01
3.676272964477539062e+01
3.722830200195312500e+01
3.746243286132812500e+01
3.690599060058593750e+01
3.698405838012695312e+01
3.724374008178710938e+01
3.693960189819335938e+01
3.780496215820312500e+01
3.758332824707031250e+01
3.693012237548828125e+01
3.609219741821289062e+01
3.532449340820312500e+01
3.592311859130859375e+01
3.659255981445312500e+01
3.701572418212890625e+01
3.667152023315429688e+01
3.673177337646484375e+01
3.662931823730468750e+01
3.647553253173828125e+01
3.662402343750000000e+01
3.721013641357421875e+01
3.671992874145507812e+01
3.624804306030273438e+01
3.506966400146484375e+01
3.564059066772460938e+01
3.680984497070312500e+01
3.779441452026367188e+01
3.836731338500976562e+01
3.820464324951171875e+01
3.725035858154296875e+01
3.669252777099609375e+01
3.708740615844726562e+01
3.727841567993164062e+01
3.673772811889648438e+01
3.566224288940429688e+01
3.569359588623046875e+01
3.589654922485351562e+01
3.596982192993164062e+01
3.505419540405273438e+01
3.559243774414062500e+01
3.618473052978515625e+01
3.723477554321289062e+01
3.723727798461914062e+01
3.787708282470703125e+01
3.748233032226562500e+01
3.812682723999023438e+01
3.810308837890625000e+01
3.788904571533203125e+01
3.683721160888671875e+01
3.677303695678710938e+01
3.740912628173828125e+01
3.790020370483398438e+01
3.766220855712890625e+01
3.751663208007812500e+01
3.794220733642578125e+01
3.861260604858398438e+01
3.854275512695312500e+01
3.816398620605468750e+01
3.709881591796875000e+01
3.712961578369140625e+01
3.671778488159179688e+01
3.697252273559570312e+01
3.653121185302734375e+01
3.621022796630859375e+01
3.692539978027343750e+01
3.735953140258789062e+01
3.661133575439453125e+01
3.658006286621093750e+01
3.688383483886718750e+01
3.796925735473632812e+01
3.839442443847656250e+01
3.854452896118164062e+01
3.776246261596679688e+01
3.779780960083007812e+01
3.772761535644531250e+01
3.804521942138671875e+01
3.871968841552734375e+01
3.827111434936523438e+01
3.679076004028320312e+01
3.611378479003906250e+01
3.663470840454101562e+01
3.739175796508789062e+01
3.800276184082031250e+01
3.809017562866210938e+01
3.693191146850585938e+01
3.558285522460937500e+01
3.538366317749023438e+01
3.665745162963867188e+01
3.695593643188476562e+01
3.725885391235351562e+01
3.723830795288085938e+01
3.691752243041992188e+01
3.711700820922851562e+01
3.737114334106445312e+01
3.786754989624023438e+01
3.604456710815429688e+01
3.511722946166992188e+01
3.499528121948242188e+01
3.686773300170898438e+01
3.750114440917968750e+01
3.755527496337890625e+01
3.735754776000976562e+01
3.698608016967773438e+01
3.750399017333984375e+01
3.720832061767578125e+01
3.686411666870117188e+01
3.481765747070312500e+01
3.415851211547851562e+01
3.556330108642578125e+01
3.642774963378906250e+01
3.594736099243164062e+01
3.542398834228515625e+01
3.553210449218750000e+01
3.583062362670898438e+01
3.421810150146484375e+01
3.390425109863281250e+01
3.373628616333007812e+01
3.511162948608398438e+01
3.593642425537109375e+01
3.775549316406250000e+01
3.819369125366210938e+01
3.824332046508789062e+01
3.797625732421875000e+01
3.730784225463867188e+01
3.690300750732421875e+01
3.624256896972656250e+01
3.625341033935546875e+01
3.673157501220703125e+01
3.738566589355468750e+01
3.675824737548828125e+01
3.551075363159179688e+01
3.521245956420898438e+01
3.570725631713867188e+01
3.558726501464843750e+01
3.610916900634765625e+01
3.582147979736328125e+01
3.610742950439453125e+01
3.562417984008789062e+01
3.485417556762695312e+01
3.427842712402343750e+01
3.440334701538085938e+01
3.462151718139648438e+01
3.438540267944335938e+01
3.433005523681640625e+01
3.453473663330078125e+01
3.546236419677734375e+01
3.572229385375976562e+01
3.655207824707031250e+01
3.549368286132812500e+01
3.577271270751953125e+01
3.477989959716796875e+01
3.568574523925781250e+01
3.574787521362304688e+01
3.594263076782226562e+01
3.509962081909179688e+01
3.402267456054687500e+01
3.429220199584960938e+01
3.392940521240234375e+01
3.485233306884765625e+01
3.498904037475585938e+01
3.560795974731445312e+01
3.489243698120117188e+01
3.461490631103515625e+01
3.514614868164062500e+01
3.594283294677734375e+01
3.704912948608398438e+01
3.693793487548828125e+01
3.667493438720703125e+01
3.517715454101562500e+01
3.401095581054687500e+01
3.408321380615234375e+01
3.489549636840820312e+01
3.569317626953125000e+01
3.537127685546875000e+01
3.549996948242187500e+01
3.602025985717773438e+01
3.594978713989257812e+01
3.558444976806640625e+01
3.464263153076171875e+01
3.440600204467773438e+01
3.364617538452148438e+01
3.439870452880859375e+01
3.500584030151367188e+01
3.506863403320312500e+01
3.384661483764648438e+01
3.450921249389648438e+01
3.525104141235351562e+01
3.654674148559570312e+01
3.710593032836914062e+01
3.723765945434570312e+01
3.678244018554687500e+01
3.631598281860351562e+01
3.652429580688476562e+01
3.739385604858398438e+01
3.755179214477539062e+01
3.828403472900390625e+01
3.816005325317382812e+01
3.854584121704101562e+01
3.778224563598632812e+01
3.579853820800781250e+01
3.489789581298828125e+01
3.444786834716796875e+01
3.511757278442382812e+01
3.616658401489257812e+01
3.584693527221679688e+01
3.554918670654296875e+01
3.482926177978515625e+01
3.540399169921875000e+01
3.551427841186523438e+01
3.532779693603515625e+01
3.670496368408203125e+01
3.653883361816406250e+01
3.692226409912109375e+01
3.618491744995117188e+01
3.646036148071289062e+01
3.666247177124023438e+01
3.695085144042968750e+01
3.680720138549804688e+01
3.526314163208007812e+01
3.475080490112304688e+01
3.391479110717773438e+01
3.489336395263671875e+01
3.563025665283203125e+01
3.607052993774414062e+01
3.549854660034179688e+01
3.520632171630859375e+01
3.486560058593750000e+01
3.440250015258789062e+01
3.450617218017578125e+01
3.619358825683593750e+01
3.633306121826171875e+01
3.715464401245117188e+01
3.608330535888671875e+01
3.566463088989257812e+01
3.542981719970703125e+01
3.583921051025390625e+01
3.473694229125976562e+01
3.498554229736328125e+01
3.598031997680664062e+01
3.776739501953125000e+01
3.598320770263671875e+01
3.655135726928710938e+01
3.640847396850585938e+01
3.591805648803710938e+01
3.536547851562500000e+01
3.690446853637695312e+01
3.786426162719726562e+01
3.566020202636718750e+01
3.286049652099609375e+01
3.214837265014648438e+01
3.412256622314453125e+01
3.693708801269531250e+01
3.858960723876953125e+01
3.781473159790039062e+01
3.490882492065429688e+01
3.363565826416015625e+01
3.554655075073242188e+01
3.806234741210937500e+01
3.842542648315429688e+01
3.759854888916015625e+01
3.838376998901367188e+01
3.817862319946289062e+01
3.846218490600585938e+01
3.682123565673828125e+01
3.481880187988281250e+01
3.271960067749023438e+01
3.254158782958984375e+01
3.389860534667968750e+01
3.549312210083007812e+01
3.550571823120117188e+01
3.534731292724609375e+01
3.458868789672851562e+01
3.422061538696289062e+01
3.339124298095703125e+01
3.484653091430664062e+01
3.498634338378906250e+01
3.425139999389648438e+01
3.326932907104492188e+01
3.463526916503906250e+01
3.417951202392578125e+01
3.388100814819335938e+01
3.359375000000000000e+01
3.449486541748046875e+01
3.461013412475585938e+01
3.489457702636718750e+01
3.568735122680664062e+01
3.687324523925781250e+01
3.678890991210937500e+01
3.617847442626953125e+01
3.567261886596679688e+01
3.456235504150390625e+01
3.519556427001953125e+01
3.521281051635742188e+01
3.676806640625000000e+01
3.507085418701171875e+01
3.539605331420898438e+01
3.443913650512695312e+01
3.397809219360351562e+01
3.363134002685546875e+01
3.444032669067382812e+01
3.524882125854492188e+01
3.674607467651367188e+01
3.776560974121093750e+01
3.785984802246093750e+01
3.674975967407226562e+01
3.506751251220703125e+01
3.503361892700195312e+01
3.486478424072265625e+01
3.485312652587890625e+01
3.337789154052734375e+01
3.338479995727539062e+01
3.334174728393554688e+01
3.453067016601562500e+01
3.464225769042968750e+01
3.530800628662109375e+01
3.559925460815429688e+01
3.525971603393554688e+01
3.461417770385742188e+01
3.292453384399414062e+01
3.374933242797851562e+01
3.513737487792968750e+01
3.578639984130859375e+01
3.477408981323242188e+01
3.448366165161132812e+01
3.365384292602539062e+01
3.325388717651367188e+01
3.327529525756835938e+01
3.327661895751953125e+01
3.162708663940429688e+01
3.159371376037597656e+01
3.245598983764648438e+01
3.484088897705078125e+01
3.547462844848632812e+01
3.717861175537109375e+01
3.652065277099609375e+01
3.635847854614257812e+01
3.703847885131835938e+01
3.623759078979492188e+01
3.602721405029296875e+01
3.584933471679687500e+01
3.678289031982421875e+01
3.894894790649414062e+01
3.952359008789062500e+01
4.015189743041992188e+01
3.699290084838867188e+01
3.416728973388671875e+01
3.154827690124511719e+01
3.254048156738281250e+01
3.316009902954101562e+01
3.317549514770507812e+01
3.232690429687500000e+01
3.273311614990234375e+01
3.486602401733398438e+01
3.604797744750976562e+01
3.583682250976562500e+01
3.480497741699218750e+01
3.396937942504882812e+01
3.427120208740234375e+01
3.590012741088867188e+01
3.969638824462890625e+01
4.129695510864257812e+01
4.087125396728515625e+01
4.129448699951171875e+01
4.352331924438476562e+01
4.220932006835937500e+01
3.723194503784179688e+01
3.384880065917968750e+01
3.164667701721191406e+01
2.979329299926757812e+01
2.844063568115234375e+01
3.010678482055664062e+01
3.230963134765625000e+01
3.438804244995117188e+01
3.353857803344726562e+01
3.068150711059570312e+01
2.604055595397949219e+01
2.381583786010742188e+01
2.607362365722656250e+01
3.062001991271972656e+01
3.715534591674804688e+01
3.957915115356445312e+01
3.967754364013671875e+01
3.813191223144531250e+01
3.874138259887695312e+01
3.795960235595703125e+01
3.591378021240234375e+01
3.708806610107421875e+01
4.137116622924804688e+01
4.195938491821289062e+01
4.048818969726562500e+01
3.532381439208984375e+01
3.457811737060546875e+01
3.468934249877929688e+01
3.659587860107421875e+01
3.400993347167968750e+01
3.401178741455078125e+01
3.428230285644531250e+01
3.668778228759765625e+01
3.737001800537109375e+01
3.772772979736328125e+01
3.601624298095703125e+01
3.034427642822265625e+01
3.013409614562988281e+01
3.483211898803710938e+01
3.961817932128906250e+01
4.001610565185546875e+01
3.641921997070312500e+01
3.334293746948242188e+01
3.155889701843261719e+01
3.246913146972656250e+01
3.975584411621093750e+01
4.517741394042968750e+01
4.579241561889648438e+01
3.930672454833984375e+01
3.389853668212890625e+01
3.372918701171875000e+01
3.471096420288085938e+01
2.920082664489746094e+01
2.461970329284667969e+01
2.593609046936035156e+01
3.710333633422851562e+01
4.146492385864257812e+01
3.931699752807617188e+01
4.833338546752929688e+01
5.522745895385742188e+01
6.462010955810546875e+01
4.370440292358398438e+01
5.463092041015625000e+01
6.115124511718750000e+01
6.600787353515625000e+01
4.844720458984375000e+01
3.559918594360351562e+01
2.794309043884277344e+01
2.753287315368652344e+01
2.759638595581054688e+01
2.306339836120605469e+01
2.648755645751953125e+01
2.873936271667480469e+01
3.348993682861328125e+01
4.369364166259765625e+01
5.403798675537109375e+01
6.092221069335937500e+01
5.583022689819335938e+01
nan
nan
nan
nan
nan
nan
nan
nan
nan
nan
