nan
nan
nan
nan
nan
nan
nan
nan
nan
nan
nan
nan
nan
nan
nan
nan
nan
nan
nan
nan
nan
nan
nan
nan
nan
nan
nan
8.017062377929687500e+01
7.776296997070312500e+01
7.680999755859375000e+01
7.825603485107421875e+01
7.747854614257812500e+01
7.501732635498046875e+01
7.332369232177734375e+01
7.381248474121093750e+01
7.763601684570312500e+01
7.985530853271484375e+01
8.050434112548828125e+01
8.061271667480468750e+01
8.127549743652343750e+01
8.185449218750000000e+01
8.281571960449218750e+01
8.203548431396484375e+01
8.061389160156250000e+01
7.953491973876953125e+01
8.136071014404296875e+01
7.926422882080078125e+01
7.757404327392578125e+01
7.589035034179687500e+01
7.918360900878906250e+01
8.348397064208984375e+01
8.745480346679687500e+01
8.698899078369140625e+01
8.695429992675781250e+01
8.482089233398437500e+01
8.460841369628906250e+01
8.050413513183593750e+01
7.917825317382812500e+01
7.937948608398437500e+01
8.099815368652343750e+01
8.097873687744140625e+01
8.228333282470703125e+01
8.240397644042968750e+01
8.257286071777343750e+01
7.935253906250000000e+01
8.140571594238281250e+01
8.162059783935546875e+01
8.322296142578125000e+01
8.177484893798828125e+01
8.083174896240234375e+01
7.978071594238281250e+01
8.129644775390625000e+01
8.044181823730468750e+01
7.940241241455078125e+01
7.746839904785156250e+01
8.132450103759765625e+01
8.602277374267578125e+01
8.880480194091796875e+01
8.487786102294921875e+01
8.201676177978515625e+01
8.115118408203125000e+01
8.504537963867187500e+01
8.607538604736328125e+01
8.623456573486328125e+01
8.499018859863281250e+01
8.247612762451171875e+01
7.935892486572265625e+01
7.658766174316406250e+01
7.669651031494140625e+01
7.949714660644531250e+01
8.157046508789062500e+01
8.157628631591796875e+01
8.104481506347656250e+01
7.802955627441406250e+01
7.890414428710937500e+01
7.858403015136718750e+01
8.084286499023437500e+01
8.144248199462890625e+01
8.143248748779296875e+01
7.998840332031250000e+01
7.945825195312500000e+01
8.096710968017578125e+01
8.150510406494140625e+01
8.139063262939453125e+01
8.072160339355468750e+01
8.197686767578125000e+01
8.199892425537109375e+01
8.179832458496093750e+01
8.120262145996093750e+01
8.024959564208984375e+01
8.017580413818359375e+01
8.127861785888671875e+01
8.247217559814453125e+01
8.352898406982421875e+01
8.216066741943359375e+01
8.040280151367187500e+01
7.941978454589843750e+01
8.241831970214843750e+01
8.407668304443359375e+01
8.452842712402343750e+01
8.392705535888671875e+01
8.266838073730468750e+01
8.196175384521484375e+01
7.961157226562500000e+01
8.114472198486328125e+01
8.132733917236328125e+01
8.155791473388671875e+01
8.140866088867187500e+01
8.229991149902343750e+01
8.332162475585937500e+01
8.306614685058593750e+01
8.311460876464843750e+01
8.476927947998046875e+01
8.571453094482421875e+01
8.491416931152343750e+01
8.338120269775390625e+01
8.326530456542968750e+01
8.419509887695312500e+01
8.571215057373046875e+01
8.660469818115234375e+01
8.694036865234375000e+01
8.656715393066406250e+01
8.300245666503906250e+01
8.267470550537109375e+01
8.178060150146484375e+01
8.170420837402343750e+01
8.156066894531250000e+01
8.132561492919921875e+01
8.177439117431640625e+01
8.203891754150390625e+01
8.202412414550781250e+01
8.231557464599609375e+01
8.175685882568359375e+01
8.290023803710937500e+01
8.293161010742187500e+01
8.346505737304687500e+01
8.356818389892578125e+01
8.379907989501953125e+01
8.421606445312500000e+01
8.415507507324218750e+01
8.389814758300781250e+01
8.548259735107421875e+01
8.610277557373046875e+01
8.660704040527343750e+01
8.514839935302734375e+01
8.290620422363281250e+01
8.251016998291015625e+01
8.228505706787109375e+01
8.316978454589843750e+01
8.218576812744140625e+01
8.140930938720703125e+01
8.081336975097656250e+01
8.282007598876953125e+01
8.277773284912109375e+01
8.607321929931640625e+01
8.731442260742187500e+01
8.823666381835937500e+01
8.621665191650390625e+01
8.514332580566406250e+01
8.360438537597656250e+01
8.245723724365234375e+01
8.313639068603515625e+01
8.395705413818359375e+01
8.666249084472656250e+01
8.573786163330078125e+01
8.662975311279296875e+01
8.710990905761718750e+01
8.644841003417968750e+01
8.500192260742187500e+01
8.350820159912109375e+01
8.341083526611328125e+01
8.489619445800781250e+01
8.474839019775390625e+01
8.374115753173828125e+01
8.231831359863281250e+01
8.204029846191406250e+01
8.176348876953125000e+01
8.389650726318359375e+01
8.500173950195312500e+01
8.515533447265625000e+01
8.454355621337890625e+01
8.357463836669921875e+01
8.374793243408203125e+01
8.361236572265625000e+01
8.261205291748046875e+01
8.261333465576171875e+01
8.219952392578125000e+01
8.397322845458984375e+01
8.588674163818359375e+01
8.635704040527343750e+01
8.507845306396484375e+01
8.389556121826171875e+01
8.506604003906250000e+01
8.576198577880859375e+01
8.719879913330078125e+01
8.773958587646484375e+01
8.779782867431640625e+01
8.623014831542968750e+01
8.444869995117187500e+01
8.273410034179687500e+01
8.270880126953125000e+01
8.154223632812500000e+01
8.137875366210937500e+01
8.322805786132812500e+01
8.570633697509765625e+01
8.770753479003906250e+01
8.686099243164062500e+01
8.565646362304687500e+01
8.434862518310546875e+01
8.164777374267578125e+01
8.123937225341796875e+01
8.232300567626953125e+01
8.532887268066406250e+01
8.731725311279296875e+01
8.789505767822265625e+01
8.651487731933593750e+01
8.560762023925781250e+01
8.430963134765625000e+01
8.424407196044921875e+01
8.499819946289062500e+01
8.313104248046875000e+01
8.348092651367187500e+01
8.173841094970703125e+01
8.207115936279296875e+01
8.281098937988281250e+01
8.308718872070312500e+01
8.322115325927734375e+01
8.364141845703125000e+01
8.424781036376953125e+01
8.511956787109375000e+01
8.597152709960937500e+01
8.538251495361328125e+01
8.575615692138671875e+01
8.561448669433593750e+01
8.525086212158203125e+01
8.649179840087890625e+01
8.725641632080078125e+01
8.699159240722656250e+01
8.547441101074218750e+01
8.369190979003906250e+01
8.361361694335937500e+01
8.415100860595703125e+01
8.420010375976562500e+01
8.482677459716796875e+01
8.509415435791015625e+01
8.456425476074218750e+01
8.433023834228515625e+01
8.458408355712890625e+01
8.656133270263671875e+01
8.732771301269531250e+01
8.876561737060546875e+01
8.824050140380859375e+01
8.759679412841796875e+01
8.553952026367187500e+01
8.577996826171875000e+01
8.681897735595703125e+01
8.642106628417968750e+01
8.588739776611328125e+01
8.425769042968750000e+01
8.371714019775390625e+01
8.356964874267578125e+01
8.527534484863281250e+01
8.631560516357421875e+01
8.607936096191406250e+01
8.405379486083984375e+01
8.390655517578125000e+01
8.353893280029296875e+01
8.375614166259765625e+01
8.348245239257812500e+01
8.316146850585937500e+01
8.379557037353515625e+01
8.375753784179687500e+01
8.483980560302734375e+01
8.416188049316406250e+01
8.415794372558593750e+01
8.421567535400390625e+01
8.331268310546875000e+01
8.380280303955078125e+01
8.441903686523437500e+01
8.580200958251953125e+01
8.681729888916015625e+01
8.642440032958984375e+01
8.487132263183593750e+01
8.487289428710937500e+01
8.350070953369140625e+01
8.388215637207031250e+01
8.286686706542968750e+01
8.311923217773437500e+01
8.363954925537109375e+01
8.432231140136718750e+01
8.387044525146484375e+01
8.315135192871093750e+01
8.420465087890625000e+01
8.448062896728515625e+01
8.512449645996093750e+01
8.471933746337890625e+01
8.449467468261718750e+01
8.516279602050781250e+01
8.427439117431640625e+01
8.364458465576171875e+01
8.186808776855468750e+01
8.201404571533203125e+01
8.190608215332031250e+01
8.225193023681640625e+01
8.409355926513671875e+01
8.351604461669921875e+01
8.342271423339843750e+01
8.292098999023437500e+01
8.344837188720703125e+01
8.390517425537109375e+01
8.260511779785156250e+01
8.265007019042968750e+01
8.203395843505859375e+01
8.355207824707031250e+01
8.310043334960937500e+01
8.428947448730468750e+01
8.454979705810546875e+01
8.485485076904296875e+01
8.380727386474609375e+01
8.280815124511718750e+01
8.275593566894531250e+01
8.351647949218750000e+01
8.403105163574218750e+01
8.354189300537109375e+01
8.352632904052734375e+01
8.197340393066406250e+01
8.208341979980468750e+01
8.242068481445312500e+01
8.280856323242187500e+01
8.288188934326171875e+01
8.314508056640625000e+01
8.378314971923828125e+01
8.406222534179687500e+01
8.311757659912109375e+01
8.191038513183593750e+01
8.125083923339843750e+01
8.186224365234375000e+01
8.179788208007812500e+01
8.148928833007812500e+01
8.111078643798828125e+01
7.983245849609375000e+01
7.919935607910156250e+01
7.908880615234375000e+01
8.007843017578125000e+01
8.012763214111328125e+01
7.918405151367187500e+01
7.806816864013671875e+01
7.773856353759765625e+01
7.948223114013671875e+01
8.101878356933593750e+01
8.205755615234375000e+01
8.048116302490234375e+01
8.068257141113281250e+01
8.138267517089843750e+01
8.105464935302734375e+01
8.048702239990234375e+01
8.008912658691406250e+01
7.917047119140625000e+01
7.740895843505859375e+01
7.637228393554687500e+01
7.769589233398437500e+01
7.890302276611328125e+01
7.952662658691406250e+01
7.971075439453125000e+01
7.979397583007812500e+01
7.980672454833984375e+01
7.949332427978515625e+01
7.931830596923828125e+01
8.043819427490234375e+01
8.034119415283203125e+01
7.928095245361328125e+01
7.940126037597656250e+01
7.934780120849609375e+01
7.926168823242187500e+01
7.922322845458984375e+01
7.771768951416015625e+01
7.787055206298828125e+01
7.880132293701171875e+01
8.019063568115234375e+01
8.032666015625000000e+01
7.871584320068359375e+01
7.778540039062500000e+01
7.692804718017578125e+01
7.706572723388671875e+01
7.771360015869140625e+01
7.828299713134765625e+01
7.846231842041015625e+01
7.779709625244140625e+01
7.720108032226562500e+01
7.825519561767578125e+01
7.823371124267578125e+01
7.707455444335937500e+01
7.565897369384765625e+01
7.542889404296875000e+01
7.554452514648437500e+01
7.658150482177734375e+01
7.604882049560546875e+01
7.633288574218750000e+01
7.645452117919921875e+01
7.781603240966796875e+01
7.825626373291015625e+01
7.800717163085937500e+01
7.762984466552734375e+01
7.816481018066406250e+01
7.844504547119140625e+01
7.826631164550781250e+01
7.670623779296875000e+01
7.609194183349609375e+01
7.559352111816406250e+01
7.568062591552734375e+01
7.450621032714843750e+01
7.465997314453125000e+01
7.522866821289062500e+01
7.602095794677734375e+01
7.572671508789062500e+01
7.499066925048828125e+01
7.568750762939453125e+01
7.684900665283203125e+01
7.715362548828125000e+01
7.634698486328125000e+01
7.549741363525390625e+01
7.602539825439453125e+01
7.653416442871093750e+01
7.614537811279296875e+01
7.587420654296875000e+01
7.529590606689453125e+01
7.447097015380859375e+01
7.449718475341796875e+01
7.499824523925781250e+01
7.586235046386718750e+01
7.590820312500000000e+01
7.574309539794921875e+01
7.465287017822265625e+01
7.414261627197265625e+01
7.382855224609375000e+01
7.307026672363281250e+01
7.233136749267578125e+01
7.166938781738281250e+01
7.222762298583984375e+01
7.370289611816406250e+01
7.415317535400390625e+01
7.369602203369140625e+01
7.356333923339843750e+01
7.317118835449218750e+01
7.238354492187500000e+01
7.211736297607421875e+01
7.115928649902343750e+01
7.149823760986328125e+01
7.150847625732421875e+01
7.230304718017578125e+01
7.253861999511718750e+01
7.275503540039062500e+01
7.255114746093750000e+01
7.306558227539062500e+01
7.208888244628906250e+01
7.200634765625000000e+01
7.084999847412109375e+01
7.194010925292968750e+01
7.223572540283203125e+01
7.309600067138671875e+01
6.967694091796875000e+01
6.818967437744140625e+01
6.694055938720703125e+01
6.797817993164062500e+01
6.812481689453125000e+01
6.745571899414062500e+01
6.874702453613281250e+01
6.924310302734375000e+01
6.976094055175781250e+01
6.948868560791015625e+01
6.946649932861328125e+01
6.968389892578125000e+01
6.961122131347656250e+01
6.842728424072265625e+01
6.799633026123046875e+01
6.676264953613281250e+01
6.694602203369140625e+01
6.728483581542968750e+01
6.858995056152343750e+01
6.875855255126953125e+01
6.892565917968750000e+01
6.957736206054687500e+01
7.106216430664062500e+01
7.073337554931640625e+01
6.906100463867187500e+01
6.767625427246093750e+01
6.753157806396484375e+01
6.738411712646484375e+01
6.775562286376953125e+01
6.813172149658203125e+01
6.778298187255859375e+01
6.731637573242187500e+01
6.656191253662109375e+01
6.647751617431640625e+01
6.562651824951171875e+01
6.565717315673828125e+01
6.636980438232421875e+01
6.613053894042968750e+01
6.610783386230468750e+01
6.500873565673828125e+01
6.567750549316406250e+01
6.619267272949218750e+01
6.916851806640625000e+01
7.399911499023437500e+01
7.671308135986328125e+01
7.500872802734375000e+01
7.074480438232421875e+01
7.031841278076171875e+01
6.973440551757812500e+01
7.031890869140625000e+01
7.037425231933593750e+01
7.398828887939453125e+01
7.638571166992187500e+01
7.633331298828125000e+01
7.351763916015625000e+01
7.113622283935546875e+01
6.972572326660156250e+01
6.871227264404296875e+01
6.814438629150390625e+01
6.729401397705078125e+01
6.675236511230468750e+01
6.595823669433593750e+01
6.528064727783203125e+01
6.418723297119140625e+01
6.359894180297851562e+01
6.455879974365234375e+01
6.489716339111328125e+01
6.493424224853515625e+01
6.514855957031250000e+01
6.573848724365234375e+01
6.620481872558593750e+01
6.552297210693359375e+01
6.456441497802734375e+01
6.488822937011718750e+01
6.409618377685546875e+01
6.492303466796875000e+01
6.476995086669921875e+01
6.529263305664062500e+01
6.549745941162109375e+01
6.490605163574218750e+01
6.350515365600585938e+01
6.333439636230468750e+01
6.316390228271484375e+01
6.368544387817382812e+01
6.330026245117187500e+01
6.266040039062500000e+01
6.337372589111328125e+01
6.412614440917968750e+01
6.400961303710937500e+01
6.270456314086914062e+01
6.281278228759765625e+01
6.362166976928710938e+01
6.491503143310546875e+01
6.596625518798828125e+01
6.513661193847656250e+01
6.478784179687500000e+01
6.280507278442382812e+01
6.238289260864257812e+01
6.190707778930664062e+01
6.346298217773437500e+01
6.403214263916015625e+01
6.417171478271484375e+01
6.332161331176757812e+01
6.257147979736328125e+01
6.245859146118164062e+01
6.260586547851562500e+01
6.166851043701171875e+01
6.067255020141601562e+01
6.076901626586914062e+01
6.138029479980468750e+01
6.228686141967773438e+01
6.208282470703125000e+01
6.155248260498046875e+01
6.064584732055664062e+01
6.140738296508789062e+01
6.204187393188476562e+01
6.275629806518554688e+01
6.268267822265625000e+01
6.197184371948242188e+01
6.062280273437500000e+01
5.953767776489257812e+01
5.925128936767578125e+01
5.958813858032226562e+01
6.029872894287109375e+01
6.097227096557617188e+01
5.992926025390625000e+01
5.960835647583007812e+01
5.933079910278320312e+01
5.985779190063476562e+01
5.942259597778320312e+01
5.982016754150390625e+01
6.001723098754882812e+01
6.053565597534179688e+01
6.035717773437500000e+01
5.984480667114257812e+01
5.988153457641601562e+01
5.946209716796875000e+01
5.854146575927734375e+01
5.770161437988281250e+01
5.737232589721679688e+01
5.837376022338867188e+01
5.900588989257812500e+01
5.946785354614257812e+01
5.864380264282226562e+01
5.792791748046875000e+01
5.719363021850585938e+01
5.807079696655273438e+01
5.918164443969726562e+01
5.986572265625000000e+01
5.974193572998046875e+01
5.884102249145507812e+01
5.790595626831054688e+01
5.730008697509765625e+01
5.823489379882812500e+01
5.897739410400390625e+01
5.960715103149414062e+01
6.003340148925781250e+01
5.979753494262695312e+01
5.981528854370117188e+01
5.867480468750000000e+01
5.775387573242187500e+01
5.687176895141601562e+01
5.697835540771484375e+01
5.709645080566406250e+01
5.671577835083007812e+01
5.737770080566406250e+01
5.763137817382812500e+01
5.769082641601562500e+01
5.758728790283203125e+01
5.722405242919921875e+01
5.744007492065429688e+01
5.721796035766601562e+01
5.724704360961914062e+01
5.699978637695312500e+01
5.628442001342773438e+01
5.592463684082031250e+01
5.600866699218750000e+01
5.549052047729492188e+01
5.634564971923828125e+01
5.576759338378906250e+01
5.592893600463867188e+01
5.533618545532226562e+01
5.581510162353515625e+01
5.573803329467773438e+01
5.569661712646484375e+01
5.491884231567382812e+01
5.475086212158203125e+01
5.353911590576171875e+01
5.305066299438476562e+01
5.272394561767578125e+01
5.264483642578125000e+01
5.371972274780273438e+01
5.454035949707031250e+01
5.503029632568359375e+01
5.438722610473632812e+01
5.344841384887695312e+01
5.364553070068359375e+01
5.365187072753906250e+01
5.384967041015625000e+01
5.421149444580078125e+01
5.446945190429687500e+01
5.403613662719726562e+01
5.366508483886718750e+01
5.341710281372070312e+01
5.408783340454101562e+01
5.321221160888671875e+01
5.294842147827148438e+01
5.321905899047851562e+01
5.370192718505859375e+01
5.390852737426757812e+01
5.351526260375976562e+01
5.245327377319335938e+01
5.282285308837890625e+01
5.223181533813476562e+01
5.227081298828125000e+01
5.219589614868164062e+01
5.285227584838867188e+01
5.318073654174804688e+01
5.311523818969726562e+01
5.220069503784179688e+01
5.182707595825195312e+01
5.165469741821289062e+01
5.216527175903320312e+01
5.258204650878906250e+01
5.180249786376953125e+01
5.154567718505859375e+01
5.131393814086914062e+01
5.157152938842773438e+01
5.349374008178710938e+01
5.354416656494140625e+01
5.366861343383789062e+01
5.235630416870117188e+01
5.296714782714843750e+01
5.418361663818359375e+01
5.415705490112304688e+01
5.416235351562500000e+01
5.250535964965820312e+01
5.231314849853515625e+01
5.233640289306640625e+01
5.282682418823242188e+01
5.254473495483398438e+01
5.175083160400390625e+01
5.199167633056640625e+01
5.190851974487304688e+01
5.192391586303710938e+01
5.204206466674804688e+01
5.208029937744140625e+01
5.174227523803710938e+01
5.064898681640625000e+01
5.054714202880859375e+01
5.133019638061523438e+01
5.196447372436523438e+01
5.098537826538085938e+01
5.075705718994140625e+01
5.108311843872070312e+01
5.178583908081054688e+01
5.211574935913085938e+01
5.289395904541015625e+01
5.194721603393554688e+01
5.164070129394531250e+01
5.137083435058593750e+01
5.096973419189453125e+01
4.961248016357421875e+01
4.919634246826171875e+01
4.944022369384765625e+01
5.030046081542968750e+01
5.018405151367187500e+01
4.997253417968750000e+01
4.939155197143554688e+01
4.889258956909179688e+01
4.957664489746093750e+01
5.001529312133789062e+01
4.976449966430664062e+01
4.901238632202148438e+01
4.875013351440429688e+01
4.900087356567382812e+01
4.945559310913085938e+01
4.971897506713867188e+01
5.005394363403320312e+01
5.021726226806640625e+01
5.004017257690429688e+01
4.923512649536132812e+01
4.848068618774414062e+01
4.827456665039062500e+01
4.798148727416992188e+01
4.847027206420898438e+01
4.857605743408203125e+01
4.847665023803710938e+01
4.805738067626953125e+01
4.846674728393554688e+01
4.920384216308593750e+01
4.950735473632812500e+01
4.836627960205078125e+01
4.741877746582031250e+01
4.723237991333007812e+01
4.792842102050781250e+01
4.973555374145507812e+01
5.053342437744140625e+01
5.168833160400390625e+01
5.141260147094726562e+01
5.038891601562500000e+01
4.886056137084960938e+01
4.862515258789062500e+01
4.839438247680664062e+01
4.952435684204101562e+01
4.899790954589843750e+01
4.861122894287109375e+01
4.830223846435546875e+01
4.901747512817382812e+01
4.945796203613281250e+01
4.864765167236328125e+01
4.718589019775390625e+01
4.708644485473632812e+01
4.805792617797851562e+01
4.826734161376953125e+01
4.911223983764648438e+01
4.911057662963867188e+01
4.941146850585937500e+01
4.867480850219726562e+01
4.803170394897460938e+01
4.856180953979492188e+01
4.905345916748046875e+01
4.861418914794921875e+01
4.794636535644531250e+01
4.727677917480468750e+01
4.648787307739257812e+01
4.620043182373046875e+01
4.661796188354492188e+01
4.755468368530273438e+01
4.772356414794921875e+01
4.787844467163085938e+01
4.850333404541015625e+01
4.844973754882812500e+01
4.781928634643554688e+01
4.649127578735351562e+01
4.582211685180664062e+01
4.612484359741210938e+01
4.695054626464843750e+01
4.722550201416015625e+01
4.752400207519531250e+01
4.745374298095703125e+01
4.784244918823242188e+01
4.795627212524414062e+01
4.742441558837890625e+01
4.729378890991210938e+01
4.740406036376953125e+01
4.808291244506835938e+01
4.797615814208984375e+01
4.797971725463867188e+01
4.679730606079101562e+01
4.667562103271484375e+01
4.709315872192382812e+01
4.790575027465820312e+01
4.750575256347656250e+01
4.710293197631835938e+01
4.756620407104492188e+01
4.783298110961914062e+01
4.811776733398437500e+01
4.755289840698242188e+01
4.776298522949218750e+01
4.720607376098632812e+01
4.667353820800781250e+01
4.609790802001953125e+01
4.577883148193359375e+01
4.540477371215820312e+01
4.645318984985351562e+01
4.697409820556640625e+01
4.800258636474609375e+01
4.684685516357421875e+01
4.638288879394531250e+01
4.557682037353515625e+01
4.607227325439453125e+01
4.619521331787109375e+01
4.585580444335937500e+01
4.666843795776367188e+01
4.639579772949218750e+01
4.658290863037109375e+01
4.571162796020507812e+01
4.516858673095703125e+01
4.541182327270507812e+01
4.618954086303710938e+01
4.753135299682617188e+01
4.724780273437500000e+01
4.676222229003906250e+01
4.644783020019531250e+01
4.708317947387695312e+01
4.753921508789062500e+01
4.680665206909179688e+01
4.498437118530273438e+01
4.493255996704101562e+01
4.618444824218750000e+01
4.714770889282226562e+01
4.745410537719726562e+01
4.690880584716796875e+01
4.648979949951171875e+01
4.601536560058593750e+01
4.585348892211914062e+01
4.672134399414062500e+01
4.632257080078125000e+01
4.662425994873046875e+01
4.591232299804687500e+01
4.673045730590820312e+01
4.702836227416992188e+01
4.595627212524414062e+01
4.469619369506835938e+01
4.408532714843750000e+01
4.501091384887695312e+01
4.524904632568359375e+01
4.582960891723632812e+01
4.547759628295898438e+01
4.561227798461914062e+01
4.522910308837890625e+01
4.602531433105468750e+01
4.633603668212890625e+01
4.595191574096679688e+01
4.492668533325195312e+01
4.394773101806640625e+01
4.542028045654296875e+01
4.594632339477539062e+01
4.738122940063476562e+01
4.695360183715820312e+01
4.800967788696289062e+01
4.691487121582031250e+01
4.535089874267578125e+01
4.459171676635742188e+01
4.377280807495117188e+01
4.416640090942382812e+01
4.521098709106445312e+01
4.704995727539062500e+01
4.732513809204101562e+01
4.665885543823242188e+01
4.626102828979492188e+01
4.614669799804687500e+01
4.524806213378906250e+01
4.570054244995117188e+01
4.544778060913085938e+01
4.598678588867187500e+01
4.543507003784179688e+01
4.632925796508789062e+01
4.570119476318359375e+01
4.536226272583007812e+01
4.594728088378906250e+01
4.674850845336914062e+01
4.743074417114257812e+01
4.655668640136718750e+01
4.660750198364257812e+01
4.712593460083007812e+01
4.812421798706054688e+01
4.692317581176757812e+01
4.638565063476562500e+01
4.567667770385742188e+01
4.572154617309570312e+01
4.622286987304687500e+01
4.661568832397460938e+01
4.708351516723632812e+01
4.684639358520507812e+01
4.616968536376953125e+01
4.659305572509765625e+01
4.579778289794921875e+01
4.579269790649414062e+01
4.492256927490234375e+01
4.603242874145507812e+01
4.621865081787109375e+01
4.620045852661132812e+01
4.507482147216796875e+01
4.476372146606445312e+01
4.582954406738281250e+01
4.652594375610351562e+01
4.620791244506835938e+01
4.540837097167968750e+01
4.515943145751953125e+01
4.476744079589843750e+01
4.491616439819335938e+01
4.493427276611328125e+01
4.528437805175781250e+01
4.482541275024414062e+01
4.494861984252929688e+01
4.481475830078125000e+01
4.470290756225585938e+01
4.393573760986328125e+01
4.333098983764648438e+01
4.477332305908203125e+01
4.555236816406250000e+01
4.532812881469726562e+01
4.469397735595703125e+01
4.436391067504882812e+01
4.483985519409179688e+01
4.474991989135742188e+01
4.454894638061523438e+01
4.370120239257812500e+01
4.356373596191406250e+01
4.485630798339843750e+01
4.581170654296875000e+01
4.448586273193359375e+01
4.330312728881835938e+01
4.304494857788085938e+01
4.366347885131835938e+01
4.270219802856445312e+01
4.215828704833984375e+01
4.311234664916992188e+01
4.482114410400390625e+01
4.583369827270507812e+01
4.653040695190429688e+01
4.623559951782226562e+01
4.563848876953125000e+01
4.548279190063476562e+01
4.481390380859375000e+01
4.433802413940429688e+01
4.410470962524414062e+01
4.505468750000000000e+01
4.570746231079101562e+01
4.592555618286132812e+01
4.605843353271484375e+01
4.549907684326171875e+01
4.494447708129882812e+01
4.407114791870117188e+01
4.353675460815429688e+01
4.401814651489257812e+01
4.368901443481445312e+01
4.448763275146484375e+01
4.439286041259765625e+01
4.449044418334960938e+01
4.451653289794921875e+01
4.522126007080078125e+01
4.563055038452148438e+01
4.525960159301757812e+01
4.555560302734375000e+01
4.562803649902343750e+01
4.510831451416015625e+01
4.415195846557617188e+01
4.487972640991210938e+01
4.545514297485351562e+01
4.508123397827148438e+01
4.351139831542968750e+01
4.360730361938476562e+01
4.522814559936523438e+01
4.586590957641601562e+01
4.559423065185546875e+01
4.458703994750976562e+01
4.458267211914062500e+01
4.549339294433593750e+01
4.567949676513671875e+01
4.544395828247070312e+01
4.602196121215820312e+01
4.667772674560546875e+01
4.686159133911132812e+01
4.649430847167968750e+01
4.790640258789062500e+01
4.744749069213867188e+01
4.757603454589843750e+01
4.624472427368164062e+01
4.591373062133789062e+01
4.502915191650390625e+01
4.474588394165039062e+01
4.567847442626953125e+01
4.692293167114257812e+01
4.688478469848632812e+01
4.580612182617187500e+01
4.474987792968750000e+01
4.487915420532226562e+01
4.465427398681640625e+01
4.420099258422851562e+01
4.344339752197265625e+01
4.369483566284179688e+01
4.422612762451171875e+01
4.473956680297851562e+01
4.508724594116210938e+01
4.578693771362304688e+01
4.544502639770507812e+01
4.379132080078125000e+01
4.353113174438476562e+01
4.398015594482421875e+01
4.535606765747070312e+01
4.526771163940429688e+01
4.516914749145507812e+01
4.497970199584960938e+01
4.538550567626953125e+01
4.560191345214843750e+01
4.548882293701171875e+01
4.491579055786132812e+01
4.304862213134765625e+01
4.187520599365234375e+01
4.166948318481445312e+01
4.254480361938476562e+01
4.397215270996093750e+01
4.491063308715820312e+01
4.443436813354492188e+01
4.372932434082031250e+01
4.412467956542968750e+01
4.607288360595703125e+01
4.662113571166992188e+01
4.569593048095703125e+01
4.380160140991210938e+01
4.275483322143554688e+01
4.252570724487304688e+01
4.306835174560546875e+01
4.344003677368164062e+01
4.285428619384765625e+01
4.248507308959960938e+01
4.195719528198242188e+01
4.186423492431640625e+01
4.150382995605468750e+01
4.125835037231445312e+01
4.069827270507812500e+01
4.035320663452148438e+01
4.147889328002929688e+01
4.226689147949218750e+01
4.313270950317382812e+01
4.322576904296875000e+01
4.381691360473632812e+01
4.311354446411132812e+01
4.197607040405273438e+01
4.194322967529296875e+01
4.336610031127929688e+01
4.547699356079101562e+01
4.726667785644531250e+01
4.891017913818359375e+01
4.857347488403320312e+01
4.802246475219726562e+01
4.874174880981445312e+01
4.879937744140625000e+01
4.960247039794921875e+01
4.780905914306640625e+01
4.804768371582031250e+01
4.642366409301757812e+01
4.681686782836914062e+01
4.637529373168945312e+01
4.670054626464843750e+01
4.625392532348632812e+01
4.549076843261718750e+01
4.533177947998046875e+01
4.543372344970703125e+01
4.597852325439453125e+01
4.542241668701171875e+01
4.531037521362304688e+01
4.447615051269531250e+01
4.417436981201171875e+01
4.292311096191406250e+01
4.326558685302734375e+01
4.524665832519531250e+01
4.646265411376953125e+01
4.610145568847656250e+01
4.563125228881835938e+01
4.524205780029296875e+01
4.523505783081054688e+01
4.485987472534179688e+01
4.430788040161132812e+01
4.601122283935546875e+01
4.664354324340820312e+01
4.645637512207031250e+01
4.447818374633789062e+01
4.351191329956054688e+01
4.301866912841796875e+01
4.333277130126953125e+01
4.249641418457031250e+01
4.201432418823242188e+01
4.382773971557617188e+01
4.537952804565429688e+01
4.538698196411132812e+01
4.418920898437500000e+01
4.402526473999023438e+01
4.380963134765625000e+01
4.276218795776367188e+01
4.272211074829101562e+01
4.482322311401367188e+01
4.547608184814453125e+01
4.591161346435546875e+01
4.456174468994140625e+01
4.559301757812500000e+01
4.559482192993164062e+01
4.562556838989257812e+01
4.461097335815429688e+01
4.486806869506835938e+01
4.514704895019531250e+01
4.472414016723632812e+01
4.450580978393554688e+01
4.397853851318359375e+01
4.366289520263671875e+01
4.361353302001953125e+01
4.395654678344726562e+01
4.551847076416015625e+01
4.573939895629882812e+01
4.564465713500976562e+01
4.408654785156250000e+01
4.326044082641601562e+01
4.447796249389648438e+01
4.513449859619140625e+01
4.428437805175781250e+01
4.237884140014648438e+01
4.165596389770507812e+01
4.138164138793945312e+01
4.182918930053710938e+01
4.307833862304687500e+01
4.361627578735351562e+01
4.335337448120117188e+01
4.307836532592773438e+01
4.375055694580078125e+01
4.320960235595703125e+01
4.223016738891601562e+01
4.100597000122070312e+01
4.165747451782226562e+01
4.207509994506835938e+01
4.357662582397460938e+01
4.453270339965820312e+01
4.541075897216796875e+01
4.480435562133789062e+01
4.493663787841796875e+01
4.451706314086914062e+01
4.451013183593750000e+01
4.327699279785156250e+01
4.231918334960937500e+01
4.144997787475585938e+01
4.200879287719726562e+01
4.335053253173828125e+01
4.516698074340820312e+01
4.520182418823242188e+01
4.499330139160156250e+01
4.449834060668945312e+01
4.470284271240234375e+01
4.338822555541992188e+01
4.370079421997070312e+01
4.385657882690429688e+01
4.324031066894531250e+01
4.277715682983398438e+01
4.254493331909179688e+01
4.305752563476562500e+01
4.385858535766601562e+01
4.393070220947265625e+01
4.360721588134765625e+01
4.362780761718750000e+01
4.374134445190429688e+01
4.353686141967773438e+01
4.370204162597656250e+01
4.551332092285156250e+01
4.465629196166992188e+01
4.311433410644531250e+01
4.228973770141601562e+01
4.216809844970703125e+01
4.280410003662109375e+01
4.380499267578125000e+01
4.389462661743164062e+01
4.328759002685546875e+01
4.262322998046875000e+01
4.283911132812500000e+01
4.215354537963867188e+01
4.188026428222656250e+01
4.225309371948242188e+01
4.190740585327148438e+01
4.178325271606445312e+01
4.150352478027343750e+01
4.158719253540039062e+01
4.182340240478515625e+01
4.162371444702148438e+01
4.181240081787109375e+01
4.197259140014648438e+01
4.171152496337890625e+01
4.216882705688476562e+01
4.239557647705078125e+01
4.175662994384765625e+01
4.213403701782226562e+01
4.232706069946289062e+01
4.208947372436523438e+01
4.097340393066406250e+01
4.257762908935546875e+01
4.330397415161132812e+01
4.329188537597656250e+01
4.322974014282226562e+01
4.342592620849609375e+01
4.249216842651367188e+01
4.286970138549804688e+01
4.308590316772460938e+01
4.369455337524414062e+01
4.337484741210937500e+01
4.258136749267578125e+01
4.178448104858398438e+01
4.171887969970703125e+01
4.193503189086914062e+01
4.140803909301757812e+01
4.082922744750976562e+01
4.112791824340820312e+01
4.174793243408203125e+01
4.170739746093750000e+01
4.239486694335937500e+01
4.236479187011718750e+01
4.208321762084960938e+01
4.207815170288085938e+01
4.242076492309570312e+01
4.195376968383789062e+01
4.057796478271484375e+01
4.040316772460937500e+01
4.068648910522460938e+01
4.153993988037109375e+01
4.288006973266601562e+01
4.449116134643554688e+01
4.436504364013671875e+01
4.271437835693359375e+01
4.120095062255859375e+01
4.151840972900390625e+01
4.235666275024414062e+01
4.304173278808593750e+01
4.252157211303710938e+01
4.305709838867187500e+01
4.401855468750000000e+01
4.465912246704101562e+01
4.377215194702148438e+01
4.393523788452148438e+01
4.261611175537109375e+01
4.161569976806640625e+01
4.112395477294921875e+01
4.152431488037109375e+01
4.149506378173828125e+01
4.140591430664062500e+01
4.174434661865234375e+01
4.175790023803710938e+01
4.155982589721679688e+01
4.175352478027343750e+01
4.238703536987304688e+01
4.227138519287109375e+01
4.323053359985351562e+01
4.302222061157226562e+01
4.262969589233398438e+01
4.331206512451171875e+01
4.466933059692382812e+01
4.325543594360351562e+01
4.156978225708007812e+01
4.140847015380859375e+01
4.196242904663085938e+01
4.053582382202148438e+01
4.077087783813476562e+01
4.042058944702148438e+01
4.034408569335937500e+01
4.083682632446289062e+01
4.200760650634765625e+01
4.275724792480468750e+01
4.211822128295898438e+01
4.183277130126953125e+01
4.089540863037109375e+01
4.109127426147460938e+01
4.135713195800781250e+01
4.142669677734375000e+01
4.109093856811523438e+01
4.113034820556640625e+01
4.180081558227539062e+01
4.118502426147460938e+01
4.078882217407226562e+01
4.098513793945312500e+01
4.226488494873046875e+01
4.189184570312500000e+01
4.162659835815429688e+01
4.110613250732421875e+01
4.085814666748046875e+01
4.033790588378906250e+01
3.993091583251953125e+01
4.069129562377929688e+01
4.030582427978515625e+01
3.990091323852539062e+01
3.950404739379882812e+01
4.041019058227539062e+01
4.219559860229492188e+01
4.274436187744140625e+01
4.268949508666992188e+01
4.116606903076171875e+01
4.128675460815429688e+01
4.146206283569335938e+01
4.064756774902343750e+01
3.957915115356445312e+01
3.999908828735351562e+01
4.114148712158203125e+01
4.167112731933593750e+01
4.219474029541015625e+01
4.199114608764648438e+01
4.146162033081054688e+01
4.066553497314453125e+01
4.089379882812500000e+01
4.059753036499023438e+01
4.103019714355468750e+01
3.952148437500000000e+01
3.974264144897460938e+01
3.982378005981445312e+01
3.981772613525390625e+01
4.017385482788085938e+01
4.020288848876953125e+01
3.988941955566406250e+01
4.043638610839843750e+01
4.160211944580078125e+01
4.293005371093750000e+01
4.361427307128906250e+01
4.301040649414062500e+01
4.142343902587890625e+01
4.066022109985351562e+01
4.103693008422851562e+01
4.103156280517578125e+01
4.202814102172851562e+01
4.269712066650390625e+01
4.308928680419921875e+01
4.231815338134765625e+01
4.123306274414062500e+01
4.002503204345703125e+01
4.000212478637695312e+01
4.074269104003906250e+01
4.016786193847656250e+01
3.987472915649414062e+01
4.025516510009765625e+01
3.937696075439453125e+01
3.951504516601562500e+01
4.135886383056640625e+01
4.217844009399414062e+01
4.085809326171875000e+01
4.122491073608398438e+01
4.302291870117187500e+01
4.309326553344726562e+01
4.220761871337890625e+01
4.290023040771484375e+01
4.105638885498046875e+01
4.028063201904296875e+01
3.999124908447265625e+01
4.058646774291992188e+01
4.091268920898437500e+01
4.100583648681640625e+01
3.982280731201171875e+01
4.030440139770507812e+01
4.069301605224609375e+01
4.102399826049804688e+01
4.010936355590820312e+01
4.006026840209960938e+01
4.034743881225585938e+01
3.949318313598632812e+01
3.824207687377929688e+01
3.969591903686523438e+01
4.131400680541992188e+01
4.125835800170898438e+01
4.129487609863281250e+01
4.075726699829101562e+01
4.096408843994140625e+01
4.107197952270507812e+01
4.155318069458007812e+01
4.057591247558593750e+01
3.967030334472656250e+01
3.927198028564453125e+01
3.992971801757812500e+01
3.978785324096679688e+01
3.949658203125000000e+01
3.924353027343750000e+01
3.929796600341796875e+01
4.051947402954101562e+01
3.987910461425781250e+01
3.970261764526367188e+01
4.058607864379882812e+01
4.137159729003906250e+01
4.142486953735351562e+01
4.129502105712890625e+01
4.169794845581054688e+01
4.300745773315429688e+01
4.256309890747070312e+01
4.106344985961914062e+01
3.999175262451171875e+01
3.957142257690429688e+01
4.143629455566406250e+01
4.291691207885742188e+01
4.147137069702148438e+01
3.957236862182617188e+01
3.906822967529296875e+01
3.852395629882812500e+01
3.887522888183593750e+01
3.974297332763671875e+01
4.026159667968750000e+01
4.010990524291992188e+01
3.956543731689453125e+01
4.006704711914062500e+01
4.129214477539062500e+01
4.215258789062500000e+01
4.182758331298828125e+01
4.025118637084960938e+01
3.956528091430664062e+01
3.980225753784179688e+01
3.968790817260742188e+01
4.061691284179687500e+01
4.220305252075195312e+01
4.211374282836914062e+01
4.079152679443359375e+01
3.895883178710937500e+01
3.995019912719726562e+01
4.149238204956054688e+01
4.069123840332031250e+01
4.096096420288085938e+01
4.179485321044921875e+01
4.107544708251953125e+01
3.913180160522460938e+01
3.889836120605468750e+01
3.988317489624023438e+01
4.161397933959960938e+01
4.200902557373046875e+01
4.131562805175781250e+01
4.091930770874023438e+01
4.080855560302734375e+01
4.217526626586914062e+01
4.273979949951171875e+01
4.119414138793945312e+01
4.043525314331054688e+01
4.058650970458984375e+01
4.101160430908203125e+01
3.958884429931640625e+01
3.838988494873046875e+01
3.887217712402343750e+01
3.917661285400390625e+01
4.023695373535156250e+01
4.134681320190429688e+01
4.151374053955078125e+01
4.112636947631835938e+01
4.091934585571289062e+01
4.182008361816406250e+01
4.241825866699218750e+01
4.139739990234375000e+01
4.112573242187500000e+01
4.070261764526367188e+01
4.056441879272460938e+01
4.062737655639648438e+01
4.045089340209960938e+01
3.891376876831054688e+01
3.957270812988281250e+01
4.110707855224609375e+01
4.187963104248046875e+01
4.190545654296875000e+01
4.182051467895507812e+01
4.257773590087890625e+01
4.155780410766601562e+01
4.148477935791015625e+01
4.230647277832031250e+01
4.165622711181640625e+01
4.052016067504882812e+01
4.082656097412109375e+01
4.088274765014648438e+01
3.955882263183593750e+01
3.877579116821289062e+01
3.917174530029296875e+01
4.084335327148437500e+01
4.099127960205078125e+01
3.921197891235351562e+01
3.889767837524414062e+01
3.901998519897460938e+01
4.039524841308593750e+01
4.104003524780273438e+01
4.146879196166992188e+01
4.094144058227539062e+01
3.943912506103515625e+01
4.017270278930664062e+01
4.400706100463867188e+01
4.625162887573242188e+01
4.600505447387695312e+01
4.504363632202148438e+01
4.364959335327148438e+01
4.286341094970703125e+01
4.216734313964843750e+01
4.099721145629882812e+01
4.442145919799804688e+01
4.956875991821289062e+01
5.015509796142578125e+01
4.624527359008789062e+01
4.555551528930664062e+01
4.454034805297851562e+01
4.319437789916992188e+01
4.095817565917968750e+01
4.178067016601562500e+01
4.377871704101562500e+01
4.446702575683593750e+01
4.369697189331054688e+01
4.227231216430664062e+01
4.248631668090820312e+01
4.314704132080078125e+01
4.593572998046875000e+01
4.616357040405273438e+01
4.432757568359375000e+01
4.391003417968750000e+01
4.430849075317382812e+01
4.425181579589843750e+01
4.466574859619140625e+01
4.417820739746093750e+01
4.343887710571289062e+01
4.414244461059570312e+01
4.437028503417968750e+01
4.407352066040039062e+01
4.399194717407226562e+01
4.388714981079101562e+01
4.328085708618164062e+01
4.224597167968750000e+01
4.238045501708984375e+01
4.204026412963867188e+01
4.190547943115234375e+01
4.216209411621093750e+01
4.303952407836914062e+01
4.259181976318359375e+01
4.201565933227539062e+01
4.165227508544921875e+01
4.170660400390625000e+01
4.177099227905273438e+01
4.101153564453125000e+01
4.055651855468750000e+01
4.043905639648437500e+01
4.067341613769531250e+01
4.182437896728515625e+01
4.267138671875000000e+01
4.324851989746093750e+01
4.307194519042968750e+01
4.166606140136718750e+01
4.147685623168945312e+01
4.255281066894531250e+01
4.203820419311523438e+01
4.004069900512695312e+01
4.049524688720703125e+01
4.116222000122070312e+01
4.080284500122070312e+01
4.067089462280273438e+01
4.097294235229492188e+01
4.095563507080078125e+01
3.996670532226562500e+01
3.877909469604492188e+01
3.891150283813476562e+01
3.913423919677734375e+01
3.970961380004882812e+01
4.124158477783203125e+01
4.248178482055664062e+01
4.107283401489257812e+01
4.006064224243164062e+01
4.005841445922851562e+01
4.013811492919921875e+01
3.987917327880859375e+01
3.981707763671875000e+01
4.030747222900390625e+01
3.971456909179687500e+01
4.002411651611328125e+01
4.080773925781250000e+01
4.174127578735351562e+01
4.165842819213867188e+01
3.983433151245117188e+01
3.998336410522460938e+01
4.082644653320312500e+01
4.092502975463867188e+01
3.922014236450195312e+01
3.933070755004882812e+01
4.097126388549804688e+01
4.212661361694335938e+01
4.085592269897460938e+01
4.041774368286132812e+01
4.084883117675781250e+01
4.074864196777343750e+01
4.059239578247070312e+01
4.041841888427734375e+01
3.966359329223632812e+01
3.927682876586914062e+01
4.021248626708984375e+01
3.990261840820312500e+01
3.886698150634765625e+01
3.940894317626953125e+01
3.978142547607421875e+01
3.939460754394531250e+01
4.013162994384765625e+01
4.042529678344726562e+01
4.043759155273437500e+01
4.058424377441406250e+01
4.154107284545898438e+01
4.183429718017578125e+01
4.133780288696289062e+01
4.002708435058593750e+01
4.024865722656250000e+01
4.138167572021484375e+01
4.058289337158203125e+01
4.052309799194335938e+01
3.992890930175781250e+01
3.951078796386718750e+01
4.045225143432617188e+01
4.015715789794921875e+01
3.967542266845703125e+01
4.064639663696289062e+01
4.039347839355468750e+01
3.947705459594726562e+01
3.938180541992187500e+01
3.892381286621093750e+01
3.997180175781250000e+01
4.129684066772460938e+01
4.136925506591796875e+01
3.991432952880859375e+01
3.954485702514648438e+01
4.055846023559570312e+01
4.041831970214843750e+01
4.014717483520507812e+01
4.007437133789062500e+01
4.044643402099609375e+01
4.092117309570312500e+01
4.079430770874023438e+01
4.037352371215820312e+01
3.879843139648437500e+01
4.044628906250000000e+01
4.080002212524414062e+01
3.970594787597656250e+01
4.064200973510742188e+01
3.999998855590820312e+01
3.970349502563476562e+01
3.948987960815429688e+01
3.864015197753906250e+01
3.795545959472656250e+01
3.878941726684570312e+01
3.965461349487304688e+01
3.988391876220703125e+01
3.994915008544921875e+01
4.076647567749023438e+01
4.198371505737304688e+01
4.152062606811523438e+01
3.966749954223632812e+01
3.814521408081054688e+01
3.805974197387695312e+01
3.897002792358398438e+01
3.884234619140625000e+01
3.864122390747070312e+01
3.764240264892578125e+01
3.794432449340820312e+01
3.994091415405273438e+01
3.985168075561523438e+01
3.886441421508789062e+01
3.845384979248046875e+01
3.834450149536132812e+01
3.842308807373046875e+01
3.869048690795898438e+01
3.888441467285156250e+01
3.928916549682617188e+01
3.998275756835937500e+01
4.059805679321289062e+01
4.029598617553710938e+01
3.761006546020507812e+01
3.714009094238281250e+01
3.960454559326171875e+01
3.939836120605468750e+01
3.749420928955078125e+01
3.729557800292968750e+01
3.845374679565429688e+01
3.982275009155273438e+01
3.962725448608398438e+01
3.938238143920898438e+01
3.944018936157226562e+01
3.952209472656250000e+01
3.875440597534179688e+01
3.812066268920898438e+01
3.851059341430664062e+01
3.829624938964843750e+01
3.800311279296875000e+01
3.977614974975585938e+01
4.016117858886718750e+01
3.970095443725585938e+01
4.041129302978515625e+01
4.038105010986328125e+01
4.014912033081054688e+01
3.971828842163085938e+01
3.808169174194335938e+01
3.810172271728515625e+01
3.771242523193359375e+01
3.713947677612304688e+01
3.737072372436523438e+01
3.809389877319335938e+01
3.851452255249023438e+01
3.794563293457031250e+01
3.761205673217773438e+01
3.741345214843750000e+01
3.712157821655273438e+01
3.718997955322265625e+01
3.723312377929687500e+01
3.726396560668945312e+01
3.984209823608398438e+01
3.968207168579101562e+01
3.801791763305664062e+01
3.831832504272460938e+01
3.958652496337890625e+01
3.857641220092773438e+01
3.806495285034179688e+01
3.835752487182617188e+01
3.858309936523437500e+01
3.764157485961914062e+01
3.806208801269531250e+01
3.876571273803710938e+01
3.688543701171875000e+01
3.738988876342773438e+01
3.913687515258789062e+01
3.920455932617187500e+01
3.801620864868164062e+01
3.716403579711914062e+01
3.675202178955078125e+01
3.707069778442382812e+01
3.720182037353515625e+01
3.706377792358398438e+01
3.745723724365234375e+01
3.638061523437500000e+01
3.503789520263671875e+01
3.607606124877929688e+01
3.798641204833984375e+01
3.950743103027343750e+01
3.985857772827148438e+01
3.823543167114257812e+01
3.845388793945312500e+01
3.978426742553710938e+01
3.801235198974609375e+01
3.672184371948242188e+01
3.654347229003906250e+01
3.679486083984375000e+01
3.715465927124023438e+01
3.826393508911132812e+01
3.941260147094726562e+01
3.923457717895507812e+01
3.762618637084960938e+01
3.657120132446289062e+01
3.558988952636718750e+01
3.648716354370117188e+01
3.824059295654296875e+01
3.859902572631835938e+01
3.873006820678710938e+01
3.836073684692382812e+01
3.804844284057617188e+01
3.749713134765625000e+01
3.831008911132812500e+01
3.808333969116210938e+01
3.707802200317382812e+01
3.802757644653320312e+01
3.914518356323242188e+01
3.838924789428710938e+01
3.755807113647460938e+01
3.641938400268554688e+01
3.696459197998046875e+01
3.851024246215820312e+01
3.917997360229492188e+01
3.884582138061523438e+01
3.832073974609375000e+01
3.836435699462890625e+01
3.780631256103515625e+01
3.692663192749023438e+01
3.608666610717773438e+01
3.697242736816406250e+01
3.635243225097656250e+01
3.556396865844726562e+01
3.659998321533203125e+01
3.714940643310546875e+01
3.744405746459960938e+01
3.663912200927734375e+01
3.658942794799804688e+01
3.843568038940429688e+01
3.928477096557617188e+01
3.804048919677734375e+01
3.696974563598632812e+01
3.798857879638671875e+01
3.941010284423828125e+01
3.768311309814453125e+01
3.709336853027343750e+01
3.691069412231445312e+01
3.574924850463867188e+01
3.623490524291992188e+01
3.700375747680664062e+01
3.759434890747070312e+01
3.867805862426757812e+01
3.874037170410156250e+01
3.673877334594726562e+01
3.642856979370117188e+01
3.824536895751953125e+01
3.908518218994140625e+01
3.873643875122070312e+01
3.676263427734375000e+01
3.574226760864257812e+01
3.577324676513671875e+01
3.619858551025390625e+01
3.774739074707031250e+01
3.705949401855468750e+01
3.588738632202148438e+01
3.659254455566406250e+01
3.779339981079101562e+01
3.875168991088867188e+01
3.823427200317382812e+01
3.687126159667968750e+01
3.538665771484375000e+01
3.592393112182617188e+01
3.651352691650390625e+01
3.672428894042968750e+01
3.679440307617187500e+01
3.638468933105468750e+01
3.624169158935546875e+01
3.623062515258789062e+01
3.628359985351562500e+01
3.517128372192382812e+01
3.654553604125976562e+01
3.754853439331054688e+01
3.603781890869140625e+01
3.665176391601562500e+01
3.773267364501953125e+01
3.764325714111328125e+01
3.600156784057617188e+01
3.473215103149414062e+01
3.523144912719726562e+01
3.505356979370117188e+01
3.537855529785156250e+01
3.588040161132812500e+01
3.763698577880859375e+01
3.782949066162109375e+01
3.658584213256835938e+01
3.682814025878906250e+01
3.609341049194335938e+01
3.605835342407226562e+01
3.661160278320312500e+01
3.643162536621093750e+01
3.674906539916992188e+01
3.645286941528320312e+01
3.704124832153320312e+01
3.697080612182617188e+01
3.445667266845703125e+01
3.358646011352539062e+01
3.488284683227539062e+01
3.550989913940429688e+01
3.531142807006835938e+01
3.489846038818359375e+01
3.562023162841796875e+01
3.597537612915039062e+01
3.400394058227539062e+01
3.355702590942382812e+01
3.383099365234375000e+01
3.412162399291992188e+01
3.450294113159179688e+01
3.296232223510742188e+01
3.312973403930664062e+01
3.401281356811523438e+01
3.388623809814453125e+01
3.309922409057617188e+01
3.443865966796875000e+01
3.736125946044921875e+01
3.915271377563476562e+01
3.740591812133789062e+01
3.467806243896484375e+01
3.435342407226562500e+01
3.637169265747070312e+01
3.713363265991210938e+01
3.748670196533203125e+01
3.662703704833984375e+01
3.447060775756835938e+01
3.507950973510742188e+01
3.721110534667968750e+01
3.606548309326171875e+01
3.385156250000000000e+01
3.496176528930664062e+01
3.582598114013671875e+01
3.547520065307617188e+01
3.811981201171875000e+01
3.842951965332031250e+01
3.652156066894531250e+01
3.531073760986328125e+01
3.422894668579101562e+01
3.580671691894531250e+01
3.727454376220703125e+01
3.573876953125000000e+01
3.584972763061523438e+01
3.619378280639648438e+01
3.478651809692382812e+01
3.205591964721679688e+01
3.166616821289062500e+01
3.313528060913085938e+01
3.342658996582031250e+01
3.321691513061523438e+01
3.360328292846679688e+01
3.446968841552734375e+01
3.415776824951171875e+01
3.410227966308593750e+01
3.234526062011718750e+01
3.074769783020019531e+01
3.214772415161132812e+01
3.308526611328125000e+01
3.557004928588867188e+01
3.868037033081054688e+01
3.788811874389648438e+01
3.249248123168945312e+01
3.143629837036132812e+01
3.450749969482421875e+01
3.370540237426757812e+01
3.492523956298828125e+01
3.713897323608398438e+01
3.735365676879882812e+01
3.679820251464843750e+01
3.578719711303710938e+01
4.231075286865234375e+01
3.931998825073242188e+01
2.870059967041015625e+01
3.019164657592773438e+01
3.377016448974609375e+01
3.329007720947265625e+01
3.448395919799804688e+01
3.698140716552734375e+01
3.049789237976074219e+01
2.069906616210937500e+01
2.793402671813964844e+01
3.896780395507812500e+01
3.794458007812500000e+01
3.168201828002929688e+01
2.808756256103515625e+01
3.149535942077636719e+01
3.763289642333984375e+01
3.783257293701171875e+01
2.600590515136718750e+01
2.649840545654296875e+01
3.470752334594726562e+01
3.818057250976562500e+01
4.966954421997070312e+01
4.998480606079101562e+01
3.287867736816406250e+01
2.826381683349609375e+01
2.704608154296875000e+01
2.618478012084960938e+01
5.296791458129882812e+01
6.673979187011718750e+01
6.423738098144531250e+01
6.101291275024414062e+01
4.749880218505859375e+01
6.797322845458984375e+01
6.142885208129882812e+01
3.066275596618652344e+01
2.923552131652832031e+01
4.174481964111328125e+01
5.123347854614257812e+01
nan
nan
nan
