nan
nan
nan
nan
nan
nan
nan
nan
nan
nan
nan
nan
nan
nan
nan
nan
nan
nan
3.359553146362304688e+01
3.149816894531250000e+01
2.358892631530761719e+01
2.335588073730468750e+01
2.477985954284667969e+01
2.475451660156250000e+01
2.223676490783691406e+01
2.261764907836914062e+01
2.539040184020996094e+01
2.499860191345214844e+01
2.513953781127929688e+01
2.600230026245117188e+01
2.576002120971679688e+01
2.442734909057617188e+01
2.322049522399902344e+01
2.201486396789550781e+01
2.119147872924804688e+01
2.148379325866699219e+01
2.140645027160644531e+01
2.231589508056640625e+01
2.376975440979003906e+01
2.326480102539062500e+01
2.647373199462890625e+01
2.607345581054687500e+01
2.103362655639648438e+01
2.275507354736328125e+01
2.558252143859863281e+01
2.478512954711914062e+01
2.378963470458984375e+01
2.318829727172851562e+01
2.421304512023925781e+01
2.393087768554687500e+01
2.397612571716308594e+01
2.418786621093750000e+01
2.248702812194824219e+01
2.237873840332031250e+01
2.406167602539062500e+01
2.533496093750000000e+01
2.346248817443847656e+01
2.118496704101562500e+01
2.191619873046875000e+01
2.207809638977050781e+01
2.255127525329589844e+01
2.580632781982421875e+01
2.642950248718261719e+01
2.521660804748535156e+01
2.359591102600097656e+01
2.361390113830566406e+01
2.398749351501464844e+01
2.260046768188476562e+01
2.264623260498046875e+01
2.391792869567871094e+01
2.379481124877929688e+01
2.257406806945800781e+01
2.172476768493652344e+01
2.212448883056640625e+01
2.374753761291503906e+01
2.502005004882812500e+01
2.470577430725097656e+01
2.390987586975097656e+01
2.434379768371582031e+01
2.364599609375000000e+01
2.190636825561523438e+01
2.112568664550781250e+01
2.222279930114746094e+01
2.249513244628906250e+01
2.313175582885742188e+01
2.441938591003417969e+01
2.414227485656738281e+01
2.363998794555664062e+01
2.387022018432617188e+01
2.469473266601562500e+01
2.472739601135253906e+01
2.371710395812988281e+01
2.473446083068847656e+01
2.485684776306152344e+01
2.362879371643066406e+01
2.378178405761718750e+01
2.588029289245605469e+01
2.562428283691406250e+01
2.406070137023925781e+01
2.338176155090332031e+01
2.304550743103027344e+01
2.446512794494628906e+01
2.527503204345703125e+01
2.409824562072753906e+01
2.395715332031250000e+01
2.449829292297363281e+01
2.467082595825195312e+01
2.439529037475585938e+01
2.540680694580078125e+01
2.719659423828125000e+01
2.766087341308593750e+01
2.669440460205078125e+01
2.599664306640625000e+01
2.631496238708496094e+01
2.620884323120117188e+01
2.556786537170410156e+01
2.607137680053710938e+01
2.599039268493652344e+01
2.754756355285644531e+01
2.812723541259765625e+01
2.848205947875976562e+01
2.704240417480468750e+01
2.544442939758300781e+01
2.449448776245117188e+01
2.371845626831054688e+01
2.409621238708496094e+01
2.363640213012695312e+01
2.593131637573242188e+01
2.778968620300292969e+01
2.642445564270019531e+01
2.517270851135253906e+01
2.467050170898437500e+01
2.462048530578613281e+01
2.615813827514648438e+01
2.696806144714355469e+01
2.663011360168457031e+01
2.618900108337402344e+01
2.551385307312011719e+01
2.435426902770996094e+01
2.352090454101562500e+01
2.471042251586914062e+01
2.631468009948730469e+01
2.831271934509277344e+01
2.788057708740234375e+01
2.640342140197753906e+01
2.696665763854980469e+01
2.759333419799804688e+01
2.802275466918945312e+01
2.671352195739746094e+01
2.653973388671875000e+01
2.691645431518554688e+01
2.662557792663574219e+01
2.707926750183105469e+01
2.790583801269531250e+01
2.824650764465332031e+01
2.889682197570800781e+01
2.866013145446777344e+01
2.657357978820800781e+01
2.600554466247558594e+01
2.830518913269042969e+01
2.858121871948242188e+01
2.714814758300781250e+01
2.546771621704101562e+01
2.480102729797363281e+01
2.503484725952148438e+01
2.527554130554199219e+01
2.590505218505859375e+01
2.673496627807617188e+01
2.775292015075683594e+01
2.881348419189453125e+01
2.925661849975585938e+01
2.727244377136230469e+01
2.635645866394042969e+01
2.762165069580078125e+01
2.776559448242187500e+01
2.699790382385253906e+01
2.697079849243164062e+01
2.771391487121582031e+01
2.841446113586425781e+01
2.857479286193847656e+01
2.890479850769042969e+01
2.848091316223144531e+01
2.826285552978515625e+01
2.793586540222167969e+01
2.757604980468750000e+01
2.740197563171386719e+01
2.727454757690429688e+01
2.754773902893066406e+01
2.756439971923828125e+01
2.699771308898925781e+01
2.708868789672851562e+01
2.834938049316406250e+01
2.943905639648437500e+01
3.008961296081542969e+01
3.027646255493164062e+01
2.880427169799804688e+01
2.845642089843750000e+01
2.814187812805175781e+01
2.707253074645996094e+01
2.717290496826171875e+01
2.813138771057128906e+01
2.743652725219726562e+01
2.679418563842773438e+01
2.720481681823730469e+01
2.691279220581054688e+01
2.783670997619628906e+01
2.839341735839843750e+01
2.747177696228027344e+01
2.731654930114746094e+01
2.808378410339355469e+01
2.807002449035644531e+01
2.816044425964355469e+01
2.894717788696289062e+01
2.800763893127441406e+01
2.741231727600097656e+01
2.856341934204101562e+01
2.961598014831542969e+01
2.871327400207519531e+01
2.764697265625000000e+01
2.812961196899414062e+01
2.941846656799316406e+01
2.952193069458007812e+01
2.904206085205078125e+01
2.949044418334960938e+01
3.009402275085449219e+01
3.047992324829101562e+01
3.054786682128906250e+01
3.068140792846679688e+01
3.009019660949707031e+01
2.910202598571777344e+01
2.936449813842773438e+01
3.069325828552246094e+01
3.232035446166992188e+01
3.252519607543945312e+01
3.091080474853515625e+01
2.834662628173828125e+01
2.752601432800292969e+01
2.782647132873535156e+01
2.793862724304199219e+01
2.776865386962890625e+01
2.830129814147949219e+01
2.828646087646484375e+01
2.878157043457031250e+01
2.905566978454589844e+01
2.823393058776855469e+01
2.884804916381835938e+01
3.015732383728027344e+01
3.136675453186035156e+01
3.200639343261718750e+01
3.177882766723632812e+01
3.194245719909667969e+01
3.282721328735351562e+01
3.205288314819335938e+01
2.989505386352539062e+01
2.900772285461425781e+01
2.967173576354980469e+01
2.965772438049316406e+01
2.970898437500000000e+01
2.988538551330566406e+01
2.981814002990722656e+01
2.940759658813476562e+01
3.016476440429687500e+01
3.151679229736328125e+01
3.208713912963867188e+01
3.041106414794921875e+01
3.061944389343261719e+01
3.002295494079589844e+01
2.938919448852539062e+01
3.020527076721191406e+01
3.144153976440429688e+01
3.142400550842285156e+01
2.985574722290039062e+01
2.849395751953125000e+01
2.941526794433593750e+01
2.986455345153808594e+01
2.928387451171875000e+01
2.937103462219238281e+01
3.038007926940917969e+01
3.074979019165039062e+01
3.130440139770507812e+01
3.146856880187988281e+01
3.179680442810058594e+01
3.175362777709960938e+01
3.132844734191894531e+01
3.080359458923339844e+01
3.272069168090820312e+01
3.270610046386718750e+01
3.143092155456542969e+01
3.046049118041992188e+01
3.094796943664550781e+01
3.173061752319335938e+01
3.226437759399414062e+01
3.191213607788085938e+01
3.147495460510253906e+01
3.223107910156250000e+01
3.170965957641601562e+01
3.033819198608398438e+01
3.139042663574218750e+01
3.294902038574218750e+01
3.288792800903320312e+01
3.315841674804687500e+01
3.361235809326171875e+01
3.299043655395507812e+01
3.150295257568359375e+01
3.272291946411132812e+01
3.319778060913085938e+01
3.320945739746093750e+01
3.162919616699218750e+01
3.235769271850585938e+01
3.324789047241210938e+01
3.280737686157226562e+01
3.243824386596679688e+01
3.307179260253906250e+01
3.268079757690429688e+01
3.234419631958007812e+01
3.209413528442382812e+01
3.192042732238769531e+01
3.250216674804687500e+01
3.365534591674804688e+01
3.427255249023437500e+01
3.618512725830078125e+01
3.627854919433593750e+01
3.364343643188476562e+01
3.182204437255859375e+01
3.309107971191406250e+01
3.420800018310546875e+01
3.464351272583007812e+01
3.460710144042968750e+01
3.729740524291992188e+01
3.802215957641601562e+01
3.657044982910156250e+01
3.538325500488281250e+01
3.763032150268554688e+01
3.684846496582031250e+01
3.610062789916992188e+01
3.639948272705078125e+01
3.766558456420898438e+01
3.673381042480468750e+01
3.605780792236328125e+01
3.689250946044921875e+01
3.768837356567382812e+01
3.628397369384765625e+01
3.548037719726562500e+01
3.602455520629882812e+01
3.634386062622070312e+01
3.614823532104492188e+01
3.530562973022460938e+01
3.494607925415039062e+01
3.501500701904296875e+01
3.451398468017578125e+01
3.490112686157226562e+01
3.672833633422851562e+01
3.708914184570312500e+01
3.673550415039062500e+01
3.711869812011718750e+01
3.590901565551757812e+01
3.546022033691406250e+01
3.502182769775390625e+01
3.526137542724609375e+01
3.615855789184570312e+01
3.661350250244140625e+01
3.596429824829101562e+01
3.614350891113281250e+01
3.612779998779296875e+01
3.616853332519531250e+01
3.640244293212890625e+01
3.674971771240234375e+01
3.685423278808593750e+01
3.614469909667968750e+01
3.485586547851562500e+01
3.521092605590820312e+01
3.632288360595703125e+01
3.824765014648437500e+01
3.744170379638671875e+01
3.728952026367187500e+01
3.744149017333984375e+01
3.708983612060546875e+01
3.495731353759765625e+01
3.522254943847656250e+01
3.616894531250000000e+01
3.680746841430664062e+01
3.634741973876953125e+01
3.640813446044921875e+01
3.716272354125976562e+01
3.703968429565429688e+01
3.780406188964843750e+01
3.812339782714843750e+01
3.750820541381835938e+01
3.605946350097656250e+01
3.564507293701171875e+01
3.666419219970703125e+01
3.690879058837890625e+01
3.677720260620117188e+01
3.791735839843750000e+01
3.868568801879882812e+01
3.860802841186523438e+01
3.799123382568359375e+01
3.757388305664062500e+01
3.895372390747070312e+01
3.967777252197265625e+01
3.838476562500000000e+01
3.795494461059570312e+01
3.737345886230468750e+01
3.782934570312500000e+01
3.788402557373046875e+01
3.784037399291992188e+01
3.872084045410156250e+01
3.816597366333007812e+01
3.812681579589843750e+01
3.747873306274414062e+01
3.721023559570312500e+01
3.769686889648437500e+01
3.798072052001953125e+01
3.865726089477539062e+01
3.998907852172851562e+01
3.991469192504882812e+01
3.995513916015625000e+01
3.889104080200195312e+01
3.778718185424804688e+01
3.745610046386718750e+01
3.893261337280273438e+01
4.062334442138671875e+01
4.124555206298828125e+01
4.113996124267578125e+01
4.072204589843750000e+01
4.010112762451171875e+01
4.035123443603515625e+01
4.124751281738281250e+01
4.156727218627929688e+01
4.017772293090820312e+01
3.854080963134765625e+01
3.836026000976562500e+01
3.755919647216796875e+01
3.760070037841796875e+01
3.807644271850585938e+01
4.071192169189453125e+01
4.124340057373046875e+01
4.020956039428710938e+01
3.907525253295898438e+01
3.843545532226562500e+01
3.916120147705078125e+01
3.984342575073242188e+01
3.941359329223632812e+01
3.967666625976562500e+01
4.027865600585937500e+01
4.066884613037109375e+01
4.170040512084960938e+01
4.210949325561523438e+01
4.185753631591796875e+01
3.969992828369140625e+01
3.868906784057617188e+01
3.993992614746093750e+01
4.068719482421875000e+01
4.026334762573242188e+01
4.025938415527343750e+01
3.915652847290039062e+01
4.036254501342773438e+01
4.258225631713867188e+01
4.326900100708007812e+01
4.276164245605468750e+01
4.249215698242187500e+01
4.113134384155273438e+01
4.137539291381835938e+01
4.135518646240234375e+01
4.206941223144531250e+01
4.154073333740234375e+01
4.159439849853515625e+01
4.105282211303710938e+01
4.029722213745117188e+01
4.071972656250000000e+01
4.137097167968750000e+01
4.245538330078125000e+01
4.330195999145507812e+01
4.330866241455078125e+01
4.235818862915039062e+01
4.111769866943359375e+01
4.065189361572265625e+01
4.099557495117187500e+01
4.121298980712890625e+01
4.200953292846679688e+01
4.200258636474609375e+01
4.220417785644531250e+01
4.216212844848632812e+01
4.200971603393554688e+01
4.425404739379882812e+01
4.590393066406250000e+01
4.623985671997070312e+01
4.501589584350585938e+01
4.432712936401367188e+01
4.339812850952148438e+01
4.311236953735351562e+01
4.287825775146484375e+01
4.334015274047851562e+01
4.285903549194335938e+01
4.347583007812500000e+01
4.418508911132812500e+01
4.410539627075195312e+01
4.513824462890625000e+01
4.505089569091796875e+01
4.511908721923828125e+01
4.474284362792968750e+01
4.445483398437500000e+01
4.488900375366210938e+01
4.587661361694335938e+01
4.581785964965820312e+01
4.509420776367187500e+01
4.392720031738281250e+01
4.422333526611328125e+01
4.519485473632812500e+01
4.603563308715820312e+01
4.560934829711914062e+01
4.494297409057617188e+01
4.456401062011718750e+01
4.556171798706054688e+01
4.537065124511718750e+01
4.509805679321289062e+01
4.470043563842773438e+01
4.480910873413085938e+01
4.447046279907226562e+01
4.498645401000976562e+01
4.543527603149414062e+01
4.573382186889648438e+01
4.706652832031250000e+01
4.699358367919921875e+01
4.670046615600585938e+01
4.650641632080078125e+01
4.631428146362304688e+01
4.539622116088867188e+01
4.646231842041015625e+01
4.620668029785156250e+01
4.587322998046875000e+01
4.635003280639648438e+01
4.734694290161132812e+01
4.789025878906250000e+01
4.829894638061523438e+01
4.804243087768554688e+01
4.864840698242187500e+01
4.837736129760742188e+01
4.780809783935546875e+01
4.795936965942382812e+01
4.756449127197265625e+01
4.756279754638671875e+01
4.851292037963867188e+01
4.816676330566406250e+01
4.777679824829101562e+01
4.817107391357421875e+01
4.830812072753906250e+01
4.811063003540039062e+01
4.828064727783203125e+01
4.918944931030273438e+01
4.939353179931640625e+01
4.830585861206054688e+01
4.781433486938476562e+01
4.743206405639648438e+01
4.760354614257812500e+01
4.686887741088867188e+01
4.705907058715820312e+01
4.705996704101562500e+01
4.679084396362304688e+01
4.772006988525390625e+01
4.847467803955078125e+01
4.958702850341796875e+01
4.934508132934570312e+01
5.002164840698242188e+01
5.083646392822265625e+01
5.057826995849609375e+01
5.004239273071289062e+01
4.997202301025390625e+01
4.985186004638671875e+01
5.104732513427734375e+01
5.107588958740234375e+01
5.088504409790039062e+01
5.083178710937500000e+01
5.142163085937500000e+01
5.186686325073242188e+01
5.122189331054687500e+01
5.070037460327148438e+01
5.091091918945312500e+01
5.216674423217773438e+01
5.357897949218750000e+01
5.385505676269531250e+01
5.289297485351562500e+01
5.338344573974609375e+01
5.286654663085937500e+01
5.202006149291992188e+01
5.153595352172851562e+01
5.156814575195312500e+01
5.325624847412109375e+01
5.446179580688476562e+01
5.388934326171875000e+01
5.355271530151367188e+01
5.387933731079101562e+01
5.453229141235351562e+01
5.496724319458007812e+01
5.446306228637695312e+01
5.367542266845703125e+01
5.293544006347656250e+01
5.236935806274414062e+01
5.315334701538085938e+01
5.470713043212890625e+01
5.652521514892578125e+01
5.715777969360351562e+01
5.589223098754882812e+01
5.381437301635742188e+01
5.379680252075195312e+01
5.472111511230468750e+01
5.617315673828125000e+01
5.602009201049804688e+01
5.535840606689453125e+01
5.397687530517578125e+01
5.419690704345703125e+01
5.551259231567382812e+01
5.614303970336914062e+01
5.550996780395507812e+01
5.547167205810546875e+01
5.499045944213867188e+01
5.496445465087890625e+01
5.621239089965820312e+01
5.697893142700195312e+01
5.792892837524414062e+01
5.791191864013671875e+01
5.742926788330078125e+01
5.604931640625000000e+01
5.611829376220703125e+01
5.609896850585937500e+01
5.678769302368164062e+01
5.674476623535156250e+01
5.601446533203125000e+01
5.514680099487304688e+01
5.615345001220703125e+01
5.806265640258789062e+01
5.815607452392578125e+01
5.717612457275390625e+01
5.675224685668945312e+01
5.742236709594726562e+01
5.724440383911132812e+01
5.819560241699218750e+01
5.961417388916015625e+01
6.097661209106445312e+01
6.082126617431640625e+01
5.984423828125000000e+01
5.888287353515625000e+01
5.774380874633789062e+01
5.810974121093750000e+01
5.860555648803710938e+01
5.912556838989257812e+01
6.067975234985351562e+01
6.093787002563476562e+01
6.024337005615234375e+01
5.997223281860351562e+01
6.120593261718750000e+01
6.078467559814453125e+01
5.929887390136718750e+01
6.028616333007812500e+01
6.105593109130859375e+01
6.095064926147460938e+01
5.894336700439453125e+01
5.937284088134765625e+01
6.062385177612304688e+01
6.083971405029296875e+01
6.106357955932617188e+01
6.099857330322265625e+01
6.221409225463867188e+01
6.269293212890625000e+01
6.152230453491210938e+01
5.958470916748046875e+01
6.066145324707031250e+01
6.193733215332031250e+01
6.164185714721679688e+01
6.104027175903320312e+01
6.046612167358398438e+01
6.013325500488281250e+01
6.125636291503906250e+01
6.154943466186523438e+01
6.126506423950195312e+01
6.140604400634765625e+01
6.190429687500000000e+01
6.314964294433593750e+01
6.299342727661132812e+01
6.257781219482421875e+01
6.091030120849609375e+01
6.041153335571289062e+01
6.093349838256835938e+01
6.263514328002929688e+01
6.336610794067382812e+01
6.355656814575195312e+01
6.405532836914062500e+01
6.363445663452148438e+01
6.246315765380859375e+01
6.189351272583007812e+01
6.246335220336914062e+01
6.283491516113281250e+01
6.384877395629882812e+01
6.411264038085937500e+01
6.363669967651367188e+01
6.259161758422851562e+01
6.308385848999023438e+01
6.365689849853515625e+01
6.397481918334960938e+01
6.262240219116210938e+01
6.149810791015625000e+01
6.121386718750000000e+01
6.227156448364257812e+01
6.407000732421875000e+01
6.680786895751953125e+01
6.638422393798828125e+01
6.393044662475585938e+01
6.139063644409179688e+01
6.255883789062500000e+01
6.460315704345703125e+01
6.562750244140625000e+01
6.536009216308593750e+01
6.537631225585937500e+01
6.511403656005859375e+01
6.465302276611328125e+01
6.467804718017578125e+01
6.421077728271484375e+01
6.359849548339843750e+01
6.428835296630859375e+01
6.561260986328125000e+01
6.615084075927734375e+01
6.556337738037109375e+01
6.452709960937500000e+01
6.467898559570312500e+01
6.623075866699218750e+01
6.625386810302734375e+01
6.602712249755859375e+01
6.635107421875000000e+01
6.684334564208984375e+01
6.625441741943359375e+01
6.702693939208984375e+01
6.797473907470703125e+01
6.794201660156250000e+01
6.710184478759765625e+01
6.501021575927734375e+01
6.505197143554687500e+01
6.558205413818359375e+01
6.642395019531250000e+01
6.648027038574218750e+01
6.677539825439453125e+01
6.684345245361328125e+01
6.729473114013671875e+01
6.760871124267578125e+01
6.758632659912109375e+01
6.647426605224609375e+01
6.564454650878906250e+01
6.565775299072265625e+01
6.701011657714843750e+01
6.809053802490234375e+01
6.732135772705078125e+01
6.592279815673828125e+01
6.527599334716796875e+01
6.549715423583984375e+01
6.576169586181640625e+01
6.677739715576171875e+01
6.714436340332031250e+01
6.634024047851562500e+01
6.520712280273437500e+01
6.513542175292968750e+01
6.613174438476562500e+01
6.675077819824218750e+01
6.614158630371093750e+01
6.733944702148437500e+01
6.800384521484375000e+01
6.836985778808593750e+01
6.811788177490234375e+01
6.712207794189453125e+01
6.685982513427734375e+01
6.776029968261718750e+01
6.888269805908203125e+01
6.763967895507812500e+01
6.672038269042968750e+01
6.610734558105468750e+01
6.557723236083984375e+01
6.457775878906250000e+01
6.649452972412109375e+01
6.698342132568359375e+01
6.774020385742187500e+01
6.636656188964843750e+01
6.561259460449218750e+01
6.534191894531250000e+01
6.542672729492187500e+01
6.612763214111328125e+01
6.585628509521484375e+01
6.667168426513671875e+01
6.771451568603515625e+01
6.816691589355468750e+01
6.917122650146484375e+01
6.824797821044921875e+01
6.893123626708984375e+01
6.899004364013671875e+01
6.846820831298828125e+01
6.787872314453125000e+01
6.809373474121093750e+01
6.903074645996093750e+01
6.847598266601562500e+01
6.795794677734375000e+01
6.731788635253906250e+01
6.675340270996093750e+01
6.610938262939453125e+01
6.587453460693359375e+01
6.567909240722656250e+01
6.615622711181640625e+01
6.652002716064453125e+01
6.656318664550781250e+01
6.654410552978515625e+01
6.601010131835937500e+01
6.631384277343750000e+01
6.554526519775390625e+01
6.627845764160156250e+01
6.644345855712890625e+01
6.580277252197265625e+01
6.587461090087890625e+01
6.647885894775390625e+01
6.660523223876953125e+01
6.658596038818359375e+01
6.678597259521484375e+01
6.699691009521484375e+01
6.591546630859375000e+01
6.417998504638671875e+01
6.387484741210937500e+01
6.352274322509765625e+01
6.577726745605468750e+01
6.734608459472656250e+01
6.849631500244140625e+01
6.713274383544921875e+01
6.529092407226562500e+01
6.469386291503906250e+01
6.463348388671875000e+01
6.454987335205078125e+01
6.516381072998046875e+01
6.691117095947265625e+01
6.693795776367187500e+01
6.665738677978515625e+01
6.622217559814453125e+01
6.607958984375000000e+01
6.626686859130859375e+01
6.689787292480468750e+01
6.715790557861328125e+01
6.628063201904296875e+01
6.542150878906250000e+01
6.444860839843750000e+01
6.539129638671875000e+01
6.508341217041015625e+01
6.440530395507812500e+01
6.349084091186523438e+01
6.419113159179687500e+01
6.406765747070312500e+01
6.515884399414062500e+01
6.509426116943359375e+01
6.493348693847656250e+01
6.442887878417968750e+01
6.449297332763671875e+01
6.494232177734375000e+01
6.515802001953125000e+01
6.555663299560546875e+01
6.543750762939453125e+01
6.534296417236328125e+01
6.501384735107421875e+01
6.503515625000000000e+01
6.564067840576171875e+01
6.526354980468750000e+01
6.472937774658203125e+01
6.434990692138671875e+01
6.405757141113281250e+01
6.424300384521484375e+01
6.401709747314453125e+01
6.316675949096679688e+01
6.317769622802734375e+01
6.182963562011718750e+01
6.106745529174804688e+01
6.245446395874023438e+01
6.302558517456054688e+01
6.176781082153320312e+01
6.094182968139648438e+01
6.233139419555664062e+01
6.403329467773437500e+01
6.427684783935546875e+01
6.352873229980468750e+01
6.144280624389648438e+01
6.045407485961914062e+01
6.049127960205078125e+01
6.210506820678710938e+01
6.225691986083984375e+01
6.227781677246093750e+01
6.236009597778320312e+01
6.155634307861328125e+01
6.056551742553710938e+01
6.094795989990234375e+01
6.112728118896484375e+01
6.146901702880859375e+01
6.064286422729492188e+01
5.993096923828125000e+01
5.962897491455078125e+01
6.070819473266601562e+01
6.223877334594726562e+01
6.175124740600585938e+01
6.031996536254882812e+01
6.011537170410156250e+01
6.010719299316406250e+01
6.006057739257812500e+01
5.909706115722656250e+01
6.051671981811523438e+01
6.118381500244140625e+01
6.203582763671875000e+01
6.312156677246093750e+01
6.263084793090820312e+01
6.121736145019531250e+01
6.032996368408203125e+01
6.054527282714843750e+01
6.091100311279296875e+01
6.102077102661132812e+01
6.033545303344726562e+01
5.939304351806640625e+01
5.991437911987304688e+01
5.934662246704101562e+01
5.892090225219726562e+01
5.821335601806640625e+01
5.788976669311523438e+01
5.994911956787109375e+01
6.016414642333984375e+01
5.965370559692382812e+01
5.930022430419921875e+01
5.932709503173828125e+01
5.870378875732421875e+01
5.837759780883789062e+01
5.761498641967773438e+01
5.739264678955078125e+01
5.753133392333984375e+01
5.781156539916992188e+01
5.704576873779296875e+01
5.571576690673828125e+01
5.690583801269531250e+01
5.781216049194335938e+01
5.701971817016601562e+01
5.685474777221679688e+01
5.703303146362304688e+01
5.663474655151367188e+01
5.710063552856445312e+01
5.799833297729492188e+01
5.773410034179687500e+01
5.670365524291992188e+01
5.639807128906250000e+01
5.578180313110351562e+01
5.636397933959960938e+01
5.788232040405273438e+01
5.712261199951171875e+01
5.620306396484375000e+01
5.581439208984375000e+01
5.567192077636718750e+01
5.576917648315429688e+01
5.581692123413085938e+01
5.660782241821289062e+01
5.764863586425781250e+01
5.736635589599609375e+01
5.657610321044921875e+01
5.593291854858398438e+01
5.548871994018554688e+01
5.511946487426757812e+01
5.518522262573242188e+01
5.512067413330078125e+01
5.512279510498046875e+01
5.564930343627929688e+01
5.578599166870117188e+01
5.608831024169921875e+01
5.531693267822265625e+01
5.464123916625976562e+01
5.564650344848632812e+01
5.693707275390625000e+01
5.811376190185546875e+01
5.666784667968750000e+01
5.513813781738281250e+01
5.482278060913085938e+01
5.514801788330078125e+01
5.531082916259765625e+01
5.528689193725585938e+01
5.496987915039062500e+01
5.459376525878906250e+01
5.458675003051757812e+01
5.444966506958007812e+01
5.416317367553710938e+01
5.434478378295898438e+01
5.441941452026367188e+01
5.526749420166015625e+01
5.478316879272460938e+01
5.509824371337890625e+01
5.487080383300781250e+01
5.437584304809570312e+01
5.408288574218750000e+01
5.369273376464843750e+01
5.380445098876953125e+01
5.312967681884765625e+01
5.290310287475585938e+01
5.383817291259765625e+01
5.511784744262695312e+01
5.582231140136718750e+01
5.516658020019531250e+01
5.405758285522460938e+01
5.399047851562500000e+01
5.486050796508789062e+01
5.585937118530273438e+01
5.699472427368164062e+01
5.578870773315429688e+01
5.420076370239257812e+01
5.496264266967773438e+01
5.547193527221679688e+01
5.388967514038085938e+01
5.296283340454101562e+01
5.340424728393554688e+01
5.441334915161132812e+01
5.438632202148437500e+01
5.400493240356445312e+01
5.369162750244140625e+01
5.399942016601562500e+01
5.435794067382812500e+01
5.439978027343750000e+01
5.416752624511718750e+01
5.464648818969726562e+01
5.488387298583984375e+01
5.469168090820312500e+01
5.311893081665039062e+01
5.199028778076171875e+01
5.217245101928710938e+01
5.393805694580078125e+01
5.426689529418945312e+01
5.328978729248046875e+01
5.247010803222656250e+01
5.234510803222656250e+01
5.215771865844726562e+01
5.080033111572265625e+01
5.025971603393554688e+01
5.085134887695312500e+01
5.190774917602539062e+01
5.273851394653320312e+01
5.332553100585937500e+01
5.432593536376953125e+01
5.514207077026367188e+01
5.429865646362304688e+01
5.384159469604492188e+01
5.391177749633789062e+01
5.395500946044921875e+01
5.275464248657226562e+01
5.218185043334960938e+01
5.195039749145507812e+01
5.206854629516601562e+01
5.278429031372070312e+01
5.332869720458984375e+01
5.412803649902343750e+01
5.418846511840820312e+01
5.419266128540039062e+01
5.469258499145507812e+01
5.429463577270507812e+01
5.356978988647460938e+01
5.310901641845703125e+01
5.326444244384765625e+01
5.380992126464843750e+01
5.535364151000976562e+01
5.524530792236328125e+01
5.473715591430664062e+01
5.384922027587890625e+01
5.276612854003906250e+01
5.270576095581054688e+01
5.195343780517578125e+01
5.249388122558593750e+01
5.223763656616210938e+01
5.252667236328125000e+01
5.265785217285156250e+01
5.343633651733398438e+01
5.352082061767578125e+01
5.354323959350585938e+01
5.379293060302734375e+01
5.418323135375976562e+01
5.450250625610351562e+01
5.405208206176757812e+01
5.280180358886718750e+01
5.199440765380859375e+01
5.220657348632812500e+01
5.315498352050781250e+01
5.395452117919921875e+01
5.268975830078125000e+01
5.209006881713867188e+01
5.228546524047851562e+01
5.319051361083984375e+01
5.313916397094726562e+01
5.323165130615234375e+01
5.295298004150390625e+01
5.422944641113281250e+01
5.513762283325195312e+01
5.576189422607421875e+01
5.532936096191406250e+01
5.534150695800781250e+01
5.529484939575195312e+01
5.472481536865234375e+01
5.395680236816406250e+01
5.473991012573242188e+01
5.431713867187500000e+01
5.508789443969726562e+01
5.385567474365234375e+01
5.305410385131835938e+01
5.336355209350585938e+01
5.433337020874023438e+01
5.423703384399414062e+01
5.439222335815429688e+01
5.529208755493164062e+01
5.576295471191406250e+01
5.639455413818359375e+01
5.677408218383789062e+01
5.606090164184570312e+01
5.464251708984375000e+01
5.471027374267578125e+01
5.567759323120117188e+01
5.644113922119140625e+01
5.550395202636718750e+01
5.414625549316406250e+01
5.477169799804687500e+01
5.448847198486328125e+01
5.448158645629882812e+01
5.599584197998046875e+01
5.694418334960937500e+01
5.685755157470703125e+01
5.584098434448242188e+01
5.618477249145507812e+01
5.691544342041015625e+01
5.814456939697265625e+01
5.888627624511718750e+01
5.782955551147460938e+01
5.660065460205078125e+01
5.607260894775390625e+01
5.672045135498046875e+01
5.676236724853515625e+01
5.728379058837890625e+01
5.815969085693359375e+01
5.852960968017578125e+01
5.906792831420898438e+01
5.909644317626953125e+01
5.752059555053710938e+01
5.484954071044921875e+01
5.428841781616210938e+01
5.569512557983398438e+01
5.626240921020507812e+01
5.701193618774414062e+01
5.839675521850585938e+01
5.936966323852539062e+01
5.944711303710937500e+01
5.981055831909179688e+01
5.954379272460937500e+01
6.006175231933593750e+01
6.209510803222656250e+01
6.309491348266601562e+01
6.231542587280273438e+01
6.071035385131835938e+01
6.033049011230468750e+01
5.977956771850585938e+01
6.109632873535156250e+01
6.165478897094726562e+01
6.219879531860351562e+01
6.123340225219726562e+01
6.123056793212890625e+01
6.007625579833984375e+01
6.052072143554687500e+01
6.206326293945312500e+01
6.212738037109375000e+01
5.986259460449218750e+01
5.948677062988281250e+01
6.054759979248046875e+01
6.071699142456054688e+01
6.094272232055664062e+01
6.082359695434570312e+01
6.117585372924804688e+01
6.066285324096679688e+01
6.011260223388671875e+01
6.110300827026367188e+01
6.154614639282226562e+01
6.062642288208007812e+01
6.001807785034179688e+01
5.989006423950195312e+01
6.095148086547851562e+01
6.167627334594726562e+01
6.173723220825195312e+01
6.058371734619140625e+01
5.946324539184570312e+01
5.934277725219726562e+01
6.017615127563476562e+01
6.046772766113281250e+01
6.036055374145507812e+01
5.979855728149414062e+01
5.991590118408203125e+01
5.931197738647460938e+01
5.892882919311523438e+01
5.996243286132812500e+01
6.025294494628906250e+01
6.055778121948242188e+01
5.973751449584960938e+01
5.915679168701171875e+01
5.909816360473632812e+01
6.066927337646484375e+01
6.043648529052734375e+01
6.009349441528320312e+01
5.896158599853515625e+01
5.925753784179687500e+01
6.014560317993164062e+01
5.999954986572265625e+01
5.890015792846679688e+01
5.926750946044921875e+01
6.102944183349609375e+01
6.097280502319335938e+01
5.865354919433593750e+01
5.828931808471679688e+01
5.797060012817382812e+01
6.015684127807617188e+01
6.109733963012695312e+01
6.087688827514648438e+01
5.948412704467773438e+01
5.890540695190429688e+01
5.937719345092773438e+01
6.027904510498046875e+01
6.074941635131835938e+01
6.121227645874023438e+01
6.263742828369140625e+01
6.202827835083007812e+01
6.110667419433593750e+01
6.044606399536132812e+01
6.076745223999023438e+01
5.979232406616210938e+01
5.952424621582031250e+01
5.984599685668945312e+01
6.153080749511718750e+01
6.131993865966796875e+01
6.042012405395507812e+01
6.095317459106445312e+01
6.073789215087890625e+01
5.931826019287109375e+01
6.022966003417968750e+01
6.019999313354492188e+01
5.923675918579101562e+01
5.928451919555664062e+01
5.971068572998046875e+01
5.793867874145507812e+01
5.670974731445312500e+01
5.689080429077148438e+01
5.773634338378906250e+01
5.861120605468750000e+01
5.901949310302734375e+01
5.888883590698242188e+01
5.933511352539062500e+01
5.956933975219726562e+01
5.850225067138671875e+01
5.873250579833984375e+01
5.998856353759765625e+01
5.954071044921875000e+01
5.882903671264648438e+01
5.884252548217773438e+01
6.008206939697265625e+01
5.962981033325195312e+01
5.983032608032226562e+01
5.959295272827148438e+01
5.956443405151367188e+01
5.830537414550781250e+01
5.818273162841796875e+01
5.799759292602539062e+01
5.851346969604492188e+01
5.916812896728515625e+01
5.928807830810546875e+01
5.818821716308593750e+01
5.696819305419921875e+01
5.670323562622070312e+01
5.829448318481445312e+01
5.914895629882812500e+01
5.924008560180664062e+01
5.776592636108398438e+01
5.719823074340820312e+01
5.722896957397460938e+01
5.747679519653320312e+01
5.741450500488281250e+01
5.688805007934570312e+01
5.770919036865234375e+01
5.868645477294921875e+01
5.839179229736328125e+01
5.777865982055664062e+01
5.683391952514648438e+01
5.575566864013671875e+01
5.530228805541992188e+01
5.613812637329101562e+01
5.614468765258789062e+01
5.555961227416992188e+01
5.577677536010742188e+01
5.554850769042968750e+01
5.565612411499023438e+01
5.662761688232421875e+01
5.712082672119140625e+01
5.541905212402343750e+01
5.478627777099609375e+01
5.455364227294921875e+01
5.457617568969726562e+01
5.453527069091796875e+01
5.541677856445312500e+01
5.560144805908203125e+01
5.587469100952148438e+01
5.581245040893554688e+01
5.606643295288085938e+01
5.611943817138671875e+01
5.502698135375976562e+01
5.567349624633789062e+01
5.621349716186523438e+01
5.626086807250976562e+01
5.532413864135742188e+01
5.462658309936523438e+01
5.471777725219726562e+01
5.397354888916015625e+01
5.416984558105468750e+01
5.576510238647460938e+01
5.519004058837890625e+01
5.444645690917968750e+01
5.402728271484375000e+01
5.391309738159179688e+01
5.428995513916015625e+01
5.484414672851562500e+01
5.515625381469726562e+01
5.537715911865234375e+01
5.450359725952148438e+01
5.312554168701171875e+01
5.253902435302734375e+01
5.347415161132812500e+01
5.464783859252929688e+01
5.414508056640625000e+01
5.257148361206054688e+01
5.234794235229492188e+01
5.293071746826171875e+01
5.297473144531250000e+01
5.311853408813476562e+01
5.279217910766601562e+01
5.208111190795898438e+01
5.179864120483398438e+01
5.174902725219726562e+01
5.272106170654296875e+01
5.339366531372070312e+01
5.255043792724609375e+01
5.252773284912109375e+01
5.355684661865234375e+01
5.378072738647460938e+01
5.373244476318359375e+01
5.329380798339843750e+01
5.298999023437500000e+01
5.322314453125000000e+01
5.326760864257812500e+01
5.225828170776367188e+01
5.176389694213867188e+01
5.229604339599609375e+01
5.269713973999023438e+01
5.287125778198242188e+01
5.259368515014648438e+01
5.377718353271484375e+01
5.414221954345703125e+01
5.390462112426757812e+01
5.151203536987304688e+01
5.068914413452148438e+01
5.172724151611328125e+01
5.201615905761718750e+01
5.056585693359375000e+01
4.926313781738281250e+01
4.899055099487304688e+01
5.024025726318359375e+01
5.166218948364257812e+01
5.161764526367187500e+01
5.172695159912109375e+01
5.095423126220703125e+01
5.040440368652343750e+01
4.960009765625000000e+01
5.037810897827148438e+01
5.036413955688476562e+01
5.011297988891601562e+01
5.007808685302734375e+01
4.980370712280273438e+01
4.974443054199218750e+01
4.970936203002929688e+01
5.073854446411132812e+01
5.075250625610351562e+01
4.973522567749023438e+01
4.866186904907226562e+01
4.922582244873046875e+01
5.005616378784179688e+01
5.113748550415039062e+01
5.138941955566406250e+01
5.223105239868164062e+01
5.205828094482421875e+01
5.061944580078125000e+01
4.971426391601562500e+01
4.940146636962890625e+01
4.903154754638671875e+01
4.772120285034179688e+01
4.838309478759765625e+01
4.878564071655273438e+01
4.903788757324218750e+01
4.979333877563476562e+01
5.021287536621093750e+01
4.965803527832031250e+01
4.926277160644531250e+01
4.941492843627929688e+01
4.917555618286132812e+01
4.899896240234375000e+01
4.854144287109375000e+01
4.925550460815429688e+01
4.955777740478515625e+01
4.894454193115234375e+01
4.905341720581054688e+01
4.891644287109375000e+01
4.799337005615234375e+01
4.822359466552734375e+01
4.892890930175781250e+01
4.938199996948242188e+01
4.942013549804687500e+01
4.826572799682617188e+01
4.716083145141601562e+01
4.702324676513671875e+01
4.707052993774414062e+01
4.804740524291992188e+01
4.937744522094726562e+01
4.935953903198242188e+01
4.811647796630859375e+01
4.759499740600585938e+01
4.843797683715820312e+01
4.863060379028320312e+01
4.892972946166992188e+01
4.847578048706054688e+01
4.848262786865234375e+01
4.729025268554687500e+01
4.616757583618164062e+01
4.587738037109375000e+01
4.674672698974609375e+01
4.726893997192382812e+01
4.680536270141601562e+01
4.637976074218750000e+01
4.656225585937500000e+01
4.665507888793945312e+01
4.590808105468750000e+01
4.568672561645507812e+01
4.623781204223632812e+01
4.666699218750000000e+01
4.641577529907226562e+01
4.613157653808593750e+01
4.575063323974609375e+01
4.601064682006835938e+01
4.619718170166015625e+01
4.648892974853515625e+01
4.667752456665039062e+01
4.550045776367187500e+01
4.425823593139648438e+01
4.373930358886718750e+01
4.476343154907226562e+01
4.544337463378906250e+01
4.599888229370117188e+01
4.633945083618164062e+01
4.735657882690429688e+01
4.720332336425781250e+01
4.639456939697265625e+01
4.473438644409179688e+01
4.475652313232421875e+01
4.480967330932617188e+01
4.500862884521484375e+01
4.573816680908203125e+01
4.682733154296875000e+01
4.690520858764648438e+01
4.668631744384765625e+01
4.527304077148437500e+01
4.575577926635742188e+01
4.544130325317382812e+01
4.598458480834960938e+01
4.554734420776367188e+01
4.546987915039062500e+01
4.382376861572265625e+01
4.338277816772460938e+01
4.436626052856445312e+01
4.688306808471679688e+01
4.772027587890625000e+01
4.638908386230468750e+01
4.609521484375000000e+01
4.619786453247070312e+01
4.558351135253906250e+01
4.446503448486328125e+01
4.437236785888671875e+01
4.452653884887695312e+01
4.458730697631835938e+01
4.331880950927734375e+01
4.267604827880859375e+01
4.315940093994140625e+01
4.431443786621093750e+01
4.472362899780273438e+01
4.495694351196289062e+01
4.476734924316406250e+01
4.486754226684570312e+01
4.510600662231445312e+01
4.494114303588867188e+01
4.447156524658203125e+01
4.404210281372070312e+01
4.408460617065429688e+01
4.422597885131835938e+01
4.432568740844726562e+01
4.415668869018554688e+01
4.377547836303710938e+01
4.427442932128906250e+01
4.436473464965820312e+01
4.508653259277343750e+01
4.485942840576171875e+01
4.509000015258789062e+01
4.421847152709960938e+01
4.449294662475585938e+01
4.481065750122070312e+01
4.451163864135742188e+01
4.443316268920898438e+01
4.472515487670898438e+01
4.513829040527343750e+01
4.415510177612304688e+01
4.439758300781250000e+01
4.417792129516601562e+01
4.453805923461914062e+01
4.389904785156250000e+01
4.464483261108398438e+01
4.467419052124023438e+01
4.468925476074218750e+01
4.466309356689453125e+01
4.491145706176757812e+01
4.479797744750976562e+01
4.460065841674804688e+01
4.417519378662109375e+01
4.394374847412109375e+01
4.348231887817382812e+01
4.365803909301757812e+01
4.383422470092773438e+01
4.347316741943359375e+01
4.305758285522460938e+01
4.252952957153320312e+01
4.154450225830078125e+01
4.262537002563476562e+01
4.364791870117187500e+01
4.439617156982421875e+01
4.357928085327148438e+01
4.320699691772460938e+01
4.303031539916992188e+01
4.306398773193359375e+01
4.212745666503906250e+01
4.232184982299804688e+01
4.287996292114257812e+01
4.343906402587890625e+01
4.289099884033203125e+01
4.320973587036132812e+01
4.363904571533203125e+01
4.391912460327148438e+01
4.310435104370117188e+01
4.210037994384765625e+01
4.233403778076171875e+01
4.296464920043945312e+01
4.292647171020507812e+01
4.257479095458984375e+01
4.337169647216796875e+01
4.403821563720703125e+01
4.409131240844726562e+01
4.366285705566406250e+01
4.322146987915039062e+01
4.313328170776367188e+01
4.348198318481445312e+01
4.328422927856445312e+01
4.294055938720703125e+01
4.160266494750976562e+01
4.193270874023437500e+01
4.248070526123046875e+01
4.355776977539062500e+01
4.246081924438476562e+01
4.337345504760742188e+01
4.327282714843750000e+01
4.388961410522460938e+01
4.343692016601562500e+01
4.281422042846679688e+01
4.198820114135742188e+01
4.224403381347656250e+01
4.344559860229492188e+01
4.461144256591796875e+01
4.427968597412109375e+01
4.300202178955078125e+01
4.178288269042968750e+01
4.218178939819335938e+01
4.287258529663085938e+01
4.370068740844726562e+01
4.274285888671875000e+01
4.233374786376953125e+01
4.224533462524414062e+01
4.231000518798828125e+01
4.297734451293945312e+01
4.262471008300781250e+01
4.299554824829101562e+01
4.346163558959960938e+01
4.432219696044921875e+01
4.521506118774414062e+01
4.387615203857421875e+01
4.212940597534179688e+01
4.151721191406250000e+01
4.202608489990234375e+01
4.277967453002929688e+01
4.335012435913085938e+01
4.388564300537109375e+01
4.315052413940429688e+01
4.282500457763671875e+01
4.236717987060546875e+01
4.255887222290039062e+01
4.262634658813476562e+01
4.240013122558593750e+01
4.223975372314453125e+01
4.196309661865234375e+01
4.232593154907226562e+01
4.095677185058593750e+01
4.073822021484375000e+01
4.057016754150390625e+01
4.122005462646484375e+01
4.080474090576171875e+01
4.143315124511718750e+01
4.186608505249023438e+01
4.158684539794921875e+01
4.024983978271484375e+01
3.994329452514648438e+01
4.133333206176757812e+01
4.248039245605468750e+01
4.257004928588867188e+01
4.117387008666992188e+01
4.095326614379882812e+01
4.051951599121093750e+01
4.085174179077148438e+01
4.249778747558593750e+01
4.383501434326171875e+01
4.402529525756835938e+01
4.341967010498046875e+01
4.229872894287109375e+01
4.168439483642578125e+01
4.137851333618164062e+01
4.210766601562500000e+01
4.253665924072265625e+01
4.240510177612304688e+01
4.118841171264648438e+01
4.146928024291992188e+01
4.174008178710937500e+01
4.167176437377929688e+01
4.038957214355468750e+01
3.939633560180664062e+01
3.959844970703125000e+01
4.075955963134765625e+01
4.120940780639648438e+01
4.031896209716796875e+01
4.071952056884765625e+01
4.109414672851562500e+01
4.154575729370117188e+01
4.093328475952148438e+01
4.160108947753906250e+01
4.240419387817382812e+01
4.324512863159179688e+01
4.228681182861328125e+01
4.114894104003906250e+01
4.117734527587890625e+01
4.118943786621093750e+01
4.129425811767578125e+01
4.130041503906250000e+01
4.132552719116210938e+01
4.094662857055664062e+01
4.140382766723632812e+01
4.168479919433593750e+01
4.208847427368164062e+01
4.131946563720703125e+01
4.018893051147460938e+01
3.973049926757812500e+01
4.005628204345703125e+01
4.069673538208007812e+01
4.146764373779296875e+01
4.216027450561523438e+01
4.139997863769531250e+01
4.057480621337890625e+01
4.089655303955078125e+01
4.134005737304687500e+01
4.126594924926757812e+01
4.087982559204101562e+01
4.170908355712890625e+01
4.156222534179687500e+01
4.156198501586914062e+01
4.132167053222656250e+01
4.264440155029296875e+01
4.335547256469726562e+01
4.253136062622070312e+01
4.167073059082031250e+01
4.152289962768554688e+01
4.169659042358398438e+01
4.118189239501953125e+01
3.972152709960937500e+01
4.018595504760742188e+01
4.033549880981445312e+01
4.140876007080078125e+01
4.034597396850585938e+01
4.075731277465820312e+01
3.989899826049804688e+01
4.045291519165039062e+01
4.006951904296875000e+01
4.010289764404296875e+01
4.036793136596679688e+01
4.062419509887695312e+01
4.008510971069335938e+01
4.018227386474609375e+01
4.158848953247070312e+01
4.269237136840820312e+01
4.308182907104492188e+01
4.109389114379882812e+01
4.022177886962890625e+01
3.900963592529296875e+01
3.970281600952148438e+01
3.950236892700195312e+01
3.896474838256835938e+01
3.838061904907226562e+01
3.843103408813476562e+01
4.058961486816406250e+01
4.153676986694335938e+01
4.200013351440429688e+01
4.093368911743164062e+01
4.051473236083984375e+01
3.969904708862304688e+01
3.986991500854492188e+01
3.973354721069335938e+01
4.015506362915039062e+01
3.947578048706054688e+01
3.906753921508789062e+01
3.853530120849609375e+01
3.945603179931640625e+01
4.057510375976562500e+01
4.033004760742187500e+01
3.984530258178710938e+01
3.895011520385742188e+01
3.879833602905273438e+01
3.911571502685546875e+01
4.100352096557617188e+01
4.293925476074218750e+01
4.317033767700195312e+01
4.052407455444335938e+01
3.949137878417968750e+01
3.948510742187500000e+01
4.142139816284179688e+01
4.181643676757812500e+01
4.199767303466796875e+01
4.039085388183593750e+01
3.986213684082031250e+01
3.988828659057617188e+01
4.040776062011718750e+01
4.032772445678710938e+01
3.967021560668945312e+01
3.948871994018554688e+01
3.984460830688476562e+01
4.024011993408203125e+01
4.038773345947265625e+01
3.954471206665039062e+01
3.815069198608398438e+01
3.671530914306640625e+01
3.657492065429687500e+01
3.779837799072265625e+01
3.943352508544921875e+01
4.058070755004882812e+01
4.178135299682617188e+01
4.241325759887695312e+01
4.241698455810546875e+01
4.144367218017578125e+01
4.042711639404296875e+01
4.032653045654296875e+01
4.199649810791015625e+01
4.192076110839843750e+01
4.147480010986328125e+01
4.144640731811523438e+01
4.278447723388671875e+01
4.301901626586914062e+01
4.177133941650390625e+01
4.242544937133789062e+01
4.305764389038085938e+01
4.294269943237304688e+01
4.148174285888671875e+01
4.047901535034179688e+01
4.165168762207031250e+01
4.251683807373046875e+01
4.285001373291015625e+01
4.163769912719726562e+01
4.092538070678710938e+01
4.211133956909179688e+01
4.072566986083984375e+01
4.013192367553710938e+01
4.035535430908203125e+01
4.187923812866210938e+01
4.300382232666015625e+01
4.202161407470703125e+01
4.114041519165039062e+01
3.921517562866210938e+01
3.946344757080078125e+01
3.933564376831054688e+01
4.000612258911132812e+01
4.000015640258789062e+01
4.007812118530273438e+01
3.927209091186523438e+01
3.874754333496093750e+01
3.960867309570312500e+01
4.082223129272460938e+01
4.184511947631835938e+01
4.141087341308593750e+01
4.065683364868164062e+01
4.084734344482421875e+01
4.108818054199218750e+01
4.214318084716796875e+01
4.116101074218750000e+01
4.146443557739257812e+01
3.998070526123046875e+01
4.106288909912109375e+01
3.993791961669921875e+01
4.071801376342773438e+01
4.069418334960937500e+01
4.204546737670898438e+01
4.070444107055664062e+01
3.982243347167968750e+01
3.792505264282226562e+01
3.772163391113281250e+01
3.825633621215820312e+01
4.074385452270507812e+01
4.349526214599609375e+01
4.493288421630859375e+01
4.342401885986328125e+01
4.100114059448242188e+01
3.940215301513671875e+01
4.033792114257812500e+01
4.132231903076171875e+01
4.079360580444335938e+01
4.045955276489257812e+01
4.005390548706054688e+01
3.947417831420898438e+01
4.128597640991210938e+01
4.094116210937500000e+01
4.131517028808593750e+01
3.955095672607421875e+01
3.977411270141601562e+01
4.100957870483398438e+01
4.335255813598632812e+01
4.295545959472656250e+01
4.124872207641601562e+01
4.088473510742187500e+01
4.181386566162109375e+01
4.190314102172851562e+01
4.043895721435546875e+01
3.977532958984375000e+01
3.962076187133789062e+01
4.009125137329101562e+01
3.918958663940429688e+01
3.999826431274414062e+01
3.969175338745117188e+01
3.959456253051757812e+01
3.945672225952148438e+01
3.927643203735351562e+01
3.833374404907226562e+01
3.788307952880859375e+01
3.799008560180664062e+01
3.828405380249023438e+01
3.786812591552734375e+01
4.092497634887695312e+01
4.275639724731445312e+01
4.327618789672851562e+01
4.107036972045898438e+01
4.030318832397460938e+01
3.969733428955078125e+01
4.020852661132812500e+01
4.015425491333007812e+01
4.066232681274414062e+01
3.884561157226562500e+01
3.772978210449218750e+01
3.755727386474609375e+01
4.042180252075195312e+01
3.969357299804687500e+01
3.823718261718750000e+01
3.627631378173828125e+01
3.702356719970703125e+01
3.535486221313476562e+01
3.566669464111328125e+01
3.678792190551757812e+01
3.890940856933593750e+01
4.034178161621093750e+01
4.051890182495117188e+01
3.975908660888671875e+01
4.083167648315429688e+01
4.103908157348632812e+01
4.059491348266601562e+01
4.038772583007812500e+01
4.247061157226562500e+01
4.175055313110351562e+01
3.927092742919921875e+01
3.770184707641601562e+01
3.582599258422851562e+01
3.647534561157226562e+01
3.560197830200195312e+01
3.749365997314453125e+01
3.849983215332031250e+01
3.979603958129882812e+01
3.868870925903320312e+01
3.729716873168945312e+01
3.608309936523437500e+01
3.980573272705078125e+01
4.049633407592773438e+01
4.089136123657226562e+01
3.915616989135742188e+01
4.039489746093750000e+01
4.196753311157226562e+01
4.483657836914062500e+01
4.436236953735351562e+01
4.248876953125000000e+01
3.892349624633789062e+01
3.942750167846679688e+01
4.069995117187500000e+01
3.990161895751953125e+01
3.911033630371093750e+01
3.678253173828125000e+01
3.550328826904296875e+01
3.352819442749023438e+01
3.477849197387695312e+01
3.703860092163085938e+01
4.013728332519531250e+01
4.261022949218750000e+01
4.365141296386718750e+01
4.498441696166992188e+01
4.228247070312500000e+01
4.179394912719726562e+01
4.279500961303710938e+01
4.403242874145507812e+01
4.461150741577148438e+01
4.405566406250000000e+01
4.532397842407226562e+01
4.501169967651367188e+01
4.143067550659179688e+01
3.660957336425781250e+01
3.322093200683593750e+01
3.497688293457031250e+01
3.403289794921875000e+01
3.470455551147460938e+01
3.429217147827148438e+01
3.938562774658203125e+01
4.269948196411132812e+01
4.108976364135742188e+01
3.953440475463867188e+01
3.727419281005859375e+01
3.926604843139648438e+01
3.726565551757812500e+01
4.106597518920898438e+01
4.372528457641601562e+01
4.298689270019531250e+01
4.037612152099609375e+01
4.028640365600585938e+01
4.746731567382812500e+01
4.810052871704101562e+01
4.585918426513671875e+01
4.196369171142578125e+01
4.412799453735351562e+01
4.149505233764648438e+01
3.929154586791992188e+01
3.905315780639648438e+01
4.449539566040039062e+01
4.527988815307617188e+01
4.484512710571289062e+01
4.340354919433593750e+01
5.052822494506835938e+01
4.833263015747070312e+01
4.102322006225585938e+01
3.029918479919433594e+01
2.940610885620117188e+01
3.010265159606933594e+01
2.931549453735351562e+01
2.950554466247558594e+01
4.252238082885742188e+01
5.381998825073242188e+01
5.937313079833984375e+01
6.213084030151367188e+01
6.399049758911132812e+01
5.919339752197265625e+01
3.792691802978515625e+01
4.319696044921875000e+01
4.407255935668945312e+01
3.800275039672851562e+01
4.480209350585937500e+01
5.414034271240234375e+01
5.249877548217773438e+01
4.198256683349609375e+01
3.923278427124023438e+01
3.485955047607421875e+01
4.251157379150390625e+01
5.632121276855468750e+01
6.461763763427734375e+01
7.241867065429687500e+01
9.672983551025390625e+01
1.208378372192382812e+02
1.515053100585937500e+02
nan
nan
nan
nan
nan
nan
nan
nan
nan
nan
