nan
nan
nan
nan
nan
nan
nan
nan
nan
nan
nan
nan
nan
nan
nan
nan
nan
nan
2.844696235656738281e+01
2.598932838439941406e+01
3.233113479614257812e+01
3.656324005126953125e+01
3.243369674682617188e+01
2.942678451538085938e+01
3.204109954833984375e+01
2.971336746215820312e+01
2.438543319702148438e+01
2.502503776550292969e+01
3.034019088745117188e+01
3.039045715332031250e+01
2.986077117919921875e+01
2.780190086364746094e+01
2.717244720458984375e+01
3.158962440490722656e+01
3.033695411682128906e+01
2.971298217773437500e+01
3.409572982788085938e+01
3.322740173339843750e+01
3.322750473022460938e+01
3.453924179077148438e+01
3.103887939453125000e+01
2.994126701354980469e+01
3.185759735107421875e+01
3.246743392944335938e+01
3.465604782104492188e+01
3.405774688720703125e+01
3.362171936035156250e+01
3.593610763549804688e+01
3.285993957519531250e+01
3.300846862792968750e+01
3.479720306396484375e+01
3.617811965942382812e+01
3.676192092895507812e+01
3.360095596313476562e+01
3.294440841674804688e+01
3.137933731079101562e+01
3.081745719909667969e+01
3.123832130432128906e+01
3.216675567626953125e+01
3.442269134521484375e+01
3.400856781005859375e+01
3.204220962524414062e+01
3.051064300537109375e+01
3.132419395446777344e+01
3.299319458007812500e+01
3.451336669921875000e+01
3.737122726440429688e+01
3.820362091064453125e+01
3.725624084472656250e+01
3.578964233398437500e+01
3.203463363647460938e+01
3.136479187011718750e+01
3.204915237426757812e+01
3.170654296875000000e+01
3.194755744934082031e+01
3.311169433593750000e+01
3.591704559326171875e+01
3.527425765991210938e+01
3.498904418945312500e+01
3.622590255737304688e+01
3.827162551879882812e+01
3.860612487792968750e+01
3.742825698852539062e+01
3.634289169311523438e+01
3.529188537597656250e+01
3.295470046997070312e+01
3.457983016967773438e+01
3.635446166992187500e+01
3.444356155395507812e+01
3.362221145629882812e+01
3.624131011962890625e+01
3.778644561767578125e+01
3.580176544189453125e+01
3.487064743041992188e+01
3.557311630249023438e+01
3.470101165771484375e+01
3.735097122192382812e+01
3.974189376831054688e+01
3.830572128295898438e+01
3.764022445678710938e+01
3.768265914916992188e+01
3.616900253295898438e+01
3.716450119018554688e+01
3.827108764648437500e+01
3.834849548339843750e+01
4.093036651611328125e+01
4.135698699951171875e+01
4.057487106323242188e+01
3.964123153686523438e+01
3.719968795776367188e+01
3.816939163208007812e+01
3.656976318359375000e+01
3.706399917602539062e+01
3.911198806762695312e+01
3.677214813232421875e+01
3.378567123413085938e+01
3.433838653564453125e+01
3.569482040405273438e+01
3.642240524291992188e+01
3.807152938842773438e+01
3.873310089111328125e+01
3.659947586059570312e+01
3.796207427978515625e+01
3.878905105590820312e+01
3.798299407958984375e+01
3.717291259765625000e+01
3.633853149414062500e+01
3.665348052978515625e+01
3.653563690185546875e+01
3.756215667724609375e+01
3.820520401000976562e+01
3.577548217773437500e+01
3.472056961059570312e+01
3.583875656127929688e+01
3.778056335449218750e+01
3.773361968994140625e+01
3.674276733398437500e+01
3.576634216308593750e+01
3.694873428344726562e+01
3.848010635375976562e+01
3.913193511962890625e+01
4.067083740234375000e+01
4.031866073608398438e+01
3.958456039428710938e+01
3.973808670043945312e+01
3.938745117187500000e+01
3.993090057373046875e+01
4.099455642700195312e+01
4.126076507568359375e+01
4.008889007568359375e+01
3.982381439208984375e+01
4.016155242919921875e+01
3.975050735473632812e+01
3.836964797973632812e+01
3.767073059082031250e+01
3.879108428955078125e+01
3.849130630493164062e+01
3.856259155273437500e+01
3.896220397949218750e+01
4.138262176513671875e+01
4.330203247070312500e+01
4.310428237915039062e+01
4.042191696166992188e+01
3.884879302978515625e+01
3.943390274047851562e+01
3.955268859863281250e+01
3.870946121215820312e+01
3.935626983642578125e+01
4.045269775390625000e+01
3.910257339477539062e+01
3.781340026855468750e+01
3.806104278564453125e+01
4.108356094360351562e+01
4.245868301391601562e+01
4.232446289062500000e+01
4.219343185424804688e+01
4.166025161743164062e+01
3.932197570800781250e+01
3.854586791992187500e+01
4.032676696777343750e+01
4.228382873535156250e+01
4.188814544677734375e+01
4.013249969482421875e+01
3.795652008056640625e+01
3.799816894531250000e+01
3.930993270874023438e+01
3.883451080322265625e+01
3.938353729248046875e+01
4.030655670166015625e+01
4.101109695434570312e+01
4.161950302124023438e+01
4.231242752075195312e+01
4.300824737548828125e+01
4.290401077270507812e+01
4.121995162963867188e+01
4.103458404541015625e+01
4.044121551513671875e+01
3.980405426025390625e+01
4.143713378906250000e+01
4.234056854248046875e+01
4.337250518798828125e+01
4.228562927246093750e+01
4.196265411376953125e+01
4.177352905273437500e+01
4.231342697143554688e+01
4.167068481445312500e+01
4.173291397094726562e+01
4.356998825073242188e+01
4.512495422363281250e+01
4.383482742309570312e+01
4.300909423828125000e+01
4.274951171875000000e+01
4.268444442749023438e+01
4.451549530029296875e+01
4.428911590576171875e+01
4.422800445556640625e+01
4.290309906005859375e+01
4.205414581298828125e+01
4.365282440185546875e+01
4.428224563598632812e+01
4.605676269531250000e+01
4.612950515747070312e+01
4.485674667358398438e+01
4.283281326293945312e+01
4.374118804931640625e+01
4.379071044921875000e+01
4.235209655761718750e+01
4.262313461303710938e+01
4.462302398681640625e+01
4.423366165161132812e+01
4.440547180175781250e+01
4.422812652587890625e+01
4.539000701904296875e+01
4.546759033203125000e+01
4.512512969970703125e+01
4.433710861206054688e+01
4.439748764038085938e+01
4.313465499877929688e+01
4.172179412841796875e+01
4.216935729980468750e+01
4.358470153808593750e+01
4.308555984497070312e+01
4.361835479736328125e+01
4.438861465454101562e+01
4.451181793212890625e+01
4.400363540649414062e+01
4.323793792724609375e+01
4.284618759155273438e+01
4.550316619873046875e+01
4.711313247680664062e+01
4.545975112915039062e+01
4.575102615356445312e+01
4.634473800659179688e+01
4.662485122680664062e+01
4.632773971557617188e+01
4.537451934814453125e+01
4.443669128417968750e+01
4.447078323364257812e+01
4.458832168579101562e+01
4.689012145996093750e+01
4.727003860473632812e+01
4.702048873901367188e+01
4.580901336669921875e+01
4.648601913452148438e+01
4.782572555541992188e+01
4.836120605468750000e+01
4.781706237792968750e+01
4.694550323486328125e+01
4.824182128906250000e+01
4.963830184936523438e+01
5.040455245971679688e+01
4.908509826660156250e+01
4.723678588867187500e+01
4.689719390869140625e+01
4.740834426879882812e+01
4.677217102050781250e+01
4.713913726806640625e+01
4.794506454467773438e+01
4.873323059082031250e+01
4.808739089965820312e+01
4.860115814208984375e+01
4.942364120483398438e+01
4.967513275146484375e+01
4.808542633056640625e+01
4.704331207275390625e+01
4.629809570312500000e+01
4.619968414306640625e+01
4.677309799194335938e+01
4.632479476928710938e+01
4.847863769531250000e+01
4.916903686523437500e+01
4.906137847900390625e+01
4.918367385864257812e+01
5.036208343505859375e+01
5.036138916015625000e+01
4.969539642333984375e+01
5.009081268310546875e+01
5.037107467651367188e+01
5.029289627075195312e+01
4.984724807739257812e+01
4.863921737670898438e+01
4.865143966674804688e+01
4.929492187500000000e+01
4.976741409301757812e+01
4.978305816650390625e+01
4.815811157226562500e+01
4.810932159423828125e+01
4.945839309692382812e+01
4.891812133789062500e+01
4.817467498779296875e+01
4.625481414794921875e+01
4.472105407714843750e+01
4.510520935058593750e+01
4.700995635986328125e+01
4.904837799072265625e+01
5.051723480224609375e+01
4.858256912231445312e+01
4.771766281127929688e+01
4.828048706054687500e+01
4.870480346679687500e+01
4.939528656005859375e+01
5.058491516113281250e+01
5.034572219848632812e+01
4.974147415161132812e+01
5.025679779052734375e+01
4.907165908813476562e+01
4.780762481689453125e+01
4.945266342163085938e+01
5.142374801635742188e+01
5.198458862304687500e+01
5.137969207763671875e+01
4.937120819091796875e+01
4.786961746215820312e+01
5.043534851074218750e+01
5.233361053466796875e+01
5.308327102661132812e+01
5.138850021362304688e+01
5.085725021362304688e+01
5.190549087524414062e+01
5.218209838867187500e+01
5.238563919067382812e+01
5.243422698974609375e+01
5.124273300170898438e+01
4.897911071777343750e+01
4.993021392822265625e+01
5.145150375366210938e+01
5.064503860473632812e+01
4.953584671020507812e+01
4.906685256958007812e+01
5.036893463134765625e+01
5.092884445190429688e+01
5.210903930664062500e+01
5.321302795410156250e+01
5.476483917236328125e+01
5.473406219482421875e+01
5.395347595214843750e+01
5.225450897216796875e+01
5.283377075195312500e+01
5.454399871826171875e+01
5.477675628662109375e+01
5.318203735351562500e+01
5.145780181884765625e+01
5.150239944458007812e+01
5.362728118896484375e+01
5.507838821411132812e+01
5.579803085327148438e+01
5.665695571899414062e+01
5.601736831665039062e+01
5.487376403808593750e+01
5.402770233154296875e+01
5.352643203735351562e+01
5.328251266479492188e+01
5.393279266357421875e+01
5.293389129638671875e+01
5.186406326293945312e+01
5.300278091430664062e+01
5.448270416259765625e+01
5.516827774047851562e+01
5.487223434448242188e+01
5.508964920043945312e+01
5.336027145385742188e+01
5.163996887207031250e+01
5.155124664306640625e+01
5.249018859863281250e+01
5.463309478759765625e+01
5.459117889404296875e+01
5.345025253295898438e+01
5.276562118530273438e+01
5.270433044433593750e+01
5.351492691040039062e+01
5.490935516357421875e+01
5.502374267578125000e+01
5.483314514160156250e+01
5.510256576538085938e+01
5.606655120849609375e+01
5.642080307006835938e+01
5.533310699462890625e+01
5.417492294311523438e+01
5.476356887817382812e+01
5.627027130126953125e+01
5.638795089721679688e+01
5.661887741088867188e+01
5.615077209472656250e+01
5.509192657470703125e+01
5.491983032226562500e+01
5.501378250122070312e+01
5.407703781127929688e+01
5.367042160034179688e+01
5.536059951782226562e+01
5.540726470947265625e+01
5.518524551391601562e+01
5.519134140014648438e+01
5.451167297363281250e+01
5.465242767333984375e+01
5.584497070312500000e+01
5.555258178710937500e+01
5.595665740966796875e+01
5.674039459228515625e+01
5.658177566528320312e+01
5.384547042846679688e+01
5.409663009643554688e+01
5.633563995361328125e+01
5.615643692016601562e+01
5.443796539306640625e+01
5.420486068725585938e+01
5.375988769531250000e+01
5.327465057373046875e+01
5.445081710815429688e+01
5.574662017822265625e+01
5.619378280639648438e+01
5.473546981811523438e+01
5.451028823852539062e+01
5.557204818725585938e+01
5.602443695068359375e+01
5.667380142211914062e+01
5.775160598754882812e+01
5.817290878295898438e+01
5.685778808593750000e+01
5.784786987304687500e+01
5.871622848510742188e+01
5.830514526367187500e+01
5.690514373779296875e+01
5.651522064208984375e+01
5.737752151489257812e+01
5.790772247314453125e+01
5.828935241699218750e+01
5.867785263061523438e+01
5.801322937011718750e+01
5.832674789428710938e+01
5.865686035156250000e+01
5.950567245483398438e+01
5.881256484985351562e+01
5.897361755371093750e+01
5.860551834106445312e+01
5.840207672119140625e+01
5.768835449218750000e+01
5.677127075195312500e+01
5.655856323242187500e+01
5.731819152832031250e+01
5.854767227172851562e+01
5.728372955322265625e+01
5.714449691772460938e+01
5.701966857910156250e+01
5.886057662963867188e+01
5.979153823852539062e+01
5.998839569091796875e+01
5.913345718383789062e+01
5.864279937744140625e+01
5.802148818969726562e+01
5.722039794921875000e+01
5.738087844848632812e+01
5.823892593383789062e+01
5.754383468627929688e+01
5.865930557250976562e+01
5.814657211303710938e+01
5.771298980712890625e+01
5.817271041870117188e+01
5.928130722045898438e+01
5.892233276367187500e+01
5.787826538085937500e+01
5.759572219848632812e+01
5.827928924560546875e+01
5.894298934936523438e+01
5.976085662841796875e+01
6.017749404907226562e+01
6.023921203613281250e+01
6.058897399902343750e+01
6.100653457641601562e+01
5.882518386840820312e+01
5.694125747680664062e+01
5.898319625854492188e+01
6.093334579467773438e+01
6.090095901489257812e+01
5.970745849609375000e+01
5.796959304809570312e+01
5.755842590332031250e+01
5.931472396850585938e+01
6.031073760986328125e+01
5.896259307861328125e+01
5.754308700561523438e+01
5.802153396606445312e+01
5.929753112792968750e+01
5.972527694702148438e+01
6.028734970092773438e+01
6.007860946655273438e+01
5.908103179931640625e+01
5.881296539306640625e+01
5.831529235839843750e+01
5.808806228637695312e+01
5.802312088012695312e+01
5.768346023559570312e+01
5.701379394531250000e+01
5.792763519287109375e+01
5.764403533935546875e+01
5.710000610351562500e+01
5.706639862060546875e+01
5.802333831787109375e+01
5.822239303588867188e+01
5.939009475708007812e+01
6.098786926269531250e+01
6.214810180664062500e+01
6.251890182495117188e+01
6.094151687622070312e+01
5.942633438110351562e+01
5.927128219604492188e+01
5.924140167236328125e+01
5.959925842285156250e+01
5.884901046752929688e+01
5.931424331665039062e+01
5.843949508666992188e+01
5.840450286865234375e+01
5.834148788452148438e+01
5.830422210693359375e+01
5.695283508300781250e+01
5.654248428344726562e+01
5.739086914062500000e+01
5.785593795776367188e+01
5.834921264648437500e+01
5.946496582031250000e+01
6.100927734375000000e+01
6.220225143432617188e+01
6.118901443481445312e+01
5.988159942626953125e+01
5.926716232299804688e+01
5.877537918090820312e+01
5.877849578857421875e+01
5.877159881591796875e+01
5.865031051635742188e+01
5.815457916259765625e+01
5.820444869995117188e+01
5.896207427978515625e+01
5.914215087890625000e+01
5.915737915039062500e+01
5.971716308593750000e+01
6.120450973510742188e+01
6.177203369140625000e+01
5.971443176269531250e+01
5.767210769653320312e+01
5.800396347045898438e+01
5.839094924926757812e+01
5.904648590087890625e+01
5.905318069458007812e+01
5.938064956665039062e+01
5.903614425659179688e+01
5.870680999755859375e+01
5.898612213134765625e+01
5.902112960815429688e+01
5.798466110229492188e+01
5.756833267211914062e+01
5.677822113037109375e+01
5.647787094116210938e+01
5.818455886840820312e+01
5.892118453979492188e+01
5.854040908813476562e+01
5.880816650390625000e+01
5.869946289062500000e+01
5.912386322021484375e+01
5.937197113037109375e+01
6.017368698120117188e+01
6.055986022949218750e+01
6.028990554809570312e+01
5.851650238037109375e+01
5.739741516113281250e+01
5.721340942382812500e+01
5.694149780273437500e+01
5.748575973510742188e+01
5.790796661376953125e+01
5.734634017944335938e+01
5.608512496948242188e+01
5.670523834228515625e+01
5.625413894653320312e+01
5.711621475219726562e+01
5.677202987670898438e+01
5.749987792968750000e+01
5.788599014282226562e+01
5.701402282714843750e+01
5.735664367675781250e+01
5.870693969726562500e+01
6.014450073242187500e+01
5.986060333251953125e+01
5.889899063110351562e+01
5.806029129028320312e+01
5.711215972900390625e+01
5.642942047119140625e+01
5.605583190917968750e+01
5.586373519897460938e+01
5.526921844482421875e+01
5.659281921386718750e+01
5.706132125854492188e+01
5.691963577270507812e+01
5.663638687133789062e+01
5.580215454101562500e+01
5.650610733032226562e+01
5.833144378662109375e+01
5.826692962646484375e+01
5.703500747680664062e+01
5.592212295532226562e+01
5.597535705566406250e+01
5.743367385864257812e+01
5.763553237915039062e+01
5.718876266479492188e+01
5.556432342529296875e+01
5.508649063110351562e+01
5.611419296264648438e+01
5.612687301635742188e+01
5.823658752441406250e+01
5.896714019775390625e+01
5.978380966186523438e+01
5.839849090576171875e+01
5.778113937377929688e+01
5.756045150756835938e+01
5.790355682373046875e+01
5.680054092407226562e+01
5.663667678833007812e+01
5.664566421508789062e+01
5.622883987426757812e+01
5.543909072875976562e+01
5.510995101928710938e+01
5.599314880371093750e+01
5.624155044555664062e+01
5.519203186035156250e+01
5.528813934326171875e+01
5.467033767700195312e+01
5.552817153930664062e+01
5.548186874389648438e+01
5.533263397216796875e+01
5.484081268310546875e+01
5.507453155517578125e+01
5.525226974487304688e+01
5.502276229858398438e+01
5.461698913574218750e+01
5.416706466674804688e+01
5.539781570434570312e+01
5.513076782226562500e+01
5.439976119995117188e+01
5.402616500854492188e+01
5.447888565063476562e+01
5.316057205200195312e+01
5.214253616333007812e+01
5.172701644897460938e+01
5.241261672973632812e+01
5.374864959716796875e+01
5.400732803344726562e+01
5.333195114135742188e+01
5.238713073730468750e+01
5.328847503662109375e+01
5.453567504882812500e+01
5.573549652099609375e+01
5.537422561645507812e+01
5.380694198608398438e+01
5.168810653686523438e+01
5.280947875976562500e+01
5.477129364013671875e+01
5.544581985473632812e+01
5.414837265014648438e+01
5.351440811157226562e+01
5.230049514770507812e+01
5.226256561279296875e+01
5.347521209716796875e+01
5.303655242919921875e+01
5.210288619995117188e+01
5.229212951660156250e+01
5.335715103149414062e+01
5.504249954223632812e+01
5.502508544921875000e+01
5.267928314208984375e+01
5.053704833984375000e+01
5.035522842407226562e+01
5.162050247192382812e+01
5.250809097290039062e+01
5.294766235351562500e+01
5.308676147460937500e+01
5.312187194824218750e+01
5.193327713012695312e+01
5.154122161865234375e+01
5.138367462158203125e+01
5.143329238891601562e+01
5.149100875854492188e+01
5.130753326416015625e+01
5.113901519775390625e+01
5.089408874511718750e+01
5.125852203369140625e+01
5.159725189208984375e+01
5.166935729980468750e+01
5.180562973022460938e+01
5.231751632690429688e+01
5.135344314575195312e+01
4.886280441284179688e+01
4.816336441040039062e+01
4.849421310424804688e+01
4.880028915405273438e+01
4.823895263671875000e+01
4.837425994873046875e+01
4.906460952758789062e+01
5.001109313964843750e+01
4.959698867797851562e+01
4.884076309204101562e+01
4.875060653686523438e+01
5.017637252807617188e+01
5.152767562866210938e+01
5.051495742797851562e+01
5.046137619018554688e+01
4.960037994384765625e+01
4.831754302978515625e+01
4.628193664550781250e+01
4.554674911499023438e+01
4.755817031860351562e+01
4.978368377685546875e+01
5.091314315795898438e+01
5.001512145996093750e+01
4.919513320922851562e+01
4.901844787597656250e+01
4.912754440307617188e+01
4.890474319458007812e+01
4.949050140380859375e+01
5.033705520629882812e+01
5.094258880615234375e+01
5.043621444702148438e+01
5.083872604370117188e+01
5.066225814819335938e+01
4.834277725219726562e+01
4.651684570312500000e+01
4.716547393798828125e+01
4.827359771728515625e+01
4.783929443359375000e+01
4.908596038818359375e+01
4.963429260253906250e+01
4.790879058837890625e+01
4.537250518798828125e+01
4.392198562622070312e+01
4.477059936523437500e+01
4.579655456542968750e+01
4.573952484130859375e+01
4.616461563110351562e+01
4.722039031982421875e+01
4.817801284790039062e+01
4.740234756469726562e+01
4.666768646240234375e+01
4.612767410278320312e+01
4.548781967163085938e+01
4.601118850708007812e+01
4.581045150756835938e+01
4.636154937744140625e+01
4.656339263916015625e+01
4.681497192382812500e+01
4.563870620727539062e+01
4.542459487915039062e+01
4.537209701538085938e+01
4.536590957641601562e+01
4.518117523193359375e+01
4.490532302856445312e+01
4.426342391967773438e+01
4.409602737426757812e+01
4.382460784912109375e+01
4.455085372924804688e+01
4.512916564941406250e+01
4.632281875610351562e+01
4.594295501708984375e+01
4.547052383422851562e+01
4.490917587280273438e+01
4.464429855346679688e+01
4.447492599487304688e+01
4.456778335571289062e+01
4.431600952148437500e+01
4.414458084106445312e+01
4.389258956909179688e+01
4.363818740844726562e+01
4.361892318725585938e+01
4.422860336303710938e+01
4.417626571655273438e+01
4.394601440429687500e+01
4.252380752563476562e+01
4.227774429321289062e+01
4.185749053955078125e+01
4.298374176025390625e+01
4.316238021850585938e+01
4.342238616943359375e+01
4.257619094848632812e+01
4.211187362670898438e+01
4.297731781005859375e+01
4.407146835327148438e+01
4.406398391723632812e+01
4.263990402221679688e+01
4.173043823242187500e+01
4.258260345458984375e+01
4.465383911132812500e+01
4.479730987548828125e+01
4.498600387573242188e+01
4.404460906982421875e+01
4.337276458740234375e+01
4.307851028442382812e+01
4.173971557617187500e+01
4.152030563354492188e+01
4.288519668579101562e+01
4.306593322753906250e+01
4.237500762939453125e+01
4.262108612060546875e+01
4.354782867431640625e+01
4.290578079223632812e+01
4.104595565795898438e+01
3.968135070800781250e+01
3.998270416259765625e+01
4.093114852905273438e+01
4.086342620849609375e+01
4.082049560546875000e+01
4.133480453491210938e+01
4.176584625244140625e+01
4.112027740478515625e+01
4.119483566284179688e+01
4.081406784057617188e+01
4.103925323486328125e+01
4.025975418090820312e+01
4.000564575195312500e+01
4.084353637695312500e+01
4.100220108032226562e+01
4.118945693969726562e+01
4.222594833374023438e+01
4.249468231201171875e+01
4.167813110351562500e+01
3.962303543090820312e+01
3.892779159545898438e+01
3.915414810180664062e+01
3.887924957275390625e+01
3.932954025268554688e+01
3.901955413818359375e+01
3.806025695800781250e+01
3.864446640014648438e+01
3.972473526000976562e+01
3.976160049438476562e+01
3.936447525024414062e+01
3.940449905395507812e+01
3.894924163818359375e+01
3.759840774536132812e+01
3.641928863525390625e+01
3.638179016113281250e+01
3.710452651977539062e+01
3.843854141235351562e+01
3.756782531738281250e+01
3.721147537231445312e+01
3.746245956420898438e+01
3.894818496704101562e+01
3.870480728149414062e+01
3.827394104003906250e+01
3.853018188476562500e+01
3.868594360351562500e+01
3.900098419189453125e+01
3.817932510375976562e+01
3.798950958251953125e+01
3.807839202880859375e+01
3.882826614379882812e+01
3.839382553100585938e+01
3.838837051391601562e+01
3.750839996337890625e+01
3.756887435913085938e+01
3.905133056640625000e+01
3.954185104370117188e+01
3.953161621093750000e+01
3.817178344726562500e+01
3.637060928344726562e+01
3.669454193115234375e+01
3.849249267578125000e+01
3.856336593627929688e+01
3.774824523925781250e+01
3.812981796264648438e+01
3.893575668334960938e+01
3.836542129516601562e+01
3.748249053955078125e+01
3.636445999145507812e+01
3.683563995361328125e+01
3.735136032104492188e+01
3.746189880371093750e+01
3.773174667358398438e+01
3.797299194335937500e+01
3.698729705810546875e+01
3.566194534301757812e+01
3.499707031250000000e+01
3.555078506469726562e+01
3.698014450073242188e+01
3.751170349121093750e+01
3.801300811767578125e+01
3.792536926269531250e+01
3.813083267211914062e+01
3.810513305664062500e+01
3.864253997802734375e+01
3.918055343627929688e+01
3.829475021362304688e+01
3.686570739746093750e+01
3.686281204223632812e+01
3.763229370117187500e+01
3.697059631347656250e+01
3.603400039672851562e+01
3.574372100830078125e+01
3.599587249755859375e+01
3.698154449462890625e+01
3.655086898803710938e+01
3.573410415649414062e+01
3.497284698486328125e+01
3.541131973266601562e+01
3.628090667724609375e+01
3.641164398193359375e+01
3.639121246337890625e+01
3.601134490966796875e+01
3.623385238647460938e+01
3.585829162597656250e+01
3.598771286010742188e+01
3.693477249145507812e+01
3.771449279785156250e+01
3.767602539062500000e+01
3.664361190795898438e+01
3.685152435302734375e+01
3.579576873779296875e+01
3.630963134765625000e+01
3.629377746582031250e+01
3.694751358032226562e+01
3.605738067626953125e+01
3.639525985717773438e+01
3.633587265014648438e+01
3.591266632080078125e+01
3.633553695678710938e+01
3.653945541381835938e+01
3.663582611083984375e+01
3.627515792846679688e+01
3.681369781494140625e+01
3.714067077636718750e+01
3.734900665283203125e+01
3.698519134521484375e+01
3.640322494506835938e+01
3.632707214355468750e+01
3.699633789062500000e+01
3.753199768066406250e+01
3.758763122558593750e+01
3.692299270629882812e+01
3.618169021606445312e+01
3.606196212768554688e+01
3.581313323974609375e+01
3.615169143676757812e+01
3.603036880493164062e+01
3.560976791381835938e+01
3.589791488647460938e+01
3.696378707885742188e+01
3.730641555786132812e+01
3.643227767944335938e+01
3.560847473144531250e+01
3.560820388793945312e+01
3.614417266845703125e+01
3.586157608032226562e+01
3.528655624389648438e+01
3.599943161010742188e+01
3.623480606079101562e+01
3.613726043701171875e+01
3.610137176513671875e+01
3.629075241088867188e+01
3.609329223632812500e+01
3.545082855224609375e+01
3.496334075927734375e+01
3.581876754760742188e+01
3.604621505737304688e+01
3.616746520996093750e+01
3.683666610717773438e+01
3.705819320678710938e+01
3.710388183593750000e+01
3.658456802368164062e+01
3.533555984497070312e+01
3.502239608764648438e+01
3.556463623046875000e+01
3.619604873657226562e+01
3.721102523803710938e+01
3.667557144165039062e+01
3.568788528442382812e+01
3.597990417480468750e+01
3.638573455810546875e+01
3.637672424316406250e+01
3.547875976562500000e+01
3.546582031250000000e+01
3.667843627929687500e+01
3.670679473876953125e+01
3.684283065795898438e+01
3.734038925170898438e+01
3.733335113525390625e+01
3.725309753417968750e+01
3.713038635253906250e+01
3.614378356933593750e+01
3.513948822021484375e+01
3.480966949462890625e+01
3.570888900756835938e+01
3.533515548706054688e+01
3.578644561767578125e+01
3.629911041259765625e+01
3.620876312255859375e+01
3.595745849609375000e+01
3.668417358398437500e+01
3.665765762329101562e+01
3.684069824218750000e+01
3.672226715087890625e+01
3.635171508789062500e+01
3.658348846435546875e+01
3.707128524780273438e+01
3.607215499877929688e+01
3.542898941040039062e+01
3.566286849975585938e+01
3.602054977416992188e+01
3.579756927490234375e+01
3.548103332519531250e+01
3.583575820922851562e+01
3.560012054443359375e+01
3.581883239746093750e+01
3.561497497558593750e+01
3.579506683349609375e+01
3.583719253540039062e+01
3.659554290771484375e+01
3.594077301025390625e+01
3.559107208251953125e+01
3.623291015625000000e+01
3.673094558715820312e+01
3.583009338378906250e+01
3.496265029907226562e+01
3.488214492797851562e+01
3.504613876342773438e+01
3.588013076782226562e+01
3.623721694946289062e+01
3.669112014770507812e+01
3.645088577270507812e+01
3.504469299316406250e+01
3.520819473266601562e+01
3.627464294433593750e+01
3.690123367309570312e+01
3.675449752807617188e+01
3.670587158203125000e+01
3.675369644165039062e+01
3.626325607299804688e+01
3.605642318725585938e+01
3.572252655029296875e+01
3.675890350341796875e+01
3.744038772583007812e+01
3.763610458374023438e+01
3.705857467651367188e+01
3.589173126220703125e+01
3.493301391601562500e+01
3.468872833251953125e+01
3.541306686401367188e+01
3.609994888305664062e+01
3.667175292968750000e+01
3.676574707031250000e+01
3.725236892700195312e+01
3.718849563598632812e+01
3.710722351074218750e+01
3.646149063110351562e+01
3.651244735717773438e+01
3.610377120971679688e+01
3.531715774536132812e+01
3.497430801391601562e+01
3.572529220581054688e+01
3.611886215209960938e+01
3.595441436767578125e+01
3.595522308349609375e+01
3.559616088867187500e+01
3.548369216918945312e+01
3.542348480224609375e+01
3.593923568725585938e+01
3.582095718383789062e+01
3.580014419555664062e+01
3.615688705444335938e+01
3.601483917236328125e+01
3.527675628662109375e+01
3.573348236083984375e+01
3.654910278320312500e+01
3.648741149902343750e+01
3.638796234130859375e+01
3.743348693847656250e+01
3.803544998168945312e+01
3.910537338256835938e+01
3.890794372558593750e+01
3.875911712646484375e+01
3.823014068603515625e+01
3.850434112548828125e+01
3.756933212280273438e+01
3.696715927124023438e+01
3.735387802124023438e+01
3.787033462524414062e+01
3.702196502685546875e+01
3.622037887573242188e+01
3.563408279418945312e+01
3.521361923217773438e+01
3.638405227661132812e+01
3.694985580444335938e+01
3.762766647338867188e+01
3.729343414306640625e+01
3.689038085937500000e+01
3.717972564697265625e+01
3.641521835327148438e+01
3.576419067382812500e+01
3.565340423583984375e+01
3.625690078735351562e+01
3.636037826538085938e+01
3.633222961425781250e+01
3.651898574829101562e+01
3.649483871459960938e+01
3.734933090209960938e+01
3.765227508544921875e+01
3.686449432373046875e+01
3.647447967529296875e+01
3.685079956054687500e+01
3.741323089599609375e+01
3.760382080078125000e+01
3.753628540039062500e+01
3.779331588745117188e+01
3.709646606445312500e+01
3.667033767700195312e+01
3.589363479614257812e+01
3.600866317749023438e+01
3.618554687500000000e+01
3.623004150390625000e+01
3.549292755126953125e+01
3.525966644287109375e+01
3.538945770263671875e+01
3.504864120483398438e+01
3.516353225708007812e+01
3.572538375854492188e+01
3.621915054321289062e+01
3.610632705688476562e+01
3.572323989868164062e+01
3.578956985473632812e+01
3.572414779663085938e+01
3.561766052246093750e+01
3.529045867919921875e+01
3.553746795654296875e+01
3.536347961425781250e+01
3.506467437744140625e+01
3.468913269042968750e+01
3.567377853393554688e+01
3.560485839843750000e+01
3.645831298828125000e+01
3.616879272460937500e+01
3.569668197631835938e+01
3.532562637329101562e+01
3.650515747070312500e+01
3.677612304687500000e+01
3.554729461669921875e+01
3.511354064941406250e+01
3.531216049194335938e+01
3.655546569824218750e+01
3.688289260864257812e+01
3.739118576049804688e+01
3.619095993041992188e+01
3.592436599731445312e+01
3.680079650878906250e+01
3.674497604370117188e+01
3.620159530639648438e+01
3.520468139648437500e+01
3.516196823120117188e+01
3.376670074462890625e+01
3.441603469848632812e+01
3.527238845825195312e+01
3.547958374023437500e+01
3.529125976562500000e+01
3.494327926635742188e+01
3.453262710571289062e+01
3.453644561767578125e+01
3.467735671997070312e+01
3.468066406250000000e+01
3.378255081176757812e+01
3.449873733520507812e+01
3.488648986816406250e+01
3.551399230957031250e+01
3.489698028564453125e+01
3.525675201416015625e+01
3.567938232421875000e+01
3.447463607788085938e+01
3.298983001708984375e+01
3.313524246215820312e+01
3.299554443359375000e+01
3.340439987182617188e+01
3.382889175415039062e+01
3.409916305541992188e+01
3.364321899414062500e+01
3.435782623291015625e+01
3.491291809082031250e+01
3.455792617797851562e+01
3.386429595947265625e+01
3.440170669555664062e+01
3.520869827270507812e+01
3.614993286132812500e+01
3.682276535034179688e+01
3.612942886352539062e+01
3.467919540405273438e+01
3.391682815551757812e+01
3.310130310058593750e+01
3.342341232299804688e+01
3.353932952880859375e+01
3.364168167114257812e+01
3.453805923461914062e+01
3.439345169067382812e+01
3.368579864501953125e+01
3.361529541015625000e+01
3.454842758178710938e+01
3.480330657958984375e+01
3.420262908935546875e+01
3.427375793457031250e+01
3.508054351806640625e+01
3.613183212280273438e+01
3.569950103759765625e+01
3.500665283203125000e+01
3.338890075683593750e+01
3.357816314697265625e+01
3.394074249267578125e+01
3.440406036376953125e+01
3.441516876220703125e+01
3.470845413208007812e+01
3.453750228881835938e+01
3.364067077636718750e+01
3.368193054199218750e+01
3.404923248291015625e+01
3.347149658203125000e+01
3.248290252685546875e+01
3.295917129516601562e+01
3.279267501831054688e+01
3.293855667114257812e+01
3.311344528198242188e+01
3.331005096435546875e+01
3.318532943725585938e+01
3.390402984619140625e+01
3.312438583374023438e+01
3.309773635864257812e+01
3.288690567016601562e+01
3.297756958007812500e+01
3.297342300415039062e+01
3.309436035156250000e+01
3.331315231323242188e+01
3.291825866699218750e+01
3.303364944458007812e+01
3.360795974731445312e+01
3.242630767822265625e+01
3.205577850341796875e+01
3.170671272277832031e+01
3.174928855895996094e+01
3.203670501708984375e+01
3.262524032592773438e+01
3.239595794677734375e+01
3.288983535766601562e+01
3.254091262817382812e+01
3.233501052856445312e+01
3.183664512634277344e+01
3.210937881469726562e+01
3.193338775634765625e+01
3.244112777709960938e+01
3.174225044250488281e+01
3.176226043701171875e+01
3.156211853027343750e+01
3.156402587890625000e+01
3.218088912963867188e+01
3.286146926879882812e+01
3.384209442138671875e+01
3.368309402465820312e+01
3.325807952880859375e+01
3.258953094482421875e+01
3.187172126770019531e+01
3.073779106140136719e+01
3.027955436706542969e+01
3.067181205749511719e+01
3.217507934570312500e+01
3.238742446899414062e+01
3.185756301879882812e+01
3.128819084167480469e+01
3.074685096740722656e+01
3.024573707580566406e+01
3.083922195434570312e+01
3.205293273925781250e+01
3.176766967773437500e+01
3.177728271484375000e+01
3.176897239685058594e+01
3.189516067504882812e+01
3.195903968811035156e+01
3.206476593017578125e+01
3.226091766357421875e+01
3.090277099609375000e+01
3.140703964233398438e+01
3.228831100463867188e+01
3.235474395751953125e+01
3.102338600158691406e+01
3.022529983520507812e+01
2.991702842712402344e+01
3.096276855468750000e+01
3.212148666381835938e+01
3.235355377197265625e+01
3.231272125244140625e+01
3.205538940429687500e+01
3.151453781127929688e+01
3.178754806518554688e+01
3.168320846557617188e+01
3.165164184570312500e+01
3.107784652709960938e+01
3.086600112915039062e+01
3.069787406921386719e+01
3.150707435607910156e+01
3.230396652221679688e+01
3.092835235595703125e+01
3.058182907104492188e+01
3.053033256530761719e+01
3.133210754394531250e+01
3.208136367797851562e+01
3.271642303466796875e+01
3.277516937255859375e+01
3.206070327758789062e+01
3.147682762145996094e+01
3.087356948852539062e+01
3.005766677856445312e+01
2.971928215026855469e+01
2.990326881408691406e+01
3.086712646484375000e+01
3.108856010437011719e+01
3.102207946777343750e+01
3.097661972045898438e+01
3.158493995666503906e+01
3.157906913757324219e+01
3.186670112609863281e+01
3.073530769348144531e+01
3.051718330383300781e+01
2.973524284362792969e+01
3.006217002868652344e+01
2.985672378540039062e+01
3.005586051940917969e+01
3.023269081115722656e+01
3.054550743103027344e+01
2.986223602294921875e+01
3.046972465515136719e+01
3.040449523925781250e+01
3.011217308044433594e+01
3.000955390930175781e+01
3.047198295593261719e+01
3.059477043151855469e+01
3.140415382385253906e+01
3.185753631591796875e+01
3.079026603698730469e+01
2.969043731689453125e+01
2.891977691650390625e+01
2.949302291870117188e+01
3.043578529357910156e+01
3.099342346191406250e+01
3.122616004943847656e+01
3.139530372619628906e+01
3.013527297973632812e+01
2.965833473205566406e+01
2.981838798522949219e+01
2.974965667724609375e+01
2.972348594665527344e+01
3.030502891540527344e+01
3.126249504089355469e+01
3.059824180603027344e+01
3.030721282958984375e+01
2.996394729614257812e+01
3.068185615539550781e+01
3.076837348937988281e+01
2.986994361877441406e+01
2.976076889038085938e+01
3.043825149536132812e+01
3.093914413452148438e+01
3.097123908996582031e+01
3.065501213073730469e+01
3.103457260131835938e+01
3.056066131591796875e+01
2.983542442321777344e+01
3.017120933532714844e+01
3.067029953002929688e+01
3.080879592895507812e+01
3.136410522460937500e+01
3.170087432861328125e+01
3.132997512817382812e+01
3.072056388854980469e+01
3.008662605285644531e+01
2.961614418029785156e+01
2.907108688354492188e+01
2.948110008239746094e+01
3.043629646301269531e+01
2.995464134216308594e+01
2.992943000793457031e+01
2.976047325134277344e+01
3.040743064880371094e+01
3.080335044860839844e+01
3.127831840515136719e+01
3.123221015930175781e+01
3.095921707153320312e+01
3.119859123229980469e+01
3.072579765319824219e+01
2.982076644897460938e+01
2.890322303771972656e+01
2.838836288452148438e+01
2.863253402709960938e+01
2.962854766845703125e+01
3.033329582214355469e+01
3.028461265563964844e+01
3.022945213317871094e+01
2.986470413208007812e+01
2.912957572937011719e+01
2.909451866149902344e+01
2.961468315124511719e+01
2.991777420043945312e+01
2.990794563293457031e+01
3.064832496643066406e+01
3.078899192810058594e+01
3.017695999145507812e+01
2.946615600585937500e+01
2.963514328002929688e+01
2.983262252807617188e+01
2.998202133178710938e+01
2.879615974426269531e+01
2.745040893554687500e+01
2.853292655944824219e+01
2.999689102172851562e+01
3.051821708679199219e+01
2.985130310058593750e+01
2.950728225708007812e+01
2.917078971862792969e+01
2.967156219482421875e+01
3.049775886535644531e+01
3.025640869140625000e+01
2.948539733886718750e+01
2.900207901000976562e+01
2.866283988952636719e+01
2.862187767028808594e+01
2.885625839233398438e+01
2.972964477539062500e+01
3.035539245605468750e+01
3.030206680297851562e+01
2.927441596984863281e+01
2.944403648376464844e+01
2.914693260192871094e+01
2.928542900085449219e+01
2.932457351684570312e+01
2.982965087890625000e+01
3.039480400085449219e+01
3.013989448547363281e+01
3.011314201354980469e+01
2.978560638427734375e+01
2.892780685424804688e+01
2.844569778442382812e+01
2.798466491699218750e+01
2.869950866699218750e+01
2.897532844543457031e+01
2.891102600097656250e+01
2.841131782531738281e+01
2.856059455871582031e+01
2.897015380859375000e+01
2.952516174316406250e+01
2.973317337036132812e+01
2.918873405456542969e+01
2.871505165100097656e+01
2.840519142150878906e+01
2.860846519470214844e+01
2.862906074523925781e+01
2.848666000366210938e+01
2.880014419555664062e+01
2.914720535278320312e+01
2.938283538818359375e+01
2.966051864624023438e+01
2.914759635925292969e+01
2.904155731201171875e+01
2.978427314758300781e+01
3.037999725341796875e+01
3.024334144592285156e+01
2.973641204833984375e+01
2.979174041748046875e+01
2.937767028808593750e+01
2.909800720214843750e+01
2.867160797119140625e+01
2.839418792724609375e+01
2.788725852966308594e+01
2.806457519531250000e+01
2.818738174438476562e+01
2.789562606811523438e+01
2.780701255798339844e+01
2.765453720092773438e+01
2.783295440673828125e+01
2.768272781372070312e+01
2.772582244873046875e+01
2.743882369995117188e+01
2.836510086059570312e+01
2.821811294555664062e+01
2.775733566284179688e+01
2.768947410583496094e+01
2.877458000183105469e+01
2.931404685974121094e+01
2.862094497680664062e+01
2.794148826599121094e+01
2.778729248046875000e+01
2.802253723144531250e+01
2.807512855529785156e+01
2.813935089111328125e+01
2.881110763549804688e+01
2.905311775207519531e+01
2.884264373779296875e+01
2.895263481140136719e+01
2.855279350280761719e+01
2.791414833068847656e+01
2.764300155639648438e+01
2.785587310791015625e+01
2.791096687316894531e+01
2.863224411010742188e+01
2.919462966918945312e+01
2.919195938110351562e+01
2.839400100708007812e+01
2.857710266113281250e+01
2.856344032287597656e+01
2.876510810852050781e+01
2.926434516906738281e+01
2.962395095825195312e+01
2.942617225646972656e+01
3.000958251953125000e+01
3.024154090881347656e+01
2.914851951599121094e+01
2.855156135559082031e+01
2.806672668457031250e+01
2.740288543701171875e+01
2.716046142578125000e+01
2.779850006103515625e+01
2.906418991088867188e+01
3.008781814575195312e+01
2.982721328735351562e+01
2.903328132629394531e+01
2.813156318664550781e+01
2.797923851013183594e+01
2.765776252746582031e+01
2.759430122375488281e+01
2.774282455444335938e+01
2.919238853454589844e+01
2.906425285339355469e+01
2.858241653442382812e+01
2.757014274597167969e+01
2.829110145568847656e+01
2.984131240844726562e+01
2.977229690551757812e+01
2.857791519165039062e+01
2.742026710510253906e+01
2.714385986328125000e+01
2.751173591613769531e+01
2.795199012756347656e+01
2.825079154968261719e+01
2.799947738647460938e+01
2.826604843139648438e+01
2.852233695983886719e+01
2.880469894409179688e+01
2.826276206970214844e+01
2.812520027160644531e+01
2.892963600158691406e+01
2.893149948120117188e+01
2.956654548645019531e+01
2.882100296020507812e+01
2.799026489257812500e+01
2.728002166748046875e+01
2.736873817443847656e+01
2.785552597045898438e+01
2.824374389648437500e+01
2.842086219787597656e+01
2.838231277465820312e+01
2.851606178283691406e+01
2.871659469604492188e+01
2.922015953063964844e+01
2.942505073547363281e+01
2.971747970581054688e+01
2.974702453613281250e+01
2.992657852172851562e+01
2.974480819702148438e+01
2.998213005065917969e+01
2.968372535705566406e+01
2.934510803222656250e+01
2.946194648742675781e+01
2.900284004211425781e+01
2.829329681396484375e+01
2.802734947204589844e+01
2.860179710388183594e+01
2.891377258300781250e+01
2.825366020202636719e+01
2.770550537109375000e+01
2.811857223510742188e+01
2.928323554992675781e+01
2.947772979736328125e+01
2.940213394165039062e+01
2.956593704223632812e+01
3.019860076904296875e+01
2.968786239624023438e+01
2.886750030517578125e+01
2.899854469299316406e+01
2.937675476074218750e+01
3.048062324523925781e+01
3.025752830505371094e+01
3.024916648864746094e+01
2.923785018920898438e+01
2.888323783874511719e+01
2.966690254211425781e+01
2.980325508117675781e+01
2.915496826171875000e+01
2.870882606506347656e+01
2.844225502014160156e+01
2.825606918334960938e+01
2.841954612731933594e+01
2.844416427612304688e+01
2.774213027954101562e+01
2.653310775756835938e+01
2.678953742980957031e+01
2.843379020690917969e+01
2.890213012695312500e+01
2.863913726806640625e+01
2.774007034301757812e+01
2.801192283630371094e+01
2.792478370666503906e+01
2.843115234375000000e+01
2.906947708129882812e+01
2.878962135314941406e+01
2.881851577758789062e+01
2.921394348144531250e+01
2.899477005004882812e+01
2.851143836975097656e+01
2.828070640563964844e+01
2.820063781738281250e+01
2.826956748962402344e+01
2.823363685607910156e+01
2.824288749694824219e+01
2.785282897949218750e+01
2.854694747924804688e+01
2.769123458862304688e+01
2.825761985778808594e+01
2.897039985656738281e+01
2.922008895874023438e+01
2.893298530578613281e+01
2.865182495117187500e+01
2.920560264587402344e+01
2.901564407348632812e+01
2.921368980407714844e+01
2.887857627868652344e+01
2.964256095886230469e+01
2.917933273315429688e+01
2.885670089721679688e+01
2.790041542053222656e+01
2.806887245178222656e+01
2.871895790100097656e+01
3.032439804077148438e+01
3.003295326232910156e+01
2.928808212280273438e+01
2.877216148376464844e+01
2.966395378112792969e+01
2.897670173645019531e+01
2.781270408630371094e+01
2.756673431396484375e+01
2.800271606445312500e+01
2.837545204162597656e+01
2.920161437988281250e+01
3.025244712829589844e+01
2.965393066406250000e+01
2.972042846679687500e+01
2.910692214965820312e+01
2.910242271423339844e+01
2.917201042175292969e+01
3.038636970520019531e+01
3.003688430786132812e+01
2.934179115295410156e+01
2.860554122924804688e+01
2.927408790588378906e+01
2.962673950195312500e+01
2.938348770141601562e+01
2.879211997985839844e+01
2.796213531494140625e+01
2.791646957397460938e+01
2.768163871765136719e+01
2.764783859252929688e+01
2.780333709716796875e+01
2.762907218933105469e+01
2.776536941528320312e+01
2.760224533081054688e+01
2.687930488586425781e+01
2.686879920959472656e+01
2.774358749389648438e+01
2.849058341979980469e+01
2.796678543090820312e+01
2.839296722412109375e+01
2.959278678894042969e+01
2.916530990600585938e+01
2.743975448608398438e+01
2.589272689819335938e+01
2.622781181335449219e+01
2.710733795166015625e+01
2.821256637573242188e+01
2.869037055969238281e+01
2.842519950866699219e+01
2.783398818969726562e+01
2.809431266784667969e+01
2.901839447021484375e+01
2.973975181579589844e+01
2.892875480651855469e+01
2.765858840942382812e+01
2.689693069458007812e+01
2.711803817749023438e+01
2.696888160705566406e+01
2.713739013671875000e+01
2.724109840393066406e+01
2.749415206909179688e+01
2.781088638305664062e+01
2.813753128051757812e+01
2.764780807495117188e+01
2.665686798095703125e+01
2.759194183349609375e+01
2.929244232177734375e+01
3.052944183349609375e+01
3.022477149963378906e+01
2.882758712768554688e+01
2.851386642456054688e+01
2.891712379455566406e+01
2.822075080871582031e+01
2.740782546997070312e+01
2.697818565368652344e+01
2.839140319824218750e+01
2.889039039611816406e+01
2.939218711853027344e+01
2.806369209289550781e+01
2.880396461486816406e+01
2.881134033203125000e+01
2.849863624572753906e+01
2.739266395568847656e+01
2.774605941772460938e+01
2.924278640747070312e+01
3.005392837524414062e+01
2.953116416931152344e+01
2.887866973876953125e+01
2.797804260253906250e+01
2.862469863891601562e+01
2.866101455688476562e+01
2.839042282104492188e+01
2.844408988952636719e+01
2.820056915283203125e+01
2.837482643127441406e+01
2.869678115844726562e+01
2.918059921264648438e+01
2.907237434387207031e+01
2.849154090881347656e+01
2.836661720275878906e+01
2.832748985290527344e+01
2.857061195373535156e+01
2.783373451232910156e+01
2.760439300537109375e+01
2.715656280517578125e+01
2.750714874267578125e+01
2.734036254882812500e+01
2.787074851989746094e+01
2.795594024658203125e+01
2.860175514221191406e+01
2.956779670715332031e+01
3.081248855590820312e+01
3.090496253967285156e+01
2.887198066711425781e+01
2.852194595336914062e+01
2.747474479675292969e+01
2.802725982666015625e+01
2.929610824584960938e+01
3.035268402099609375e+01
3.008888053894042969e+01
2.896779441833496094e+01
2.911137771606445312e+01
2.968588638305664062e+01
3.037201690673828125e+01
2.976924896240234375e+01
2.891942024230957031e+01
2.844062805175781250e+01
2.890315055847167969e+01
2.945297241210937500e+01
2.997231101989746094e+01
3.064035606384277344e+01
3.100756645202636719e+01
3.041024208068847656e+01
2.942737007141113281e+01
2.905782890319824219e+01
2.898210334777832031e+01
2.863881874084472656e+01
2.773565483093261719e+01
2.707502746582031250e+01
2.759354019165039062e+01
2.808729171752929688e+01
2.848290443420410156e+01
2.950137329101562500e+01
3.016652679443359375e+01
3.035433197021484375e+01
2.870183181762695312e+01
2.803801918029785156e+01
2.680814361572265625e+01
2.735006332397460938e+01
2.792251014709472656e+01
2.960497093200683594e+01
2.909300041198730469e+01
2.844164466857910156e+01
2.808867263793945312e+01
2.848146438598632812e+01
2.894022369384765625e+01
2.997199630737304688e+01
3.017131996154785156e+01
2.954344177246093750e+01
2.796134948730468750e+01
2.916313552856445312e+01
2.960305595397949219e+01
2.845107460021972656e+01
2.632389640808105469e+01
2.584527206420898438e+01
2.771912574768066406e+01
2.889847946166992188e+01
2.923216629028320312e+01
2.837873268127441406e+01
2.854235839843750000e+01
2.845583534240722656e+01
2.924935913085937500e+01
2.833431434631347656e+01
2.837276458740234375e+01
2.790232467651367188e+01
2.973233795166015625e+01
3.020525550842285156e+01
2.982732963562011719e+01
2.807644462585449219e+01
2.856625747680664062e+01
2.850643539428710938e+01
2.888637924194335938e+01
2.876198005676269531e+01
2.984840202331542969e+01
3.022161102294921875e+01
3.041493415832519531e+01
2.975839614868164062e+01
3.001622581481933594e+01
2.895785522460937500e+01
2.866533279418945312e+01
2.737028694152832031e+01
2.819344902038574219e+01
2.936357688903808594e+01
2.987786293029785156e+01
2.994001388549804688e+01
2.974943542480468750e+01
3.022516632080078125e+01
2.817389106750488281e+01
2.707680320739746094e+01
2.793527793884277344e+01
2.946393394470214844e+01
3.017640495300292969e+01
2.974113655090332031e+01
2.779456329345703125e+01
2.635421562194824219e+01
2.721352767944335938e+01
2.927383041381835938e+01
3.158764266967773438e+01
3.129476737976074219e+01
3.108743858337402344e+01
3.029574584960937500e+01
3.017047500610351562e+01
3.070372200012207031e+01
2.977042388916015625e+01
2.964439392089843750e+01
2.817881202697753906e+01
2.990027618408203125e+01
2.903117942810058594e+01
2.949334526062011719e+01
2.880806541442871094e+01
2.886157226562500000e+01
2.953101539611816406e+01
3.158180809020996094e+01
3.293115234375000000e+01
3.186229324340820312e+01
2.909389114379882812e+01
2.643248748779296875e+01
2.613112831115722656e+01
2.637415122985839844e+01
2.787650871276855469e+01
2.807780265808105469e+01
2.810706710815429688e+01
2.729860305786132812e+01
2.592162322998046875e+01
2.554725074768066406e+01
2.642401885986328125e+01
2.739393234252929688e+01
2.680190849304199219e+01
2.739952278137207031e+01
2.799713516235351562e+01
2.879983520507812500e+01
2.705942916870117188e+01
2.640041160583496094e+01
2.783548164367675781e+01
2.908153533935546875e+01
3.023732757568359375e+01
3.266209793090820312e+01
3.418301391601562500e+01
3.264639282226562500e+01
3.047626304626464844e+01
2.829501152038574219e+01
2.858425903320312500e+01
2.713852119445800781e+01
2.751181983947753906e+01
2.774745368957519531e+01
2.799269676208496094e+01
2.769524192810058594e+01
2.837390136718750000e+01
2.872432899475097656e+01
2.771037864685058594e+01
2.693265914916992188e+01
2.675905799865722656e+01
2.572598838806152344e+01
2.577944946289062500e+01
2.698585319519042969e+01
2.700679206848144531e+01
2.517082023620605469e+01
2.485581016540527344e+01
2.755418395996093750e+01
3.079777145385742188e+01
3.015753746032714844e+01
2.746803665161132812e+01
2.495729827880859375e+01
2.674243927001953125e+01
2.576145362854003906e+01
2.687221145629882812e+01
2.875067329406738281e+01
3.229300308227539062e+01
3.110493278503417969e+01
2.947288322448730469e+01
2.685011482238769531e+01
2.705407714843750000e+01
2.677708816528320312e+01
2.754224014282226562e+01
2.889412689208984375e+01
3.224533843994140625e+01
3.279535675048828125e+01
3.162615585327148438e+01
2.926879692077636719e+01
3.018099403381347656e+01
2.973772811889648438e+01
2.818710899353027344e+01
2.825303459167480469e+01
2.931973457336425781e+01
3.023149299621582031e+01
3.047295951843261719e+01
3.234339141845703125e+01
3.213421249389648438e+01
2.762859725952148438e+01
2.493070602416992188e+01
2.435102462768554688e+01
2.524842262268066406e+01
2.978625869750976562e+01
3.330700683593750000e+01
3.588000488281250000e+01
3.726911926269531250e+01
3.630360412597656250e+01
3.228642272949218750e+01
2.554401016235351562e+01
2.724730682373046875e+01
3.363960266113281250e+01
4.333656692504882812e+01
5.092226028442382812e+01
5.737140655517578125e+01
5.225194168090820312e+01
4.586658477783203125e+01
2.645032882690429688e+01
2.776119995117187500e+01
2.232189369201660156e+01
2.556432151794433594e+01
1.890395164489746094e+01
2.128003311157226562e+01
3.494962692260742188e+01
3.581653213500976562e+01
3.360378265380859375e+01
2.378986358642578125e+01
3.281200027465820312e+01
3.633096694946289062e+01
3.142004203796386719e+01
3.227622985839843750e+01
3.044052314758300781e+01
2.745416831970214844e+01
2.383299636840820312e+01
2.635691070556640625e+01
3.345577621459960938e+01
3.845890045166015625e+01
4.400206756591796875e+01
nan
nan
nan
nan
nan
nan
nan
nan
nan
nan
