nan
nan
nan
nan
nan
nan
nan
nan
nan
nan
nan
nan
nan
nan
nan
nan
nan
nan
nan
nan
nan
nan
nan
nan
nan
nan
nan
2.463986206054687500e+02
2.475530853271484375e+02
2.519356842041015625e+02
2.407270812988281250e+02
2.418631134033203125e+02
2.436240539550781250e+02
2.523876037597656250e+02
2.449978485107421875e+02
2.389859313964843750e+02
2.365377349853515625e+02
2.421966400146484375e+02
2.446545104980468750e+02
2.497717742919921875e+02
2.502594299316406250e+02
2.544184722900390625e+02
2.535051574707031250e+02
2.540433654785156250e+02
2.471308746337890625e+02
2.446146240234375000e+02
2.414194030761718750e+02
2.441822814941406250e+02
2.427006225585937500e+02
2.446345672607421875e+02
2.493923492431640625e+02
2.494483337402343750e+02
2.441007232666015625e+02
2.377403106689453125e+02
2.365164794921875000e+02
2.408407287597656250e+02
2.397027587890625000e+02
2.391134490966796875e+02
2.353454132080078125e+02
2.360600128173828125e+02
2.400224609375000000e+02
2.407998199462890625e+02
2.384808959960937500e+02
2.401534271240234375e+02
2.455828399658203125e+02
2.508240203857421875e+02
2.519256286621093750e+02
2.497303161621093750e+02
2.469492797851562500e+02
2.458090820312500000e+02
2.461982727050781250e+02
2.517745971679687500e+02
2.520900573730468750e+02
2.516374511718750000e+02
2.498195495605468750e+02
2.471143035888671875e+02
2.416493682861328125e+02
2.372613067626953125e+02
2.389222717285156250e+02
2.403880004882812500e+02
2.449704284667968750e+02
2.450616760253906250e+02
2.454577941894531250e+02
2.413584442138671875e+02
2.411963958740234375e+02
2.400886993408203125e+02
2.433536376953125000e+02
2.462189331054687500e+02
2.485521697998046875e+02
2.458967895507812500e+02
2.441037445068359375e+02
2.442023773193359375e+02
2.464879760742187500e+02
2.470868988037109375e+02
2.473506927490234375e+02
2.460731658935546875e+02
2.436798706054687500e+02
2.433233032226562500e+02
2.440653839111328125e+02
2.473520965576171875e+02
2.484191741943359375e+02
2.469255371093750000e+02
2.455303649902343750e+02
2.473486022949218750e+02
2.475739135742187500e+02
2.463070678710937500e+02
2.452356872558593750e+02
2.451716461181640625e+02
2.463274383544921875e+02
2.502645568847656250e+02
2.485696258544921875e+02
2.475321807861328125e+02
2.433037261962890625e+02
2.445683288574218750e+02
2.455948791503906250e+02
2.439633789062500000e+02
2.421316070556640625e+02
2.388159179687500000e+02
2.401194000244140625e+02
2.404321136474609375e+02
2.408339691162109375e+02
2.378913116455078125e+02
2.387080535888671875e+02
2.405508117675781250e+02
2.438243865966796875e+02
2.445178833007812500e+02
2.474497528076171875e+02
2.472495727539062500e+02
2.493776397705078125e+02
2.488871765136718750e+02
2.458245086669921875e+02
2.468001556396484375e+02
2.478422851562500000e+02
2.467674560546875000e+02
2.447229919433593750e+02
2.415895996093750000e+02
2.452615356445312500e+02
2.486415710449218750e+02
2.503607940673828125e+02
2.475825805664062500e+02
2.454035339355468750e+02
2.508434600830078125e+02
2.544488830566406250e+02
2.555876617431640625e+02
2.508597869873046875e+02
2.496943511962890625e+02
2.516347808837890625e+02
2.525565185546875000e+02
2.527851409912109375e+02
2.525155944824218750e+02
2.524153289794921875e+02
2.538615570068359375e+02
2.529063110351562500e+02
2.524212951660156250e+02
2.542867736816406250e+02
2.513631591796875000e+02
2.511820983886718750e+02
2.470168304443359375e+02
2.462088012695312500e+02
2.453672485351562500e+02
2.476211242675781250e+02
2.473007049560546875e+02
2.488996887207031250e+02
2.518981933593750000e+02
2.542113189697265625e+02
2.559325103759765625e+02
2.517287597656250000e+02
2.509373931884765625e+02
2.476156158447265625e+02
2.469893188476562500e+02
2.478688354492187500e+02
2.480919342041015625e+02
2.455501708984375000e+02
2.454073181152343750e+02
2.492190856933593750e+02
2.525750427246093750e+02
2.539534301757812500e+02
2.550181884765625000e+02
2.541381378173828125e+02
2.528426055908203125e+02
2.491142120361328125e+02
2.469139862060546875e+02
2.432546386718750000e+02
2.428475952148437500e+02
2.453141021728515625e+02
2.509026031494140625e+02
2.539407196044921875e+02
2.552543334960937500e+02
2.524460296630859375e+02
2.486330566406250000e+02
2.473345794677734375e+02
2.447204589843750000e+02
2.445356292724609375e+02
2.462666320800781250e+02
2.480556488037109375e+02
2.496612396240234375e+02
2.495478973388671875e+02
2.488350677490234375e+02
2.521264648437500000e+02
2.541088562011718750e+02
2.538717498779296875e+02
2.525768737792968750e+02
2.526358032226562500e+02
2.532837829589843750e+02
2.519753417968750000e+02
2.520251464843750000e+02
2.519906158447265625e+02
2.527147979736328125e+02
2.515147705078125000e+02
2.516184997558593750e+02
2.524824371337890625e+02
2.523473358154296875e+02
2.527884368896484375e+02
2.557723388671875000e+02
2.580773925781250000e+02
2.596515808105468750e+02
2.557806091308593750e+02
2.522730712890625000e+02
2.513561706542968750e+02
2.517663269042968750e+02
2.535316009521484375e+02
2.541268768310546875e+02
2.534248352050781250e+02
2.518449859619140625e+02
2.522017822265625000e+02
2.508135223388671875e+02
2.504369506835937500e+02
2.508276367187500000e+02
2.523884124755859375e+02
2.558202362060546875e+02
2.548435516357421875e+02
2.544832763671875000e+02
2.537261352539062500e+02
2.566641845703125000e+02
2.572126159667968750e+02
2.597294921875000000e+02
2.594488830566406250e+02
2.564136962890625000e+02
2.538321838378906250e+02
2.506129913330078125e+02
2.509316558837890625e+02
2.507192535400390625e+02
2.537936248779296875e+02
2.531626586914062500e+02
2.538451232910156250e+02
2.529337615966796875e+02
2.515388641357421875e+02
2.506605072021484375e+02
2.518941650390625000e+02
2.542886810302734375e+02
2.546305541992187500e+02
2.542761077880859375e+02
2.523613891601562500e+02
2.524839782714843750e+02
2.520888977050781250e+02
2.505797119140625000e+02
2.486647338867187500e+02
2.492936096191406250e+02
2.507990875244140625e+02
2.513448333740234375e+02
2.510724792480468750e+02
2.517181854248046875e+02
2.542979888916015625e+02
2.547961120605468750e+02
2.547164306640625000e+02
2.527628936767578125e+02
2.523623046875000000e+02
2.537693328857421875e+02
2.538899230957031250e+02
2.542244873046875000e+02
2.536252136230468750e+02
2.558552551269531250e+02
2.565158691406250000e+02
2.562812805175781250e+02
2.549141998291015625e+02
2.535160827636718750e+02
2.546177520751953125e+02
2.547069702148437500e+02
2.568390197753906250e+02
2.586921997070312500e+02
2.598934936523437500e+02
2.583402099609375000e+02
2.560820312500000000e+02
2.562273559570312500e+02
2.563164978027343750e+02
2.559121856689453125e+02
2.540460510253906250e+02
2.520142517089843750e+02
2.532407989501953125e+02
2.548862457275390625e+02
2.543355407714843750e+02
2.535212249755859375e+02
2.527225799560546875e+02
2.551694335937500000e+02
2.569345703125000000e+02
2.585612487792968750e+02
2.579347534179687500e+02
2.557775878906250000e+02
2.548555908203125000e+02
2.551061553955078125e+02
2.555888977050781250e+02
2.561105957031250000e+02
2.558344116210937500e+02
2.556905059814453125e+02
2.560888061523437500e+02
2.540914764404296875e+02
2.543918914794921875e+02
2.552945556640625000e+02
2.560669555664062500e+02
2.554427032470703125e+02
2.522185211181640625e+02
2.520211334228515625e+02
2.524325561523437500e+02
2.542819976806640625e+02
2.559683380126953125e+02
2.544774780273437500e+02
2.522683715820312500e+02
2.498054504394531250e+02
2.475298156738281250e+02
2.478216705322265625e+02
2.473933563232421875e+02
2.482551727294921875e+02
2.467928314208984375e+02
2.465560913085937500e+02
2.476263580322265625e+02
2.499420471191406250e+02
2.521701202392578125e+02
2.519887390136718750e+02
2.515733795166015625e+02
2.500255584716796875e+02
2.498548126220703125e+02
2.498027038574218750e+02
2.499777374267578125e+02
2.480861663818359375e+02
2.469406738281250000e+02
2.460715942382812500e+02
2.463209838867187500e+02
2.452658996582031250e+02
2.455015411376953125e+02
2.463693695068359375e+02
2.486711730957031250e+02
2.495896606445312500e+02
2.493613433837890625e+02
2.470341186523437500e+02
2.455259399414062500e+02
2.457494812011718750e+02
2.465556030273437500e+02
2.465364532470703125e+02
2.458275604248046875e+02
2.450690612792968750e+02
2.451194305419921875e+02
2.428194274902343750e+02
2.417628479003906250e+02
2.404632568359375000e+02
2.423090209960937500e+02
2.428578338623046875e+02
2.458530731201171875e+02
2.470862884521484375e+02
2.477979431152343750e+02
2.466864471435546875e+02
2.451389770507812500e+02
2.456134796142578125e+02
2.471423339843750000e+02
2.473792114257812500e+02
2.451727447509765625e+02
2.434569549560546875e+02
2.412929077148437500e+02
2.416322631835937500e+02
2.420493469238281250e+02
2.412675781250000000e+02
2.406507263183593750e+02
2.408945617675781250e+02
2.385855712890625000e+02
2.370774078369140625e+02
2.369052734375000000e+02
2.411513977050781250e+02
2.429940948486328125e+02
2.441091613769531250e+02
2.418890991210937500e+02
2.399164581298828125e+02
2.379965667724609375e+02
2.376299285888671875e+02
2.397274627685546875e+02
2.396015472412109375e+02
2.384050292968750000e+02
2.404962615966796875e+02
2.435883789062500000e+02
2.445564575195312500e+02
2.418221130371093750e+02
2.390758056640625000e+02
2.370508270263671875e+02
2.377860107421875000e+02
2.391435852050781250e+02
2.401019592285156250e+02
2.383385314941406250e+02
2.373461151123046875e+02
2.369656524658203125e+02
2.352437133789062500e+02
2.353355865478515625e+02
2.355188293457031250e+02
2.357237548828125000e+02
2.367308654785156250e+02
2.370822906494140625e+02
2.374059906005859375e+02
2.367494964599609375e+02
2.375294799804687500e+02
2.386517486572265625e+02
2.401286926269531250e+02
2.416545257568359375e+02
2.422279510498046875e+02
2.414641876220703125e+02
2.392481384277343750e+02
2.370388488769531250e+02
2.355182037353515625e+02
2.338698730468750000e+02
2.316385955810546875e+02
2.330610961914062500e+02
2.331038513183593750e+02
2.362219543457031250e+02
2.384999694824218750e+02
2.387989349365234375e+02
2.374765930175781250e+02
2.338631896972656250e+02
2.319251708984375000e+02
2.328147277832031250e+02
2.311285858154296875e+02
2.328305511474609375e+02
2.330175170898437500e+02
2.337646026611328125e+02
2.336742248535156250e+02
2.313883056640625000e+02
2.305207519531250000e+02
2.282511291503906250e+02
2.297260437011718750e+02
2.298830718994140625e+02
2.314682006835937500e+02
2.316054077148437500e+02
2.315565643310546875e+02
2.295933685302734375e+02
2.288952026367187500e+02
2.291800384521484375e+02
2.319717254638671875e+02
2.321350860595703125e+02
2.321974334716796875e+02
2.317869110107421875e+02
2.303167266845703125e+02
2.287150115966796875e+02
2.272414855957031250e+02
2.264283599853515625e+02
2.272797241210937500e+02
2.272962188720703125e+02
2.271519470214843750e+02
2.260702209472656250e+02
2.239449005126953125e+02
2.224883575439453125e+02
2.213032531738281250e+02
2.215716247558593750e+02
2.202880706787109375e+02
2.216083068847656250e+02
2.210624084472656250e+02
2.211272888183593750e+02
2.192305145263671875e+02
2.174722290039062500e+02
2.180601043701171875e+02
2.185416870117187500e+02
2.225132904052734375e+02
2.221558837890625000e+02
2.214398040771484375e+02
2.208022308349609375e+02
2.202175598144531250e+02
2.175164489746093750e+02
2.174388732910156250e+02
2.192429962158203125e+02
2.217767028808593750e+02
2.211892395019531250e+02
2.186877746582031250e+02
2.170862579345703125e+02
2.161638793945312500e+02
2.161554718017578125e+02
2.184398193359375000e+02
2.194471435546875000e+02
2.172282562255859375e+02
2.160015869140625000e+02
2.151302795410156250e+02
2.137793579101562500e+02
2.130287628173828125e+02
2.138948059082031250e+02
2.145884704589843750e+02
2.118436737060546875e+02
2.116011810302734375e+02
2.110537414550781250e+02
2.135434265136718750e+02
2.136083984375000000e+02
2.128805541992187500e+02
2.121894226074218750e+02
2.125875396728515625e+02
2.119254150390625000e+02
2.099766998291015625e+02
2.090143890380859375e+02
2.067787780761718750e+02
2.073997344970703125e+02
2.070971832275390625e+02
2.069206085205078125e+02
2.038132476806640625e+02
2.010160064697265625e+02
1.999796447753906250e+02
1.997153930664062500e+02
2.014938659667968750e+02
2.015312347412109375e+02
2.030313568115234375e+02
2.021736297607421875e+02
2.030877685546875000e+02
2.032805938720703125e+02
2.034519348144531250e+02
2.023242034912109375e+02
2.004593505859375000e+02
1.981222076416015625e+02
1.961725463867187500e+02
1.927195281982421875e+02
1.938853149414062500e+02
1.946446838378906250e+02
1.967380981445312500e+02
1.972181243896484375e+02
1.971315307617187500e+02
1.970652313232421875e+02
1.960333557128906250e+02
1.950810089111328125e+02
1.955203094482421875e+02
1.974706878662109375e+02
1.970099334716796875e+02
1.968675842285156250e+02
1.939448242187500000e+02
1.914711608886718750e+02
1.888388824462890625e+02
1.896766967773437500e+02
1.905390930175781250e+02
1.927802886962890625e+02
1.935618438720703125e+02
1.913923645019531250e+02
1.891092071533203125e+02
1.873485260009765625e+02
1.886603240966796875e+02
1.905749511718750000e+02
1.911337127685546875e+02
1.917263336181640625e+02
1.936463165283203125e+02
1.955359039306640625e+02
1.966815795898437500e+02
1.961248321533203125e+02
1.940543365478515625e+02
1.912142639160156250e+02
1.890347900390625000e+02
1.885869445800781250e+02
1.882048950195312500e+02
1.882879638671875000e+02
1.894537811279296875e+02
1.925849151611328125e+02
1.940503845214843750e+02
1.945685424804687500e+02
1.913630218505859375e+02
1.887962341308593750e+02
1.873394622802734375e+02
1.868754425048828125e+02
1.890776214599609375e+02
1.891957397460937500e+02
1.876016540527343750e+02
1.869603271484375000e+02
1.863071289062500000e+02
1.883942413330078125e+02
1.895176239013671875e+02
1.903672943115234375e+02
1.860430908203125000e+02
1.867567291259765625e+02
1.872134552001953125e+02
1.862022399902343750e+02
1.855572204589843750e+02
1.856005249023437500e+02
1.860784912109375000e+02
1.861353912353515625e+02
1.830824279785156250e+02
1.829261016845703125e+02
1.835782775878906250e+02
1.829346313476562500e+02
1.806636810302734375e+02
1.779644927978515625e+02
1.793379821777343750e+02
1.831744079589843750e+02
1.861745605468750000e+02
1.862938842773437500e+02
1.841432952880859375e+02
1.828859558105468750e+02
1.816093597412109375e+02
1.796177673339843750e+02
1.802594451904296875e+02
1.803762359619140625e+02
1.828847961425781250e+02
1.802517242431640625e+02
1.786068267822265625e+02
1.779888916015625000e+02
1.777258911132812500e+02
1.780781860351562500e+02
1.762241058349609375e+02
1.772306823730468750e+02
1.763591308593750000e+02
1.776820373535156250e+02
1.754045715332031250e+02
1.766508331298828125e+02
1.783435974121093750e+02
1.814106445312500000e+02
1.795086059570312500e+02
1.781502227783203125e+02
1.769973754882812500e+02
1.769859771728515625e+02
1.766278686523437500e+02
1.741257781982421875e+02
1.736001281738281250e+02
1.737184753417968750e+02
1.743854827880859375e+02
1.758349151611328125e+02
1.756219940185546875e+02
1.759420776367187500e+02
1.754342041015625000e+02
1.751145324707031250e+02
1.745609588623046875e+02
1.734013977050781250e+02
1.749669647216796875e+02
1.757669525146484375e+02
1.753250579833984375e+02
1.728558197021484375e+02
1.713761901855468750e+02
1.696450653076171875e+02
1.708931732177734375e+02
1.719735717773437500e+02
1.721425018310546875e+02
1.728261871337890625e+02
1.722193603515625000e+02
1.710675048828125000e+02
1.700400085449218750e+02
1.699037170410156250e+02
1.714355926513671875e+02
1.726956176757812500e+02
1.723403015136718750e+02
1.711936645507812500e+02
1.700654449462890625e+02
1.680146942138671875e+02
1.669839019775390625e+02
1.679804992675781250e+02
1.686367187500000000e+02
1.686697998046875000e+02
1.678870086669921875e+02
1.677165832519531250e+02
1.694332427978515625e+02
1.699560852050781250e+02
1.708562469482421875e+02
1.696747894287109375e+02
1.695166168212890625e+02
1.664872741699218750e+02
1.653290405273437500e+02
1.663096771240234375e+02
1.691171417236328125e+02
1.698052520751953125e+02
1.694183349609375000e+02
1.660378875732421875e+02
1.650709533691406250e+02
1.648108978271484375e+02
1.644526214599609375e+02
1.651450958251953125e+02
1.655456085205078125e+02
1.660695343017578125e+02
1.663134613037109375e+02
1.657320556640625000e+02
1.665354156494140625e+02
1.657683410644531250e+02
1.655183563232421875e+02
1.652356414794921875e+02
1.620016784667968750e+02
1.608906097412109375e+02
1.600550689697265625e+02
1.610370025634765625e+02
1.625127868652343750e+02
1.641567687988281250e+02
1.644638977050781250e+02
1.627558441162109375e+02
1.617027893066406250e+02
1.618024444580078125e+02
1.624629516601562500e+02
1.626021728515625000e+02
1.626365203857421875e+02
1.633933868408203125e+02
1.629149475097656250e+02
1.605445251464843750e+02
1.600921630859375000e+02
1.594899291992187500e+02
1.597693634033203125e+02
1.608942565917968750e+02
1.622409973144531250e+02
1.626478271484375000e+02
1.623069915771484375e+02
1.616257019042968750e+02
1.616737670898437500e+02
1.614420928955078125e+02
1.591813049316406250e+02
1.572574462890625000e+02
1.550525054931640625e+02
1.555752105712890625e+02
1.568241424560546875e+02
1.573811340332031250e+02
1.569130859375000000e+02
1.561221771240234375e+02
1.573703002929687500e+02
1.600816650390625000e+02
1.615335845947265625e+02
1.618441619873046875e+02
1.609481506347656250e+02
1.594514617919921875e+02
1.589341125488281250e+02
1.591279296875000000e+02
1.600602722167968750e+02
1.588461303710937500e+02
1.581860504150390625e+02
1.580529937744140625e+02
1.570794830322265625e+02
1.568300628662109375e+02
1.566792907714843750e+02
1.566811828613281250e+02
1.552329254150390625e+02
1.551287841796875000e+02
1.548293304443359375e+02
1.540309906005859375e+02
1.551992950439453125e+02
1.550978851318359375e+02
1.567387542724609375e+02
1.573675842285156250e+02
1.566695251464843750e+02
1.539325103759765625e+02
1.522475738525390625e+02
1.523543395996093750e+02
1.551705932617187500e+02
1.562073516845703125e+02
1.577446289062500000e+02
1.574132537841796875e+02
1.548914184570312500e+02
1.534201965332031250e+02
1.510637512207031250e+02
1.511898498535156250e+02
1.506543121337890625e+02
1.508504180908203125e+02
1.507652435302734375e+02
1.532896728515625000e+02
1.538260803222656250e+02
1.545628509521484375e+02
1.537839965820312500e+02
1.549419097900390625e+02
1.534238433837890625e+02
1.524893798828125000e+02
1.510531158447265625e+02
1.513754119873046875e+02
1.517668151855468750e+02
1.521929016113281250e+02
1.515541839599609375e+02
1.507426605224609375e+02
1.491475372314453125e+02
1.486189880371093750e+02
1.490249633789062500e+02
1.487176055908203125e+02
1.490587768554687500e+02
1.500735778808593750e+02
1.473732757568359375e+02
1.459962768554687500e+02
1.454579315185546875e+02
1.475313262939453125e+02
1.469489898681640625e+02
1.476935577392578125e+02
1.490300445556640625e+02
1.489808654785156250e+02
1.476099395751953125e+02
1.466264038085937500e+02
1.462625122070312500e+02
1.468111114501953125e+02
1.470437316894531250e+02
1.476246643066406250e+02
1.489372406005859375e+02
1.481944427490234375e+02
1.492528991699218750e+02
1.479248657226562500e+02
1.483974914550781250e+02
1.491666717529296875e+02
1.501320800781250000e+02
1.495916442871093750e+02
1.492661285400390625e+02
1.482447814941406250e+02
1.463687133789062500e+02
1.455989532470703125e+02
1.452039947509765625e+02
1.465150909423828125e+02
1.465510101318359375e+02
1.463040466308593750e+02
1.471851654052734375e+02
1.488217315673828125e+02
1.502679443359375000e+02
1.492888183593750000e+02
1.483652191162109375e+02
1.472635955810546875e+02
1.458676147460937500e+02
1.438183441162109375e+02
1.415247039794921875e+02
1.436528015136718750e+02
1.448719482421875000e+02
1.463050079345703125e+02
1.460234375000000000e+02
1.437847137451171875e+02
1.438495178222656250e+02
1.430792388916015625e+02
1.441148223876953125e+02
1.432389373779296875e+02
1.444033966064453125e+02
1.452724914550781250e+02
1.465809936523437500e+02
1.461693725585937500e+02
1.441194458007812500e+02
1.440614471435546875e+02
1.413184509277343750e+02
1.440419616699218750e+02
1.431907348632812500e+02
1.446965942382812500e+02
1.431336822509765625e+02
1.425079345703125000e+02
1.422083892822265625e+02
1.427945251464843750e+02
1.424852294921875000e+02
1.403054809570312500e+02
1.419798126220703125e+02
1.431552581787109375e+02
1.442471618652343750e+02
1.431725311279296875e+02
1.420179290771484375e+02
1.429232940673828125e+02
1.437719116210937500e+02
1.461315460205078125e+02
1.455131072998046875e+02
1.445492248535156250e+02
1.438811950683593750e+02
1.442015686035156250e+02
1.422012329101562500e+02
1.412375183105468750e+02
1.417174530029296875e+02
1.426576080322265625e+02
1.441274871826171875e+02
1.442563171386718750e+02
1.435843658447265625e+02
1.409051666259765625e+02
1.405251770019531250e+02
1.417236480712890625e+02
1.428617248535156250e+02
1.429759826660156250e+02
1.417059783935546875e+02
1.397689819335937500e+02
1.388446044921875000e+02
1.411207580566406250e+02
1.426826019287109375e+02
1.428934936523437500e+02
1.414656829833984375e+02
1.408047332763671875e+02
1.399250793457031250e+02
1.386105041503906250e+02
1.369429168701171875e+02
1.360860290527343750e+02
1.372258300781250000e+02
1.401637115478515625e+02
1.422701873779296875e+02
1.423171234130859375e+02
1.409674835205078125e+02
1.387471771240234375e+02
1.404601440429687500e+02
1.425162963867187500e+02
1.431996459960937500e+02
1.412584228515625000e+02
1.387742156982421875e+02
1.369097595214843750e+02
1.378440704345703125e+02
1.395949554443359375e+02
1.422528991699218750e+02
1.430675048828125000e+02
1.428033294677734375e+02
1.421582183837890625e+02
1.417166748046875000e+02
1.426170043945312500e+02
1.409947052001953125e+02
1.382635345458984375e+02
1.368151397705078125e+02
1.378223571777343750e+02
1.396689910888671875e+02
1.385657806396484375e+02
1.406094512939453125e+02
1.392975463867187500e+02
1.393706970214843750e+02
1.371075744628906250e+02
1.378494110107421875e+02
1.386418457031250000e+02
1.384011535644531250e+02
1.370768585205078125e+02
1.363698272705078125e+02
1.363307647705078125e+02
1.368340911865234375e+02
1.370317993164062500e+02
1.374226379394531250e+02
1.367389678955078125e+02
1.374111328125000000e+02
1.387617187500000000e+02
1.397454223632812500e+02
1.394840087890625000e+02
1.379156646728515625e+02
1.361783752441406250e+02
1.339812316894531250e+02
1.334764709472656250e+02
1.345067138671875000e+02
1.365893707275390625e+02
1.361731567382812500e+02
1.353990173339843750e+02
1.341690521240234375e+02
1.347035064697265625e+02
1.338934783935546875e+02
1.352792358398437500e+02
1.356441345214843750e+02
1.371636505126953125e+02
1.373101348876953125e+02
1.368695373535156250e+02
1.348222198486328125e+02
1.355669097900390625e+02
1.353869934082031250e+02
1.378007659912109375e+02
1.375267944335937500e+02
1.369134521484375000e+02
1.355168457031250000e+02
1.358353576660156250e+02
1.343653106689453125e+02
1.335887756347656250e+02
1.338075561523437500e+02
1.362367553710937500e+02
1.381504516601562500e+02
1.384696960449218750e+02
1.387037506103515625e+02
1.376776885986328125e+02
1.364949340820312500e+02
1.354423522949218750e+02
1.364451599121093750e+02
1.372816925048828125e+02
1.374981079101562500e+02
1.375930480957031250e+02
1.373367614746093750e+02
1.374378356933593750e+02
1.363676757812500000e+02
1.355160827636718750e+02
1.344921722412109375e+02
1.343894348144531250e+02
1.349841003417968750e+02
1.351248779296875000e+02
1.362278900146484375e+02
1.360061187744140625e+02
1.353030700683593750e+02
1.337253875732421875e+02
1.335537567138671875e+02
1.352557373046875000e+02
1.339772491455078125e+02
1.318709411621093750e+02
1.301874084472656250e+02
1.299215850830078125e+02
1.305898742675781250e+02
1.321356048583984375e+02
1.328096923828125000e+02
1.324588928222656250e+02
1.320831298828125000e+02
1.341414642333984375e+02
1.348449401855468750e+02
1.357089538574218750e+02
1.327000579833984375e+02
1.323327484130859375e+02
1.319604797363281250e+02
1.345198211669921875e+02
1.352318115234375000e+02
1.342485961914062500e+02
1.305665588378906250e+02
1.314639282226562500e+02
1.323986968994140625e+02
1.337550048828125000e+02
1.349920654296875000e+02
1.376330413818359375e+02
1.391340332031250000e+02
1.355311889648437500e+02
1.343375854492187500e+02
1.335846099853515625e+02
1.337441864013671875e+02
1.327979888916015625e+02
1.345324096679687500e+02
1.347148132324218750e+02
1.325682220458984375e+02
1.285031280517578125e+02
1.265073471069335938e+02
1.279528656005859375e+02
1.287710571289062500e+02
1.289465179443359375e+02
1.285736846923828125e+02
1.284087982177734375e+02
1.284580230712890625e+02
1.282902374267578125e+02
1.286739349365234375e+02
1.290337219238281250e+02
1.292724761962890625e+02
1.298533325195312500e+02
1.307326660156250000e+02
1.318110656738281250e+02
1.322810821533203125e+02
1.330632629394531250e+02
1.321170959472656250e+02
1.319488983154296875e+02
1.300496215820312500e+02
1.288652648925781250e+02
1.290297546386718750e+02
1.328991394042968750e+02
1.346393127441406250e+02
1.356521759033203125e+02
1.380950012207031250e+02
1.402530670166015625e+02
1.423185424804687500e+02
1.426701202392578125e+02
1.410523834228515625e+02
1.393520660400390625e+02
1.375141296386718750e+02
1.364933319091796875e+02
1.350383453369140625e+02
1.339575500488281250e+02
1.314604644775390625e+02
1.276903839111328125e+02
1.259047164916992188e+02
1.248819274902343750e+02
1.285742797851562500e+02
1.297628784179687500e+02
1.318607940673828125e+02
1.305311126708984375e+02
1.313867187500000000e+02
1.334377288818359375e+02
1.332538299560546875e+02
1.314795074462890625e+02
1.276696166992187500e+02
1.285708770751953125e+02
1.296378173828125000e+02
1.316577911376953125e+02
1.323873748779296875e+02
1.317868499755859375e+02
1.323902587890625000e+02
1.324105682373046875e+02
1.313673095703125000e+02
1.281519012451171875e+02
1.265168151855468750e+02
1.260786666870117188e+02
1.262267990112304688e+02
1.244013290405273438e+02
1.224212799072265625e+02
1.233583450317382812e+02
1.258841781616210938e+02
1.279404754638671875e+02
1.273554534912109375e+02
1.280376129150390625e+02
1.282528991699218750e+02
1.299245300292968750e+02
1.283383483886718750e+02
1.294538116455078125e+02
1.276480484008789062e+02
1.259446945190429688e+02
1.201739730834960938e+02
1.228336639404296875e+02
1.261953048706054688e+02
1.283905334472656250e+02
1.267373886108398438e+02
1.238773651123046875e+02
1.204055557250976562e+02
1.176677474975585938e+02
1.189375534057617188e+02
1.222804794311523438e+02
1.245165176391601562e+02
1.249050064086914062e+02
1.253157501220703125e+02
1.265053100585937500e+02
1.260940475463867188e+02
1.253519439697265625e+02
1.243183746337890625e+02
1.255497970581054688e+02
1.241323471069335938e+02
1.210422821044921875e+02
1.179754714965820312e+02
1.192922668457031250e+02
1.226555786132812500e+02
1.243505935668945312e+02
1.271400604248046875e+02
1.340213165283203125e+02
1.383045959472656250e+02
1.436208496093750000e+02
1.440971069335937500e+02
1.450017395019531250e+02
1.455470886230468750e+02
1.488732910156250000e+02
1.493219146728515625e+02
1.491722412109375000e+02
1.464513244628906250e+02
1.406598663330078125e+02
1.390463256835937500e+02
1.364816436767578125e+02
1.348527832031250000e+02
1.315428466796875000e+02
1.315054473876953125e+02
1.351417236328125000e+02
1.359170684814453125e+02
1.368474273681640625e+02
1.378009033203125000e+02
1.371649780273437500e+02
1.366710357666015625e+02
1.354701995849609375e+02
1.361738128662109375e+02
1.357085571289062500e+02
1.341578826904296875e+02
1.329618988037109375e+02
1.318741760253906250e+02
1.303397979736328125e+02
1.292066040039062500e+02
1.323234558105468750e+02
1.342539672851562500e+02
1.347831420898437500e+02
1.348452911376953125e+02
1.349011840820312500e+02
1.349146423339843750e+02
1.339489440917968750e+02
1.343526611328125000e+02
1.336923828125000000e+02
1.321559906005859375e+02
1.313573455810546875e+02
1.320221099853515625e+02
1.325085449218750000e+02
1.333489379882812500e+02
1.346360626220703125e+02
1.345528106689453125e+02
1.326831665039062500e+02
1.331415252685546875e+02
1.317318725585937500e+02
1.303512725830078125e+02
1.293401794433593750e+02
1.302038269042968750e+02
1.287072448730468750e+02
1.275045776367187500e+02
1.292147064208984375e+02
1.298139190673828125e+02
1.290894317626953125e+02
1.292198181152343750e+02
1.287691192626953125e+02
1.299096679687500000e+02
1.322259063720703125e+02
1.329477233886718750e+02
1.323422546386718750e+02
1.317939147949218750e+02
1.298072357177734375e+02
1.267312316894531250e+02
1.282005157470703125e+02
1.278124389648437500e+02
1.297458648681640625e+02
1.289512939453125000e+02
1.283808135986328125e+02
1.285177459716796875e+02
1.300762939453125000e+02
1.316132202148437500e+02
1.313408203125000000e+02
1.315815734863281250e+02
1.295361480712890625e+02
1.269806060791015625e+02
1.263018798828125000e+02
1.272021484375000000e+02
1.254050216674804688e+02
1.247035140991210938e+02
1.253522796630859375e+02
1.254948730468750000e+02
1.244180297851562500e+02
1.266298828125000000e+02
1.285420074462890625e+02
1.271819152832031250e+02
1.277225036621093750e+02
1.287859802246093750e+02
1.282473602294921875e+02
1.275595397949218750e+02
1.263334350585937500e+02
1.259333572387695312e+02
1.244926223754882812e+02
1.252267761230468750e+02
1.263893432617187500e+02
1.279477767944335938e+02
1.289375915527343750e+02
1.296280822753906250e+02
1.298312988281250000e+02
1.291793823242187500e+02
1.276401062011718750e+02
1.250318222045898438e+02
1.260025100708007812e+02
1.265030212402343750e+02
1.262717895507812500e+02
1.265010147094726562e+02
1.272621688842773438e+02
1.284822235107421875e+02
1.290078887939453125e+02
1.269322891235351562e+02
1.249032516479492188e+02
1.245446929931640625e+02
1.274795227050781250e+02
1.283150024414062500e+02
1.301438903808593750e+02
1.287671508789062500e+02
1.274778060913085938e+02
1.239477767944335938e+02
1.222584609985351562e+02
1.230804214477539062e+02
1.238450469970703125e+02
1.262461929321289062e+02
1.264002990722656250e+02
1.266172714233398438e+02
1.262256088256835938e+02
1.245880661010742188e+02
1.233404006958007812e+02
1.234239273071289062e+02
1.238099365234375000e+02
1.259182205200195312e+02
1.261509246826171875e+02
1.239368209838867188e+02
1.209826660156250000e+02
1.228670501708984375e+02
1.242865982055664062e+02
1.258150787353515625e+02
1.262444763183593750e+02
1.268751602172851562e+02
1.258819503784179688e+02
1.254020233154296875e+02
1.235907440185546875e+02
1.237205123901367188e+02
1.252636337280273438e+02
1.238894424438476562e+02
1.237992095947265625e+02
1.236235961914062500e+02
1.220964736938476562e+02
1.205728225708007812e+02
1.226909713745117188e+02
1.265545959472656250e+02
1.265229644775390625e+02
1.248217773437500000e+02
1.230381393432617188e+02
1.224891815185546875e+02
1.228767242431640625e+02
1.241299362182617188e+02
1.259392623901367188e+02
1.267348327636718750e+02
1.274289550781250000e+02
1.268594970703125000e+02
1.254012069702148438e+02
1.222143859863281250e+02
1.214078063964843750e+02
1.220870361328125000e+02
1.213058166503906250e+02
1.213864288330078125e+02
1.220870132446289062e+02
1.231925506591796875e+02
1.263512344360351562e+02
1.282854766845703125e+02
1.298307800292968750e+02
1.301249694824218750e+02
1.275339126586914062e+02
1.236099166870117188e+02
1.207817916870117188e+02
1.206757965087890625e+02
1.215581665039062500e+02
1.242912292480468750e+02
1.237871780395507812e+02
1.219421615600585938e+02
1.209694824218750000e+02
1.211660919189453125e+02
1.230075531005859375e+02
1.232134017944335938e+02
1.230129470825195312e+02
1.209117279052734375e+02
1.237830200195312500e+02
1.261882705688476562e+02
1.247997894287109375e+02
1.229654998779296875e+02
1.216773605346679688e+02
1.213227920532226562e+02
1.243089523315429688e+02
1.244028244018554688e+02
1.228566589355468750e+02
1.224408111572265625e+02
1.233456878662109375e+02
1.211629409790039062e+02
1.217177124023437500e+02
1.219714126586914062e+02
1.225685272216796875e+02
1.217546844482421875e+02
1.226536941528320312e+02
1.223053817749023438e+02
1.218839874267578125e+02
1.196316757202148438e+02
1.208993453979492188e+02
1.219880981445312500e+02
1.235535202026367188e+02
1.227449035644531250e+02
1.226312789916992188e+02
1.236227340698242188e+02
1.240864410400390625e+02
1.233610763549804688e+02
1.214055328369140625e+02
1.217190933227539062e+02
1.221099166870117188e+02
1.220344467163085938e+02
1.225225524902343750e+02
1.245675048828125000e+02
1.238181457519531250e+02
1.229909515380859375e+02
1.209750366210937500e+02
1.199547119140625000e+02
1.196443862915039062e+02
1.200189514160156250e+02
1.190542984008789062e+02
1.208422088623046875e+02
1.231724166870117188e+02
1.245826416015625000e+02
1.213840408325195312e+02
1.215036544799804688e+02
1.212526016235351562e+02
1.214297332763671875e+02
1.209739913940429688e+02
1.213134918212890625e+02
1.189554138183593750e+02
1.171205520629882812e+02
1.169064407348632812e+02
1.181659240722656250e+02
1.201589965820312500e+02
1.211451568603515625e+02
1.208504104614257812e+02
1.213924102783203125e+02
1.219322280883789062e+02
1.215522155761718750e+02
1.201287918090820312e+02
1.194251251220703125e+02
1.179960784912109375e+02
1.184554748535156250e+02
1.194746475219726562e+02
1.206883392333984375e+02
1.202282791137695312e+02
1.209221954345703125e+02
1.215607910156250000e+02
1.209524612426757812e+02
1.214267883300781250e+02
1.211497497558593750e+02
1.213641204833984375e+02
1.198730621337890625e+02
1.191956558227539062e+02
1.180315017700195312e+02
1.164937973022460938e+02
1.173409957885742188e+02
1.203706741333007812e+02
1.222011108398437500e+02
1.220756759643554688e+02
1.203305053710937500e+02
1.170181198120117188e+02
1.171526107788085938e+02
1.195918273925781250e+02
1.203100280761718750e+02
1.199167480468750000e+02
1.186306228637695312e+02
1.183489379882812500e+02
1.195741348266601562e+02
1.214019470214843750e+02
1.211416931152343750e+02
1.201989212036132812e+02
1.196707153320312500e+02
1.210146789550781250e+02
1.186701583862304688e+02
1.188765106201171875e+02
1.196291275024414062e+02
1.206733856201171875e+02
1.206670837402343750e+02
1.200942306518554688e+02
1.211285629272460938e+02
1.212934341430664062e+02
1.218385772705078125e+02
1.195869827270507812e+02
1.188489990234375000e+02
1.173565750122070312e+02
1.189298324584960938e+02
1.196077423095703125e+02
1.200834197998046875e+02
1.205530090332031250e+02
1.201389541625976562e+02
1.200694808959960938e+02
1.217518539428710938e+02
1.216244277954101562e+02
1.208549346923828125e+02
1.197077560424804688e+02
1.193284759521484375e+02
1.184154891967773438e+02
1.180381317138671875e+02
1.172259826660156250e+02
1.159236831665039062e+02
1.166140747070312500e+02
1.175890350341796875e+02
1.182663650512695312e+02
1.187940216064453125e+02
1.204779739379882812e+02
1.218246078491210938e+02
1.212227859497070312e+02
1.216353759765625000e+02
1.213610763549804688e+02
1.189728622436523438e+02
1.179918975830078125e+02
1.181262817382812500e+02
1.178508300781250000e+02
1.197271423339843750e+02
1.191741485595703125e+02
1.184042510986328125e+02
1.202455215454101562e+02
1.229613647460937500e+02
1.223275375366210938e+02
1.202672882080078125e+02
1.191825103759765625e+02
1.202453918457031250e+02
1.205617065429687500e+02
1.206686859130859375e+02
1.208395156860351562e+02
1.197340393066406250e+02
1.176705856323242188e+02
1.154221267700195312e+02
1.159572067260742188e+02
1.170816574096679688e+02
1.164042510986328125e+02
1.174015960693359375e+02
1.181247100830078125e+02
1.184168930053710938e+02
1.161703414916992188e+02
1.179184494018554688e+02
1.199614562988281250e+02
1.209603805541992188e+02
1.192273712158203125e+02
1.176893005371093750e+02
1.166816558837890625e+02
1.163068008422851562e+02
1.161675720214843750e+02
1.171840209960937500e+02
1.182871627807617188e+02
1.182563247680664062e+02
1.196154403686523438e+02
1.198317642211914062e+02
1.197280273437500000e+02
1.201508712768554688e+02
1.206688842773437500e+02
1.217905273437500000e+02
1.223067626953125000e+02
1.221590576171875000e+02
1.216475906372070312e+02
1.220616531372070312e+02
1.210387878417968750e+02
1.203984375000000000e+02
1.211013183593750000e+02
1.216485595703125000e+02
1.213671722412109375e+02
1.203777465820312500e+02
1.166515197753906250e+02
1.167055282592773438e+02
1.194099807739257812e+02
1.198434829711914062e+02
1.185665969848632812e+02
1.209605560302734375e+02
1.219025115966796875e+02
1.220104980468750000e+02
1.211998214721679688e+02
1.216167526245117188e+02
1.216882553100585938e+02
1.213398208618164062e+02
1.183364410400390625e+02
1.164456176757812500e+02
1.182828216552734375e+02
1.205692443847656250e+02
1.202602233886718750e+02
1.187141036987304688e+02
1.200485992431640625e+02
1.220992584228515625e+02
1.224729232788085938e+02
1.205501022338867188e+02
1.197549896240234375e+02
1.216715774536132812e+02
1.192639694213867188e+02
1.167295837402343750e+02
1.185092086791992188e+02
1.226937103271484375e+02
1.208646545410156250e+02
1.176192245483398438e+02
1.168448333740234375e+02
1.172736434936523438e+02
1.180569534301757812e+02
1.189664306640625000e+02
1.188178024291992188e+02
1.188101577758789062e+02
1.175638427734375000e+02
1.185108261108398438e+02
1.189410705566406250e+02
1.189011154174804688e+02
1.222876281738281250e+02
1.230541229248046875e+02
1.208829956054687500e+02
1.201761322021484375e+02
1.204104461669921875e+02
1.212173461914062500e+02
1.205658874511718750e+02
1.209625854492187500e+02
1.202920837402343750e+02
1.217334976196289062e+02
1.199155044555664062e+02
1.166719818115234375e+02
1.147674636840820312e+02
1.168087463378906250e+02
1.160945739746093750e+02
1.173603134155273438e+02
1.202166213989257812e+02
1.204966888427734375e+02
1.186921539306640625e+02
1.159047775268554688e+02
1.150121154785156250e+02
1.155670547485351562e+02
1.166350631713867188e+02
1.172297058105468750e+02
1.139348678588867188e+02
1.123959350585937500e+02
1.126177062988281250e+02
1.153937225341796875e+02
1.172033004760742188e+02
1.154610061645507812e+02
1.157142105102539062e+02
1.162679748535156250e+02
1.153304977416992188e+02
1.120510787963867188e+02
1.097703475952148438e+02
1.097827606201171875e+02
1.161540908813476562e+02
1.192664184570312500e+02
1.230801239013671875e+02
1.233129577636718750e+02
1.233829040527343750e+02
1.168347244262695312e+02
1.125860061645507812e+02
1.114075469970703125e+02
1.131503219604492188e+02
1.121951522827148438e+02
1.101862258911132812e+02
1.084573669433593750e+02
1.135460968017578125e+02
1.152629089355468750e+02
1.162305068969726562e+02
1.185520553588867188e+02
1.191609802246093750e+02
1.171004409790039062e+02
1.182145538330078125e+02
1.209225921630859375e+02
1.199839630126953125e+02
1.168882293701171875e+02
1.174181976318359375e+02
1.182121429443359375e+02
1.184023742675781250e+02
1.180065765380859375e+02
1.190172119140625000e+02
1.175863265991210938e+02
1.159518966674804688e+02
1.142836074829101562e+02
1.159448547363281250e+02
1.167580795288085938e+02
1.179964828491210938e+02
1.189668655395507812e+02
1.185159225463867188e+02
1.199096450805664062e+02
1.197545547485351562e+02
1.204853897094726562e+02
1.172294616699218750e+02
1.158280105590820312e+02
1.167243957519531250e+02
1.175656890869140625e+02
1.182712860107421875e+02
1.193668670654296875e+02
1.187448501586914062e+02
1.190187835693359375e+02
1.191768798828125000e+02
1.194659042358398438e+02
1.180848541259765625e+02
1.141965255737304688e+02
1.149765014648437500e+02
1.191407165527343750e+02
1.181853637695312500e+02
1.153686828613281250e+02
1.162697448730468750e+02
1.198475036621093750e+02
1.221901245117187500e+02
1.205779418945312500e+02
1.200059585571289062e+02
1.194703445434570312e+02
1.190140304565429688e+02
1.190817489624023438e+02
1.208525085449218750e+02
1.206493301391601562e+02
1.195157623291015625e+02
1.209723052978515625e+02
1.213791809082031250e+02
1.187885818481445312e+02
1.172940673828125000e+02
1.146611557006835938e+02
1.151441192626953125e+02
1.181285476684570312e+02
1.169726562500000000e+02
1.166129379272460938e+02
1.185100555419921875e+02
1.179308166503906250e+02
1.180880813598632812e+02
1.195107269287109375e+02
1.204567413330078125e+02
1.193327941894531250e+02
1.188583984375000000e+02
1.162099304199218750e+02
1.133572845458984375e+02
1.143132324218750000e+02
1.154040527343750000e+02
1.180155105590820312e+02
1.211949539184570312e+02
1.207472686767578125e+02
1.181891479492187500e+02
1.152092971801757812e+02
1.127089767456054688e+02
1.145652465820312500e+02
1.171024398803710938e+02
1.185739440917968750e+02
1.183844833374023438e+02
1.192768249511718750e+02
1.214375076293945312e+02
1.219264221191406250e+02
1.194526214599609375e+02
1.167156829833984375e+02
1.168567428588867188e+02
1.179059906005859375e+02
1.173008880615234375e+02
1.172212753295898438e+02
1.200899810791015625e+02
1.207372665405273438e+02
1.198625183105468750e+02
1.188690109252929688e+02
1.183968963623046875e+02
1.168203887939453125e+02
1.164339141845703125e+02
1.174699325561523438e+02
1.186503448486328125e+02
1.193744277954101562e+02
1.183578109741210938e+02
1.185238952636718750e+02
1.182508697509765625e+02
1.168123855590820312e+02
1.155544967651367188e+02
1.173328628540039062e+02
1.205453033447265625e+02
1.200014266967773438e+02
1.172337036132812500e+02
1.159294586181640625e+02
1.173407440185546875e+02
1.179109649658203125e+02
1.177672119140625000e+02
1.167614669799804688e+02
1.163578109741210938e+02
1.161094665527343750e+02
1.149498214721679688e+02
1.150933456420898438e+02
1.142452316284179688e+02
1.152241516113281250e+02
1.154651031494140625e+02
1.140864028930664062e+02
1.130683898925781250e+02
1.118700027465820312e+02
1.143872146606445312e+02
1.174175872802734375e+02
1.178646469116210938e+02
1.175685272216796875e+02
1.176376342773437500e+02
1.175527420043945312e+02
1.184001083374023438e+02
1.158460693359375000e+02
1.154321823120117188e+02
1.176477279663085938e+02
1.159446868896484375e+02
1.141240921020507812e+02
1.153150482177734375e+02
1.155387268066406250e+02
1.162409057617187500e+02
1.151868591308593750e+02
1.136086044311523438e+02
1.125515747070312500e+02
1.131657943725585938e+02
1.137397918701171875e+02
1.145906829833984375e+02
1.146470870971679688e+02
1.142594070434570312e+02
1.134498367309570312e+02
1.132727508544921875e+02
1.158132400512695312e+02
1.166584777832031250e+02
1.136112060546875000e+02
1.124893188476562500e+02
1.135898742675781250e+02
1.149973449707031250e+02
1.155363616943359375e+02
1.152337417602539062e+02
1.156979446411132812e+02
1.141730804443359375e+02
1.135189895629882812e+02
1.147727508544921875e+02
1.162851028442382812e+02
1.137844619750976562e+02
1.151416931152343750e+02
1.161280441284179688e+02
1.146047363281250000e+02
1.137458877563476562e+02
1.127561035156250000e+02
1.126028060913085938e+02
1.124202804565429688e+02
1.143815460205078125e+02
1.158169250488281250e+02
1.146779785156250000e+02
1.149534835815429688e+02
1.167932357788085938e+02
1.161285247802734375e+02
1.169619522094726562e+02
1.156759338378906250e+02
1.125780105590820312e+02
1.132824554443359375e+02
1.123170623779296875e+02
1.133252105712890625e+02
1.159644012451171875e+02
1.141739807128906250e+02
1.147669448852539062e+02
1.158532409667968750e+02
1.154745788574218750e+02
1.152453231811523438e+02
1.109289093017578125e+02
1.110188293457031250e+02
1.140914230346679688e+02
1.149798126220703125e+02
1.146199645996093750e+02
1.136602401733398438e+02
1.134472579956054688e+02
1.145959854125976562e+02
1.146875686645507812e+02
1.148844833374023438e+02
1.136079101562500000e+02
1.119745483398437500e+02
1.125346908569335938e+02
1.125770721435546875e+02
1.154230651855468750e+02
1.171890182495117188e+02
1.151566696166992188e+02
1.134570999145507812e+02
1.107779541015625000e+02
1.096282806396484375e+02
1.102690200805664062e+02
1.100048522949218750e+02
1.071294097900390625e+02
1.084098281860351562e+02
1.111678466796875000e+02
1.087442169189453125e+02
1.102935562133789062e+02
1.114931106567382812e+02
1.142172851562500000e+02
1.157005691528320312e+02
1.144399490356445312e+02
1.141682968139648438e+02
1.135551300048828125e+02
1.127035217285156250e+02
1.112577056884765625e+02
1.107428054809570312e+02
1.103829650878906250e+02
1.137541503906250000e+02
1.153001556396484375e+02
1.132013473510742188e+02
1.119254379272460938e+02
1.122691802978515625e+02
1.124802703857421875e+02
1.110518341064453125e+02
1.098105621337890625e+02
1.127155075073242188e+02
1.124047927856445312e+02
1.100952301025390625e+02
1.113358612060546875e+02
1.108012847900390625e+02
1.089234771728515625e+02
1.096856536865234375e+02
1.101947174072265625e+02
1.098446655273437500e+02
1.094800872802734375e+02
1.099539794921875000e+02
1.114387207031250000e+02
1.121882705688476562e+02
1.122931213378906250e+02
1.122938003540039062e+02
1.104720001220703125e+02
1.093483810424804688e+02
1.094398727416992188e+02
1.098093643188476562e+02
1.103895339965820312e+02
1.133070907592773438e+02
1.135068283081054688e+02
1.129189987182617188e+02
1.138435134887695312e+02
1.102601165771484375e+02
1.095858001708984375e+02
1.112801284790039062e+02
1.136107559204101562e+02
1.114541320800781250e+02
1.088987960815429688e+02
1.124108810424804688e+02
1.111695861816406250e+02
1.087999572753906250e+02
1.088366394042968750e+02
1.062751083374023438e+02
1.063413619995117188e+02
1.092820968627929688e+02
1.119474487304687500e+02
1.140234909057617188e+02
1.117192077636718750e+02
1.112172164916992188e+02
1.121504058837890625e+02
1.107203216552734375e+02
1.071511993408203125e+02
1.063086318969726562e+02
1.070031204223632812e+02
1.067233123779296875e+02
1.087760848999023438e+02
1.103879623413085938e+02
1.102525939941406250e+02
1.110522384643554688e+02
1.102380981445312500e+02
1.095066680908203125e+02
1.090695495605468750e+02
1.081192855834960938e+02
1.063092498779296875e+02
1.071770629882812500e+02
1.082144012451171875e+02
1.070053710937500000e+02
1.085649108886718750e+02
1.106789779663085938e+02
1.111442260742187500e+02
1.109286346435546875e+02
1.091982803344726562e+02
1.061356506347656250e+02
1.047792892456054688e+02
1.047839050292968750e+02
1.057679672241210938e+02
1.086742858886718750e+02
1.083620147705078125e+02
1.068355560302734375e+02
1.056894760131835938e+02
1.070167083740234375e+02
1.089345626831054688e+02
1.075901641845703125e+02
1.079615402221679688e+02
1.064301376342773438e+02
1.051371154785156250e+02
1.055052185058593750e+02
1.075405883789062500e+02
1.095698471069335938e+02
1.065051803588867188e+02
1.039307632446289062e+02
1.041764450073242188e+02
1.063492965698242188e+02
1.065218734741210938e+02
1.054034729003906250e+02
1.065827255249023438e+02
1.069093856811523438e+02
1.078636398315429688e+02
1.104180068969726562e+02
1.113020858764648438e+02
1.086416473388671875e+02
1.062829895019531250e+02
1.068946151733398438e+02
1.080782012939453125e+02
1.065437088012695312e+02
1.067078857421875000e+02
1.075750045776367188e+02
1.099241104125976562e+02
1.090063781738281250e+02
1.070347442626953125e+02
1.054117126464843750e+02
1.054283752441406250e+02
1.055540084838867188e+02
1.018929901123046875e+02
1.018563079833984375e+02
1.044304351806640625e+02
1.034686584472656250e+02
1.030488357543945312e+02
1.031713333129882812e+02
1.036750946044921875e+02
1.060246047973632812e+02
1.059039459228515625e+02
1.047887039184570312e+02
1.040347747802734375e+02
1.020690155029296875e+02
1.033783035278320312e+02
1.037210235595703125e+02
1.014263458251953125e+02
1.033113632202148438e+02
1.063027572631835938e+02
1.046498184204101562e+02
1.044558868408203125e+02
1.031536331176757812e+02
1.003148040771484375e+02
1.007458267211914062e+02
1.042895126342773438e+02
1.020726013183593750e+02
9.930081176757812500e+01
9.805642700195312500e+01
1.008547439575195312e+02
1.066939315795898438e+02
1.056129150390625000e+02
1.076878509521484375e+02
1.071555404663085938e+02
1.060642929077148438e+02
1.079366836547851562e+02
1.044328002929687500e+02
1.032025375366210938e+02
1.034603500366210938e+02
1.009442672729492188e+02
9.683475494384765625e+01
9.617701721191406250e+01
9.643771362304687500e+01
9.427477264404296875e+01
9.452368164062500000e+01
1.002347717285156250e+02
1.057072677612304688e+02
1.080684814453125000e+02
1.018721847534179688e+02
9.478691864013671875e+01
1.018084487915039062e+02
1.091030578613281250e+02
1.040347290039062500e+02
9.867309570312500000e+01
9.836838531494140625e+01
9.893536376953125000e+01
1.040009155273437500e+02
1.089707870483398438e+02
1.083824310302734375e+02
1.072092437744140625e+02
1.019289932250976562e+02
1.024623565673828125e+02
1.078704452514648438e+02
1.016102294921875000e+02
9.619776916503906250e+01
9.426273345947265625e+01
9.568997192382812500e+01
9.902629852294921875e+01
9.685220336914062500e+01
9.735449981689453125e+01
1.020788879394531250e+02
9.504143524169921875e+01
8.611524200439453125e+01
8.915181732177734375e+01
8.843121337890625000e+01
8.667642974853515625e+01
9.595494842529296875e+01
1.022383041381835938e+02
1.004661178588867188e+02
1.047879028320312500e+02
1.097625427246093750e+02
1.045548553466796875e+02
9.892884063720703125e+01
9.694024658203125000e+01
1.136789016723632812e+02
1.259479827880859375e+02
1.025111007690429688e+02
9.251464080810546875e+01
1.016624145507812500e+02
1.060967254638671875e+02
1.055601959228515625e+02
1.088341217041015625e+02
8.329782867431640625e+01
6.886879730224609375e+01
7.432870483398437500e+01
1.071449127197265625e+02
1.050887298583984375e+02
1.117702178955078125e+02
1.498070220947265625e+02
1.576530456542968750e+02
1.194295120239257812e+02
1.223217697143554688e+02
1.466110839843750000e+02
1.197417907714843750e+02
1.261993789672851562e+02
1.318738555908203125e+02
nan
nan
nan
