nan
nan
nan
nan
nan
nan
nan
nan
nan
nan
nan
nan
nan
nan
nan
nan
nan
nan
2.177959823608398438e+01
2.171838760375976562e+01
2.006964874267578125e+01
1.711482429504394531e+01
1.729398727416992188e+01
1.454718303680419922e+01
1.606610298156738281e+01
2.054112052917480469e+01
1.890494918823242188e+01
1.741655540466308594e+01
1.739576721191406250e+01
1.679355049133300781e+01
1.770739936828613281e+01
1.965212631225585938e+01
2.108503723144531250e+01
2.301914405822753906e+01
2.218108749389648438e+01
2.199676895141601562e+01
2.195181083679199219e+01
1.934379959106445312e+01
1.880922889709472656e+01
1.822632598876953125e+01
1.999282073974609375e+01
2.006077766418457031e+01
1.702662277221679688e+01
1.784570121765136719e+01
2.001365089416503906e+01
1.888602828979492188e+01
1.875951385498046875e+01
1.656233596801757812e+01
1.814971733093261719e+01
2.163990783691406250e+01
2.055095863342285156e+01
1.951202011108398438e+01
1.877907562255859375e+01
1.820101737976074219e+01
1.831400299072265625e+01
1.946331787109375000e+01
2.033498954772949219e+01
1.853402519226074219e+01
1.816868019104003906e+01
1.882806777954101562e+01
2.055327796936035156e+01
2.220302391052246094e+01
2.090643882751464844e+01
1.833020019531250000e+01
1.801844978332519531e+01
1.833677482604980469e+01
1.785150337219238281e+01
1.726207351684570312e+01
1.678554916381835938e+01
1.793857383728027344e+01
1.821047592163085938e+01
1.818765258789062500e+01
1.988996315002441406e+01
1.923142814636230469e+01
1.747254180908203125e+01
1.818378448486328125e+01
1.909534645080566406e+01
1.990327644348144531e+01
2.065774726867675781e+01
2.048517608642578125e+01
2.026409912109375000e+01
2.007212829589843750e+01
2.009649085998535156e+01
2.065720748901367188e+01
2.169676017761230469e+01
2.135063362121582031e+01
2.099854087829589844e+01
2.117918968200683594e+01
2.132468414306640625e+01
2.194532012939453125e+01
2.086452674865722656e+01
2.129216194152832031e+01
2.105043029785156250e+01
2.089916229248046875e+01
2.109747314453125000e+01
2.000140380859375000e+01
1.973714828491210938e+01
1.906717681884765625e+01
1.964773559570312500e+01
2.162277030944824219e+01
2.278132057189941406e+01
2.291976737976074219e+01
2.276124382019042969e+01
2.144976806640625000e+01
2.210134124755859375e+01
2.408072280883789062e+01
2.436386108398437500e+01
2.436212921142578125e+01
2.294121360778808594e+01
2.092680358886718750e+01
2.117514610290527344e+01
2.047126007080078125e+01
1.972291946411132812e+01
2.146721839904785156e+01
2.330256271362304688e+01
2.257642173767089844e+01
2.308156394958496094e+01
2.392108154296875000e+01
2.284572029113769531e+01
2.169747924804687500e+01
2.267531394958496094e+01
2.173486709594726562e+01
2.052654266357421875e+01
2.075264358520507812e+01
2.006181526184082031e+01
1.914819717407226562e+01
2.065342903137207031e+01
2.213221931457519531e+01
2.164511108398437500e+01
2.012064361572265625e+01
2.013218116760253906e+01
2.065364265441894531e+01
2.154430770874023438e+01
2.177473831176757812e+01
2.239437484741210938e+01
2.335972023010253906e+01
2.343042564392089844e+01
2.283045959472656250e+01
2.210633850097656250e+01
2.277750778198242188e+01
2.283452224731445312e+01
2.220270347595214844e+01
2.129580879211425781e+01
2.111175727844238281e+01
2.052030754089355469e+01
2.045746994018554688e+01
2.085590171813964844e+01
2.283957481384277344e+01
2.218137741088867188e+01
2.065963935852050781e+01
2.156282615661621094e+01
2.273300361633300781e+01
2.248435401916503906e+01
2.076525306701660156e+01
2.066654396057128906e+01
2.147274208068847656e+01
2.255327987670898438e+01
2.290601730346679688e+01
2.173309135437011719e+01
2.036288261413574219e+01
1.933136558532714844e+01
1.935082244873046875e+01
2.027958106994628906e+01
2.161176872253417969e+01
2.262373542785644531e+01
2.150587654113769531e+01
2.095231246948242188e+01
2.262706184387207031e+01
2.321571159362792969e+01
2.225490188598632812e+01
2.131163406372070312e+01
2.162671852111816406e+01
2.232146072387695312e+01
2.225853347778320312e+01
2.190712928771972656e+01
2.177633094787597656e+01
2.154714393615722656e+01
2.143037414550781250e+01
2.155324745178222656e+01
2.209594154357910156e+01
2.267229080200195312e+01
2.205043220520019531e+01
2.163907051086425781e+01
2.275319480895996094e+01
2.292541694641113281e+01
2.137456512451171875e+01
2.139936256408691406e+01
2.162585449218750000e+01
2.222507667541503906e+01
2.394718170166015625e+01
2.340531539916992188e+01
2.309273338317871094e+01
2.278885269165039062e+01
2.142006301879882812e+01
2.072086906433105469e+01
2.122510337829589844e+01
2.266721153259277344e+01
2.303754615783691406e+01
2.262651252746582031e+01
2.212918472290039062e+01
2.162048530578613281e+01
2.110727882385253906e+01
2.169742202758789062e+01
2.280878257751464844e+01
2.300380516052246094e+01
2.438204956054687500e+01
2.420787811279296875e+01
2.344529342651367188e+01
2.283438491821289062e+01
2.228993415832519531e+01
2.263865470886230469e+01
2.293345260620117188e+01
2.363723945617675781e+01
2.486089897155761719e+01
2.484255599975585938e+01
2.327968978881835938e+01
2.235025024414062500e+01
2.306244659423828125e+01
2.300173759460449219e+01
2.231078529357910156e+01
2.244108581542968750e+01
2.219677543640136719e+01
2.150071716308593750e+01
2.150370407104492188e+01
2.225646400451660156e+01
2.273411369323730469e+01
2.315237998962402344e+01
2.332523918151855469e+01
2.282065582275390625e+01
2.234238243103027344e+01
2.243834877014160156e+01
2.306974029541015625e+01
2.340420150756835938e+01
2.334990501403808594e+01
2.285396385192871094e+01
2.277437400817871094e+01
2.292735481262207031e+01
2.381804656982421875e+01
2.488562965393066406e+01
2.365143203735351562e+01
2.287529754638671875e+01
2.343478965759277344e+01
2.298739242553710938e+01
2.252971458435058594e+01
2.200184631347656250e+01
2.266003417968750000e+01
2.363883781433105469e+01
2.385288238525390625e+01
2.344692420959472656e+01
2.337779045104980469e+01
2.247020721435546875e+01
2.227985954284667969e+01
2.291861152648925781e+01
2.261108016967773438e+01
2.202405357360839844e+01
2.332477760314941406e+01
2.375000953674316406e+01
2.346510314941406250e+01
2.413118934631347656e+01
2.479285049438476562e+01
2.511200141906738281e+01
2.574083328247070312e+01
2.579071807861328125e+01
2.564995193481445312e+01
2.463232231140136719e+01
2.330209541320800781e+01
2.285072708129882812e+01
2.349957466125488281e+01
2.467680740356445312e+01
2.503048324584960938e+01
2.530501556396484375e+01
2.587059211730957031e+01
2.531632423400878906e+01
2.531253433227539062e+01
2.452298545837402344e+01
2.499928283691406250e+01
2.506171035766601562e+01
2.432853126525878906e+01
2.411458587646484375e+01
2.430416488647460938e+01
2.455335617065429688e+01
2.410478401184082031e+01
2.463145065307617188e+01
2.432881546020507812e+01
2.314383697509765625e+01
2.329729080200195312e+01
2.310727310180664062e+01
2.246077728271484375e+01
2.234368324279785156e+01
2.421306037902832031e+01
2.518052101135253906e+01
2.584478378295898438e+01
2.568420791625976562e+01
2.478173065185546875e+01
2.536555862426757812e+01
2.549040222167968750e+01
2.545292472839355469e+01
2.587736701965332031e+01
2.660852813720703125e+01
2.700529479980468750e+01
2.721108627319335938e+01
2.771711540222167969e+01
2.676803970336914062e+01
2.642253494262695312e+01
2.595840263366699219e+01
2.602273559570312500e+01
2.566339302062988281e+01
2.635262298583984375e+01
2.592353630065917969e+01
2.525722694396972656e+01
2.511431694030761719e+01
2.651373672485351562e+01
2.734348678588867188e+01
2.642847251892089844e+01
2.592299461364746094e+01
2.701107215881347656e+01
2.635435485839843750e+01
2.500780487060546875e+01
2.529511833190917969e+01
2.552893066406250000e+01
2.627187728881835938e+01
2.731401062011718750e+01
2.659526252746582031e+01
2.672228050231933594e+01
2.768430900573730469e+01
2.865662384033203125e+01
2.827984619140625000e+01
2.769470787048339844e+01
2.811901092529296875e+01
2.874530982971191406e+01
2.833141517639160156e+01
2.691290283203125000e+01
2.619033432006835938e+01
2.662738609313964844e+01
2.670896148681640625e+01
2.592910575866699219e+01
2.635594558715820312e+01
2.892262077331542969e+01
2.890624618530273438e+01
2.753715133666992188e+01
2.652169799804687500e+01
2.725528335571289062e+01
2.755986404418945312e+01
2.663399505615234375e+01
2.677814674377441406e+01
2.761002159118652344e+01
2.780243682861328125e+01
2.752845954895019531e+01
2.659122276306152344e+01
2.623188972473144531e+01
2.737172889709472656e+01
2.886544990539550781e+01
2.915854644775390625e+01
2.764258575439453125e+01
2.728037643432617188e+01
2.806181526184082031e+01
2.844855499267578125e+01
2.805644416809082031e+01
2.703916931152343750e+01
2.678167152404785156e+01
2.694920539855957031e+01
2.723838615417480469e+01
2.788306427001953125e+01
2.908816337585449219e+01
2.863752746582031250e+01
2.823804855346679688e+01
2.845031738281250000e+01
2.805022811889648438e+01
2.757708168029785156e+01
2.764836502075195312e+01
2.690868949890136719e+01
2.729076576232910156e+01
2.863208770751953125e+01
2.964074134826660156e+01
2.839518356323242188e+01
2.709605407714843750e+01
2.692016983032226562e+01
2.820187759399414062e+01
2.855413055419921875e+01
2.924127006530761719e+01
2.998390197753906250e+01
3.097691917419433594e+01
3.039696693420410156e+01
2.958213424682617188e+01
2.888722229003906250e+01
2.969960212707519531e+01
3.115368080139160156e+01
3.232778930664062500e+01
3.202730941772460938e+01
3.014740371704101562e+01
2.939015769958496094e+01
2.950240898132324219e+01
3.052525711059570312e+01
3.064597320556640625e+01
2.985338973999023438e+01
2.869426345825195312e+01
2.844457054138183594e+01
2.841366767883300781e+01
2.910291481018066406e+01
2.957062911987304688e+01
3.032232475280761719e+01
3.039094924926757812e+01
2.983572769165039062e+01
2.933450508117675781e+01
2.936142730712890625e+01
3.058421897888183594e+01
3.214959335327148438e+01
3.122511672973632812e+01
3.003936386108398438e+01
2.932260513305664062e+01
2.955204010009765625e+01
3.082813835144042969e+01
3.209545135498046875e+01
3.232153320312500000e+01
3.103361701965332031e+01
3.015917778015136719e+01
3.149298667907714844e+01
3.198355293273925781e+01
3.184228134155273438e+01
3.105746650695800781e+01
3.096160507202148438e+01
3.131995773315429688e+01
3.141651535034179688e+01
3.071156120300292969e+01
3.026696777343750000e+01
2.993776130676269531e+01
3.055376625061035156e+01
3.127618026733398438e+01
3.187267875671386719e+01
3.055892181396484375e+01
2.912015342712402344e+01
3.066344261169433594e+01
3.118023681640625000e+01
3.181069374084472656e+01
3.151471138000488281e+01
3.151115798950195312e+01
3.144625854492187500e+01
3.158173561096191406e+01
3.239046478271484375e+01
3.227835464477539062e+01
3.277083206176757812e+01
3.263592147827148438e+01
3.290306091308593750e+01
3.210137176513671875e+01
3.153355407714843750e+01
3.085207366943359375e+01
3.211738204956054688e+01
3.245166015625000000e+01
3.244836044311523438e+01
3.279684066772460938e+01
3.335370254516601562e+01
3.335246658325195312e+01
3.307594680786132812e+01
3.244287872314453125e+01
3.223977279663085938e+01
3.246615982055664062e+01
3.384925079345703125e+01
3.549082946777343750e+01
3.512309265136718750e+01
3.485581588745117188e+01
3.362033462524414062e+01
3.238925552368164062e+01
3.246771621704101562e+01
3.359525299072265625e+01
3.485261917114257812e+01
3.482225418090820312e+01
3.425259399414062500e+01
3.396852874755859375e+01
3.339998626708984375e+01
3.354195404052734375e+01
3.283838653564453125e+01
3.275796890258789062e+01
3.287825012207031250e+01
3.399505233764648438e+01
3.506524276733398438e+01
3.560958480834960938e+01
3.508602523803710938e+01
3.459261703491210938e+01
3.419990539550781250e+01
3.339184188842773438e+01
3.351091766357421875e+01
3.425380325317382812e+01
3.513249588012695312e+01
3.544039535522460938e+01
3.482963562011718750e+01
3.490425872802734375e+01
3.553506088256835938e+01
3.492736816406250000e+01
3.482175827026367188e+01
3.534030914306640625e+01
3.541468048095703125e+01
3.533660888671875000e+01
3.574077987670898438e+01
3.656648254394531250e+01
3.633362197875976562e+01
3.598038864135742188e+01
3.528776931762695312e+01
3.601249694824218750e+01
3.694445419311523438e+01
3.681686401367187500e+01
3.669569778442382812e+01
3.568428421020507812e+01
3.542788314819335938e+01
3.545804214477539062e+01
3.599050903320312500e+01
3.554853439331054688e+01
3.529686737060546875e+01
3.523036575317382812e+01
3.559089279174804688e+01
3.546989440917968750e+01
3.531761169433593750e+01
3.615189743041992188e+01
3.689410018920898438e+01
3.709648895263671875e+01
3.693284225463867188e+01
3.746322631835937500e+01
3.696681213378906250e+01
3.648542022705078125e+01
3.673964309692382812e+01
3.714586257934570312e+01
3.634299468994140625e+01
3.693170547485351562e+01
3.729556655883789062e+01
3.838209915161132812e+01
3.951576232910156250e+01
3.979113388061523438e+01
4.011942291259765625e+01
3.915774917602539062e+01
3.862046051025390625e+01
3.937828826904296875e+01
3.936425399780273438e+01
3.833233642578125000e+01
3.779058456420898438e+01
3.877716827392578125e+01
3.896421432495117188e+01
3.886302185058593750e+01
3.870192337036132812e+01
3.869681549072265625e+01
3.914356231689453125e+01
3.915844726562500000e+01
3.833184814453125000e+01
3.810312652587890625e+01
3.861857604980468750e+01
3.890157318115234375e+01
3.866981887817382812e+01
3.838394927978515625e+01
3.811304855346679688e+01
3.787891387939453125e+01
3.851942443847656250e+01
3.985581588745117188e+01
3.972844696044921875e+01
3.973343276977539062e+01
3.936018753051757812e+01
3.945070648193359375e+01
4.065102386474609375e+01
4.142015075683593750e+01
4.274876785278320312e+01
4.193948745727539062e+01
4.199806976318359375e+01
4.184081649780273438e+01
4.155961990356445312e+01
4.025917816162109375e+01
3.872499084472656250e+01
3.815479660034179688e+01
3.944487380981445312e+01
4.041294479370117188e+01
4.019162750244140625e+01
4.075883865356445312e+01
4.160035324096679688e+01
4.219618606567382812e+01
4.162672042846679688e+01
4.214244461059570312e+01
4.198505401611328125e+01
4.274757003784179688e+01
4.379054260253906250e+01
4.400798416137695312e+01
4.307976913452148438e+01
4.247282791137695312e+01
4.230301666259765625e+01
4.226064300537109375e+01
4.256710815429687500e+01
4.179625320434570312e+01
4.220262527465820312e+01
4.365226364135742188e+01
4.568486404418945312e+01
4.445307922363281250e+01
4.350198364257812500e+01
4.314595413208007812e+01
4.351839447021484375e+01
4.283744049072265625e+01
4.256758499145507812e+01
4.294224929809570312e+01
4.417441177368164062e+01
4.484476470947265625e+01
4.503357315063476562e+01
4.466002273559570312e+01
4.380528259277343750e+01
4.519992446899414062e+01
4.474688720703125000e+01
4.455245971679687500e+01
4.545748901367187500e+01
4.662876892089843750e+01
4.665010070800781250e+01
4.575248336791992188e+01
4.472049331665039062e+01
4.552640151977539062e+01
4.585719680786132812e+01
4.596101760864257812e+01
4.618418121337890625e+01
4.516538619995117188e+01
4.486446380615234375e+01
4.560708618164062500e+01
4.688899612426757812e+01
4.674566650390625000e+01
4.548077011108398438e+01
4.558894729614257812e+01
4.637145614624023438e+01
4.661629486083984375e+01
4.606540298461914062e+01
4.594631576538085938e+01
4.548025131225585938e+01
4.699518203735351562e+01
4.847409820556640625e+01
4.870314407348632812e+01
4.769224929809570312e+01
4.776714706420898438e+01
4.867246627807617188e+01
4.929352569580078125e+01
4.779042434692382812e+01
4.732423782348632812e+01
4.712907028198242188e+01
4.682119369506835938e+01
4.687345123291015625e+01
4.714575958251953125e+01
4.753297042846679688e+01
4.775220870971679688e+01
4.905623626708984375e+01
4.825299453735351562e+01
4.838022232055664062e+01
4.931721115112304688e+01
4.987454605102539062e+01
4.977672958374023438e+01
5.009064102172851562e+01
5.006832122802734375e+01
4.963814926147460938e+01
4.976433181762695312e+01
5.101063156127929688e+01
5.013712692260742188e+01
4.939639282226562500e+01
4.978635787963867188e+01
5.073612594604492188e+01
4.958320236206054688e+01
4.857992935180664062e+01
4.879324340820312500e+01
5.031303787231445312e+01
5.108720016479492188e+01
5.132241821289062500e+01
5.169788360595703125e+01
5.071908187866210938e+01
5.069520568847656250e+01
5.147632980346679688e+01
5.237772369384765625e+01
5.298286056518554688e+01
5.251815032958984375e+01
5.253857040405273438e+01
5.140033340454101562e+01
5.018107986450195312e+01
4.992736816406250000e+01
5.115109634399414062e+01
5.155444717407226562e+01
5.141237640380859375e+01
5.204328918457031250e+01
5.289424514770507812e+01
5.352206420898437500e+01
5.213494491577148438e+01
5.179513549804687500e+01
5.306884384155273438e+01
5.415242004394531250e+01
5.388254165649414062e+01
5.395587539672851562e+01
5.349583435058593750e+01
5.275667953491210938e+01
5.180859756469726562e+01
5.208458328247070312e+01
5.345252609252929688e+01
5.388715744018554688e+01
5.385940551757812500e+01
5.469107818603515625e+01
5.415011978149414062e+01
5.344787979125976562e+01
5.392805099487304688e+01
5.503978347778320312e+01
5.469431304931640625e+01
5.421842575073242188e+01
5.517413711547851562e+01
5.550620269775390625e+01
5.410682678222656250e+01
5.297792053222656250e+01
5.231785964965820312e+01
5.244627761840820312e+01
5.457198333740234375e+01
5.512038421630859375e+01
5.558123397827148438e+01
5.666949844360351562e+01
5.743550109863281250e+01
5.592745971679687500e+01
5.484732055664062500e+01
5.494432067871093750e+01
5.454341888427734375e+01
5.495146560668945312e+01
5.565690994262695312e+01
5.616574096679687500e+01
5.587252426147460938e+01
5.520430374145507812e+01
5.410067367553710938e+01
5.467427444458007812e+01
5.473236846923828125e+01
5.489065551757812500e+01
5.490863418579101562e+01
5.602756118774414062e+01
5.626421356201171875e+01
5.674163818359375000e+01
5.667623519897460938e+01
5.569808959960937500e+01
5.487868499755859375e+01
5.441354370117187500e+01
5.476567840576171875e+01
5.586081695556640625e+01
5.638830566406250000e+01
5.655846023559570312e+01
5.649838256835937500e+01
5.677549743652343750e+01
5.704682159423828125e+01
5.687833404541015625e+01
5.739578247070312500e+01
5.745450973510742188e+01
5.713101959228515625e+01
5.679505538940429688e+01
5.629114532470703125e+01
5.635978698730468750e+01
5.717552947998046875e+01
5.917502212524414062e+01
6.034116363525390625e+01
6.185350418090820312e+01
6.101115798950195312e+01
6.002878570556640625e+01
5.869812011718750000e+01
5.863363265991210938e+01
5.757501602172851562e+01
5.717034149169921875e+01
5.787083053588867188e+01
5.820451354980468750e+01
5.805149841308593750e+01
5.770291137695312500e+01
5.777214050292968750e+01
5.785380172729492188e+01
5.805459976196289062e+01
5.830847549438476562e+01
5.851608657836914062e+01
5.842035675048828125e+01
5.705227279663085938e+01
5.685560607910156250e+01
5.691919708251953125e+01
5.938617706298828125e+01
6.066535186767578125e+01
6.182853698730468750e+01
6.156468963623046875e+01
6.162281799316406250e+01
6.187362289428710938e+01
6.069938278198242188e+01
5.921430969238281250e+01
5.696048355102539062e+01
5.636548233032226562e+01
5.757304000854492188e+01
5.935322189331054688e+01
5.916138458251953125e+01
5.855499267578125000e+01
5.775326919555664062e+01
5.811360931396484375e+01
5.828116989135742188e+01
5.808079528808593750e+01
5.890359878540039062e+01
5.923637390136718750e+01
5.893918609619140625e+01
5.869488906860351562e+01
5.893365478515625000e+01
5.996910858154296875e+01
6.040253067016601562e+01
5.979678344726562500e+01
5.778374099731445312e+01
5.587597656250000000e+01
5.595055007934570312e+01
5.724371719360351562e+01
5.809481430053710938e+01
5.679545211791992188e+01
5.728894424438476562e+01
5.748252868652343750e+01
5.837937927246093750e+01
5.838635635375976562e+01
5.845042037963867188e+01
5.813491058349609375e+01
5.709124755859375000e+01
5.736296463012695312e+01
5.760491180419921875e+01
5.748983383178710938e+01
5.732307052612304688e+01
5.689936065673828125e+01
5.695088958740234375e+01
5.785283279418945312e+01
5.816341018676757812e+01
5.703114700317382812e+01
5.634641265869140625e+01
5.634093856811523438e+01
5.554978561401367188e+01
5.435289001464843750e+01
5.442369842529296875e+01
5.549575805664062500e+01
5.703580856323242188e+01
5.777373123168945312e+01
5.702322387695312500e+01
5.602568435668945312e+01
5.399010467529296875e+01
5.319765853881835938e+01
5.381979751586914062e+01
5.450000762939453125e+01
5.539868164062500000e+01
5.502334213256835938e+01
5.402848815917968750e+01
5.497113418579101562e+01
5.494084548950195312e+01
5.508760833740234375e+01
5.587515258789062500e+01
5.452638626098632812e+01
5.358538818359375000e+01
5.376445007324218750e+01
5.477875518798828125e+01
5.451411819458007812e+01
5.411372375488281250e+01
5.302330398559570312e+01
5.407072067260742188e+01
5.569504165649414062e+01
5.650384140014648438e+01
5.593747329711914062e+01
5.577779006958007812e+01
5.563384246826171875e+01
5.460214233398437500e+01
5.374656295776367188e+01
5.417207336425781250e+01
5.417034912109375000e+01
5.410732650756835938e+01
5.352822113037109375e+01
5.365719223022460938e+01
5.302510070800781250e+01
5.373169326782226562e+01
5.422860336303710938e+01
5.461904144287109375e+01
5.451216888427734375e+01
5.411884307861328125e+01
5.285419845581054688e+01
5.213938903808593750e+01
5.181287384033203125e+01
5.172888183593750000e+01
5.175578689575195312e+01
5.124484252929687500e+01
5.125954818725585938e+01
5.131927108764648438e+01
5.205041503906250000e+01
5.178104782104492188e+01
5.139640426635742188e+01
5.120089721679687500e+01
5.162117767333984375e+01
5.099995803833007812e+01
4.960816955566406250e+01
4.923190689086914062e+01
4.916333007812500000e+01
5.024269485473632812e+01
5.070802307128906250e+01
5.093452453613281250e+01
5.087918090820312500e+01
5.049814224243164062e+01
5.069958496093750000e+01
4.956081390380859375e+01
4.952165985107421875e+01
4.912321853637695312e+01
4.961798477172851562e+01
4.893174362182617188e+01
4.864770507812500000e+01
4.807653427124023438e+01
4.817720794677734375e+01
4.741050338745117188e+01
4.732180404663085938e+01
4.830613327026367188e+01
4.840221786499023438e+01
4.746389389038085938e+01
4.697428894042968750e+01
4.672600173950195312e+01
4.788016128540039062e+01
4.850691223144531250e+01
4.825614547729492188e+01
4.694302749633789062e+01
4.617680358886718750e+01
4.602213668823242188e+01
4.621673965454101562e+01
4.652480316162109375e+01
4.578740692138671875e+01
4.651323318481445312e+01
4.746893692016601562e+01
4.700077056884765625e+01
4.498508071899414062e+01
4.425828170776367188e+01
4.511256027221679688e+01
4.661869812011718750e+01
4.717873001098632812e+01
4.680907821655273438e+01
4.651171112060546875e+01
4.561393356323242188e+01
4.513934707641601562e+01
4.579292297363281250e+01
4.619647216796875000e+01
4.610512161254882812e+01
4.529637908935546875e+01
4.479041671752929688e+01
4.357902908325195312e+01
4.419018554687500000e+01
4.480047225952148438e+01
4.454323959350585938e+01
4.370096588134765625e+01
4.364854049682617188e+01
4.408236312866210938e+01
4.419203186035156250e+01
4.489363098144531250e+01
4.542034530639648438e+01
4.517944335937500000e+01
4.409219741821289062e+01
4.275337219238281250e+01
4.227040863037109375e+01
4.239460372924804688e+01
4.195546722412109375e+01
4.167814254760742188e+01
4.220380783081054688e+01
4.364208984375000000e+01
4.439744567871093750e+01
4.415819549560546875e+01
4.372548675537109375e+01
4.254905700683593750e+01
4.243758010864257812e+01
4.328132247924804688e+01
4.375299453735351562e+01
4.261795043945312500e+01
4.164485931396484375e+01
4.145079421997070312e+01
4.181944274902343750e+01
4.208279800415039062e+01
4.230784606933593750e+01
4.236966705322265625e+01
4.167920684814453125e+01
4.128736877441406250e+01
4.056320953369140625e+01
4.037380218505859375e+01
4.058905792236328125e+01
4.142090988159179688e+01
4.143574142456054688e+01
4.162795639038085938e+01
4.232435226440429688e+01
4.143057632446289062e+01
3.964577865600585938e+01
3.971496582031250000e+01
4.043395996093750000e+01
3.993227767944335938e+01
3.971164321899414062e+01
3.965544891357421875e+01
4.050841140747070312e+01
4.082004928588867188e+01
4.034336090087890625e+01
3.970832061767578125e+01
3.973141860961914062e+01
3.964833450317382812e+01
3.909139633178710938e+01
3.944538497924804688e+01
3.960862731933593750e+01
3.930280685424804688e+01
3.952519989013671875e+01
4.039570617675781250e+01
4.106719589233398438e+01
4.049737930297851562e+01
4.008197021484375000e+01
3.954640197753906250e+01
3.881668090820312500e+01
3.932643508911132812e+01
3.963899612426757812e+01
3.952693939208984375e+01
3.893233489990234375e+01
3.916986846923828125e+01
4.010208129882812500e+01
4.022475051879882812e+01
4.049002456665039062e+01
4.010478210449218750e+01
3.947150802612304688e+01
3.867860031127929688e+01
3.957406616210937500e+01
3.945216751098632812e+01
3.955666732788085938e+01
3.927820587158203125e+01
3.851789093017578125e+01
3.873369216918945312e+01
3.879180908203125000e+01
3.807026672363281250e+01
3.727708816528320312e+01
3.728183364868164062e+01
3.850838851928710938e+01
4.003640747070312500e+01
4.036626815795898438e+01
3.935870742797851562e+01
3.922894287109375000e+01
3.947763442993164062e+01
3.990370559692382812e+01
3.861666107177734375e+01
3.859539031982421875e+01
3.895676040649414062e+01
3.891860961914062500e+01
3.771372222900390625e+01
3.794277572631835938e+01
3.844844436645507812e+01
3.919223785400390625e+01
3.906558609008789062e+01
3.859647750854492188e+01
3.876386642456054688e+01
3.980696105957031250e+01
3.928458404541015625e+01
3.804097747802734375e+01
3.827114868164062500e+01
3.875564956665039062e+01
3.832963562011718750e+01
3.784101486206054688e+01
3.865515136718750000e+01
3.889505767822265625e+01
3.841546249389648438e+01
3.787022781372070312e+01
3.789882278442382812e+01
3.846335601806640625e+01
3.905344772338867188e+01
3.980045700073242188e+01
3.955789184570312500e+01
3.892076110839843750e+01
3.928316497802734375e+01
4.011762619018554688e+01
4.022963333129882812e+01
4.025521087646484375e+01
3.907768630981445312e+01
3.844055557250976562e+01
3.891068649291992188e+01
3.922135925292968750e+01
3.961888504028320312e+01
3.903870391845703125e+01
3.920783615112304688e+01
3.895061492919921875e+01
3.850431823730468750e+01
3.774269104003906250e+01
3.873528289794921875e+01
3.970318984985351562e+01
4.030411148071289062e+01
4.065953826904296875e+01
4.063360977172851562e+01
4.046337509155273438e+01
3.998959350585937500e+01
3.962138366699218750e+01
3.893871688842773438e+01
3.971894836425781250e+01
4.063130569458007812e+01
4.145684814453125000e+01
4.088742446899414062e+01
4.039509963989257812e+01
4.095666503906250000e+01
4.117018508911132812e+01
4.102380752563476562e+01
3.970116806030273438e+01
4.033332824707031250e+01
4.086173248291015625e+01
4.075771331787109375e+01
4.025267791748046875e+01
4.035453033447265625e+01
4.117206192016601562e+01
4.068724060058593750e+01
3.965265274047851562e+01
3.919956588745117188e+01
4.009040069580078125e+01
4.068065261840820312e+01
4.058876800537109375e+01
4.097873687744140625e+01
4.123283004760742188e+01
4.077315139770507812e+01
4.052131271362304688e+01
4.029984664916992188e+01
4.025843811035156250e+01
4.042160797119140625e+01
4.137049102783203125e+01
4.241373825073242188e+01
4.189533996582031250e+01
4.027269363403320312e+01
3.970269393920898438e+01
4.018496322631835938e+01
4.130626678466796875e+01
4.246631240844726562e+01
4.291166687011718750e+01
4.239656066894531250e+01
4.278397750854492188e+01
4.265816116333007812e+01
4.338045120239257812e+01
4.360085296630859375e+01
4.370275497436523438e+01
4.314053344726562500e+01
4.200927734375000000e+01
4.275175476074218750e+01
4.342585372924804688e+01
4.382883071899414062e+01
4.341185379028320312e+01
4.384418869018554688e+01
4.379161453247070312e+01
4.422958374023437500e+01
4.391468811035156250e+01
4.413549041748046875e+01
4.314520645141601562e+01
4.291625213623046875e+01
4.304074859619140625e+01
4.384408187866210938e+01
4.429044723510742188e+01
4.333217239379882812e+01
4.320522308349609375e+01
4.318568801879882812e+01
4.336622619628906250e+01
4.334013366699218750e+01
4.392072296142578125e+01
4.471365356445312500e+01
4.422139358520507812e+01
4.477067565917968750e+01
4.528058242797851562e+01
4.530306243896484375e+01
4.488918304443359375e+01
4.501390457153320312e+01
4.557125091552734375e+01
4.617826080322265625e+01
4.762290573120117188e+01
4.828695678710937500e+01
4.781468200683593750e+01
4.639602661132812500e+01
4.523853302001953125e+01
4.502031707763671875e+01
4.658193969726562500e+01
4.886752319335937500e+01
4.860110855102539062e+01
4.706199645996093750e+01
4.652310943603515625e+01
4.811293792724609375e+01
4.916746902465820312e+01
4.832173919677734375e+01
4.732173919677734375e+01
4.685756683349609375e+01
4.773469924926757812e+01
4.882015609741210938e+01
4.902269744873046875e+01
4.775466537475585938e+01
4.724858856201171875e+01
4.707936096191406250e+01
4.863690948486328125e+01
4.817986679077148438e+01
4.826950836181640625e+01
4.884812164306640625e+01
4.915950012207031250e+01
4.829714965820312500e+01
4.753755950927734375e+01
4.769506454467773438e+01
4.731859970092773438e+01
4.676605987548828125e+01
4.664766693115234375e+01
4.697565078735351562e+01
4.786954116821289062e+01
4.833476638793945312e+01
4.901142501831054688e+01
4.787166595458984375e+01
4.695246505737304688e+01
4.599703216552734375e+01
4.633285522460937500e+01
4.723532485961914062e+01
4.804619216918945312e+01
4.820843505859375000e+01
4.745429229736328125e+01
4.737589645385742188e+01
4.674306488037109375e+01
4.608679580688476562e+01
4.681411361694335938e+01
4.953165817260742188e+01
5.117192840576171875e+01
4.905189895629882812e+01
4.726402664184570312e+01
4.774314117431640625e+01
4.776951599121093750e+01
4.727220153808593750e+01
4.759967041015625000e+01
4.831998825073242188e+01
4.826782226562500000e+01
4.802440261840820312e+01
4.803599929809570312e+01
4.723798751831054688e+01
4.844278717041015625e+01
4.921685409545898438e+01
4.970729446411132812e+01
4.863962173461914062e+01
4.713381958007812500e+01
4.563314819335937500e+01
4.603628158569335938e+01
4.665198135375976562e+01
4.769321823120117188e+01
4.768781661987304688e+01
4.739889526367187500e+01
4.668273544311523438e+01
4.736363220214843750e+01
4.890773773193359375e+01
4.952496337890625000e+01
4.879523086547851562e+01
4.912613296508789062e+01
4.889712905883789062e+01
4.867301177978515625e+01
4.862289428710937500e+01
4.916443252563476562e+01
4.823570251464843750e+01
4.717205810546875000e+01
4.632221984863281250e+01
4.723919677734375000e+01
4.887624359130859375e+01
4.914424896240234375e+01
4.855445098876953125e+01
4.774819946289062500e+01
4.793143844604492188e+01
4.771782684326171875e+01
4.744247817993164062e+01
4.688356018066406250e+01
4.769142913818359375e+01
4.883551788330078125e+01
4.839202499389648438e+01
4.890088653564453125e+01
4.944665527343750000e+01
5.019974899291992188e+01
4.988088607788085938e+01
4.951693725585937500e+01
4.838514328002929688e+01
4.815579223632812500e+01
4.816069793701171875e+01
4.905223464965820312e+01
4.916938018798828125e+01
4.781336593627929688e+01
4.700536727905273438e+01
4.662307357788085938e+01
4.721511459350585938e+01
4.738425445556640625e+01
4.769757461547851562e+01
4.739137649536132812e+01
4.768854141235351562e+01
4.742814636230468750e+01
4.763416290283203125e+01
4.777810287475585938e+01
4.829538345336914062e+01
4.797352981567382812e+01
4.659212875366210938e+01
4.602709960937500000e+01
4.557350158691406250e+01
4.615343093872070312e+01
4.670808410644531250e+01
4.744256973266601562e+01
4.722687149047851562e+01
4.710320663452148438e+01
4.771915817260742188e+01
4.809622192382812500e+01
4.770912170410156250e+01
4.747769546508789062e+01
4.747639846801757812e+01
4.731063079833984375e+01
4.748389434814453125e+01
4.847765731811523438e+01
4.931068420410156250e+01
4.765025711059570312e+01
4.685319900512695312e+01
4.682627868652343750e+01
4.686172866821289062e+01
4.646908569335937500e+01
4.580162429809570312e+01
4.478580093383789062e+01
4.509371948242187500e+01
4.536923217773437500e+01
4.584315490722656250e+01
4.622702407836914062e+01
4.598617935180664062e+01
4.644361114501953125e+01
4.662572097778320312e+01
4.644861602783203125e+01
4.656683731079101562e+01
4.743270874023437500e+01
4.673211288452148438e+01
4.605897903442382812e+01
4.574695968627929688e+01
4.636233139038085938e+01
4.658483123779296875e+01
4.687796020507812500e+01
4.752457427978515625e+01
4.782064437866210938e+01
4.743039321899414062e+01
4.647458648681640625e+01
4.564952087402343750e+01
4.555983734130859375e+01
4.573321914672851562e+01
4.616934204101562500e+01
4.625973129272460938e+01
4.608296203613281250e+01
4.603916931152343750e+01
4.539271545410156250e+01
4.551161956787109375e+01
4.529504776000976562e+01
4.599638366699218750e+01
4.632996749877929688e+01
4.675096130371093750e+01
4.711026763916015625e+01
4.651479339599609375e+01
4.511423110961914062e+01
4.438419723510742188e+01
4.466210556030273438e+01
4.550593185424804688e+01
4.651906967163085938e+01
4.640686416625976562e+01
4.575001144409179688e+01
4.615271759033203125e+01
4.708859634399414062e+01
4.731826782226562500e+01
4.644039916992187500e+01
4.509795761108398438e+01
4.405417633056640625e+01
4.461115264892578125e+01
4.561021041870117188e+01
4.541036605834960938e+01
4.410263442993164062e+01
4.441244125366210938e+01
4.550368881225585938e+01
4.634822463989257812e+01
4.534395599365234375e+01
4.508828735351562500e+01
4.416408920288085938e+01
4.432538986206054688e+01
4.347661209106445312e+01
4.384561157226562500e+01
4.436987304687500000e+01
4.454955291748046875e+01
4.373792266845703125e+01
4.309241104125976562e+01
4.273031234741210938e+01
4.291236114501953125e+01
4.304637908935546875e+01
4.353845596313476562e+01
4.401504135131835938e+01
4.441613769531250000e+01
4.380615615844726562e+01
4.398261260986328125e+01
4.387679290771484375e+01
4.394749832153320312e+01
4.482936477661132812e+01
4.536174011230468750e+01
4.436312103271484375e+01
4.326753616333007812e+01
4.287032318115234375e+01
4.268052291870117188e+01
4.330305480957031250e+01
4.319851303100585938e+01
4.302893447875976562e+01
4.290512847900390625e+01
4.354900741577148438e+01
4.347024536132812500e+01
4.306279754638671875e+01
4.273061752319335938e+01
4.246800231933593750e+01
4.263046264648437500e+01
4.234820556640625000e+01
4.239463043212890625e+01
4.209034729003906250e+01
4.215091705322265625e+01
4.234743118286132812e+01
4.280216598510742188e+01
4.401855087280273438e+01
4.375896453857421875e+01
4.260166168212890625e+01
4.115305709838867188e+01
4.168770980834960938e+01
4.183236312866210938e+01
4.158127593994140625e+01
4.142651367187500000e+01
4.207065200805664062e+01
4.187985610961914062e+01
4.074828338623046875e+01
3.950069046020507812e+01
4.064195251464843750e+01
4.232117843627929688e+01
4.284878540039062500e+01
4.249131011962890625e+01
4.204856491088867188e+01
4.181604766845703125e+01
4.149477386474609375e+01
4.071846389770507812e+01
4.104346466064453125e+01
4.076060867309570312e+01
4.042583847045898438e+01
4.006092834472656250e+01
4.063590621948242188e+01
4.117919540405273438e+01
4.106853866577148438e+01
4.048342132568359375e+01
4.060003280639648438e+01
4.102421188354492188e+01
4.117522430419921875e+01
4.097574234008789062e+01
4.139228439331054688e+01
4.012951660156250000e+01
4.009961318969726562e+01
4.031658554077148438e+01
4.044871902465820312e+01
4.062209320068359375e+01
4.086783218383789062e+01
4.077378845214843750e+01
4.036593627929687500e+01
3.962075424194335938e+01
3.934018707275390625e+01
3.947734451293945312e+01
3.970425033569335938e+01
3.918536758422851562e+01
3.886983489990234375e+01
3.861704635620117188e+01
3.907566833496093750e+01
3.934723281860351562e+01
4.016073608398437500e+01
3.908346176147460938e+01
3.834984970092773438e+01
3.786583709716796875e+01
3.817082977294921875e+01
3.815934753417968750e+01
3.797079086303710938e+01
3.874440765380859375e+01
3.918242263793945312e+01
3.986345291137695312e+01
4.028968429565429688e+01
4.066202926635742188e+01
4.006171035766601562e+01
3.934489822387695312e+01
3.965361404418945312e+01
3.921886825561523438e+01
3.862022781372070312e+01
3.874383163452148438e+01
3.923600769042968750e+01
3.896971130371093750e+01
3.796733474731445312e+01
3.744789886474609375e+01
3.759156417846679688e+01
3.755583572387695312e+01
3.729804992675781250e+01
3.715216064453125000e+01
3.777865219116210938e+01
3.816874313354492188e+01
3.897102355957031250e+01
3.945613479614257812e+01
3.926396179199218750e+01
3.807923126220703125e+01
3.747543716430664062e+01
3.813542556762695312e+01
3.766874313354492188e+01
3.654159927368164062e+01
3.597120285034179688e+01
3.723862457275390625e+01
3.728119659423828125e+01
3.721239089965820312e+01
3.747121810913085938e+01
3.699590682983398438e+01
3.691143798828125000e+01
3.683733749389648438e+01
3.692602157592773438e+01
3.748168945312500000e+01
3.791003036499023438e+01
3.768846130371093750e+01
3.720241546630859375e+01
3.766644668579101562e+01
3.772432327270507812e+01
3.680068206787109375e+01
3.592034149169921875e+01
3.559869766235351562e+01
3.571355056762695312e+01
3.652494049072265625e+01
3.745051956176757812e+01
3.764497756958007812e+01
3.818828201293945312e+01
3.957514953613281250e+01
3.952819824218750000e+01
3.886566543579101562e+01
3.778282546997070312e+01
3.660461425781250000e+01
3.666911697387695312e+01
3.666289138793945312e+01
3.705778121948242188e+01
3.681688690185546875e+01
3.735320281982421875e+01
3.697919845581054688e+01
3.705913925170898438e+01
3.679632949829101562e+01
3.694160842895507812e+01
3.601327514648437500e+01
3.690275573730468750e+01
3.676404953002929688e+01
3.800877380371093750e+01
3.769226074218750000e+01
3.783597183227539062e+01
3.751884460449218750e+01
3.717751693725585938e+01
3.694676971435546875e+01
3.728371047973632812e+01
3.777134323120117188e+01
3.772016906738281250e+01
3.687054824829101562e+01
3.650847625732421875e+01
3.677764892578125000e+01
3.627175903320312500e+01
3.596630096435546875e+01
3.605308151245117188e+01
3.594715118408203125e+01
3.550104141235351562e+01
3.526910400390625000e+01
3.517000961303710938e+01
3.487639617919921875e+01
3.620981216430664062e+01
3.688737487792968750e+01
3.626462554931640625e+01
3.513912582397460938e+01
3.487251281738281250e+01
3.487039184570312500e+01
3.407501983642578125e+01
3.456132507324218750e+01
3.515736770629882812e+01
3.599150466918945312e+01
3.609135437011718750e+01
3.683027648925781250e+01
3.684983444213867188e+01
3.756399154663085938e+01
3.775272369384765625e+01
3.761454391479492188e+01
3.712615966796875000e+01
3.627917480468750000e+01
3.636268997192382812e+01
3.516637802124023438e+01
3.519526672363281250e+01
3.544552230834960938e+01
3.665378570556640625e+01
3.628318786621093750e+01
3.577484130859375000e+01
3.553731918334960938e+01
3.545127105712890625e+01
3.574419403076171875e+01
3.495650863647460938e+01
3.395592880249023438e+01
3.389013671875000000e+01
3.408882904052734375e+01
3.501221466064453125e+01
3.529983520507812500e+01
3.625060653686523438e+01
3.606719207763671875e+01
3.595627593994140625e+01
3.478783035278320312e+01
3.485175323486328125e+01
3.582430267333984375e+01
3.701252365112304688e+01
3.694448471069335938e+01
3.553117370605468750e+01
3.442080688476562500e+01
3.444388198852539062e+01
3.606111145019531250e+01
3.627691268920898438e+01
3.670772552490234375e+01
3.587372589111328125e+01
3.525534057617187500e+01
3.479889297485351562e+01
3.542776870727539062e+01
3.607074737548828125e+01
3.485669326782226562e+01
3.378586959838867188e+01
3.325655746459960938e+01
3.247760772705078125e+01
3.209004974365234375e+01
3.236607742309570312e+01
3.422486114501953125e+01
3.548789215087890625e+01
3.572820281982421875e+01
3.500234985351562500e+01
3.440982055664062500e+01
3.472934722900390625e+01
3.556222915649414062e+01
3.571331024169921875e+01
3.626050186157226562e+01
3.567615890502929688e+01
3.530034637451171875e+01
3.478156661987304688e+01
3.421345138549804688e+01
3.448230743408203125e+01
3.470338058471679688e+01
3.595522689819335938e+01
3.636875915527343750e+01
3.530371093750000000e+01
3.390843582153320312e+01
3.319122695922851562e+01
3.296060180664062500e+01
3.314262771606445312e+01
3.316666030883789062e+01
3.332727050781250000e+01
3.318054580688476562e+01
3.351905441284179688e+01
3.360843658447265625e+01
3.424388504028320312e+01
3.486153030395507812e+01
3.568237686157226562e+01
3.603036880493164062e+01
3.538832855224609375e+01
3.444099426269531250e+01
3.420384216308593750e+01
3.512365341186523438e+01
3.438155746459960938e+01
3.462487792968750000e+01
3.465010452270507812e+01
3.504814147949218750e+01
3.393230056762695312e+01
3.328867340087890625e+01
3.336664199829101562e+01
3.366035842895507812e+01
3.394812774658203125e+01
3.431861877441406250e+01
3.390890502929687500e+01
3.393395614624023438e+01
3.438301849365234375e+01
3.385865783691406250e+01
3.362480545043945312e+01
3.439354705810546875e+01
3.568707275390625000e+01
3.551163101196289062e+01
3.467465591430664062e+01
3.395378875732421875e+01
3.439068222045898438e+01
3.470378494262695312e+01
3.486862945556640625e+01
3.381463241577148438e+01
3.285073089599609375e+01
3.158304977416992188e+01
3.128399848937988281e+01
3.186918830871582031e+01
3.228345489501953125e+01
3.233337020874023438e+01
3.254119491577148438e+01
3.295887374877929688e+01
3.279533386230468750e+01
3.300843429565429688e+01
3.304919052124023438e+01
3.352693939208984375e+01
3.446854019165039062e+01
3.611370468139648438e+01
3.622246551513671875e+01
3.490226745605468750e+01
3.492917251586914062e+01
3.538064956665039062e+01
3.510219573974609375e+01
3.327090835571289062e+01
3.215172195434570312e+01
3.247037887573242188e+01
3.343148422241210938e+01
3.366880798339843750e+01
3.259149551391601562e+01
3.227802658081054688e+01
3.281055450439453125e+01
3.381943893432617188e+01
3.387266540527343750e+01
3.327456665039062500e+01
3.310266113281250000e+01
3.287977600097656250e+01
3.316688919067382812e+01
3.222189712524414062e+01
3.365393829345703125e+01
3.542038345336914062e+01
3.634033584594726562e+01
3.561701202392578125e+01
3.481872558593750000e+01
3.494437408447265625e+01
3.398233795166015625e+01
3.390008544921875000e+01
3.362268066406250000e+01
3.428824615478515625e+01
3.417627716064453125e+01
3.433308792114257812e+01
3.424400329589843750e+01
3.397092437744140625e+01
3.371480178833007812e+01
3.390212631225585938e+01
3.346595382690429688e+01
3.378642272949218750e+01
3.365687561035156250e+01
3.459417724609375000e+01
3.312787246704101562e+01
3.303131484985351562e+01
3.210552215576171875e+01
3.252502441406250000e+01
3.258006668090820312e+01
3.320196151733398438e+01
3.374161529541015625e+01
3.484420394897460938e+01
3.561100006103515625e+01
3.487798690795898438e+01
3.386010360717773438e+01
3.344554901123046875e+01
3.327613067626953125e+01
3.324524688720703125e+01
3.307273483276367188e+01
3.327301025390625000e+01
3.203298187255859375e+01
3.229143142700195312e+01
3.216817855834960938e+01
3.319527816772460938e+01
3.405939102172851562e+01
3.448279571533203125e+01
3.468741989135742188e+01
3.431254959106445312e+01
3.455507278442382812e+01
3.488637542724609375e+01
3.453216934204101562e+01
3.303990173339843750e+01
3.120284843444824219e+01
3.285355758666992188e+01
3.449539947509765625e+01
3.563491439819335938e+01
3.446854400634765625e+01
3.334131240844726562e+01
3.377959442138671875e+01
3.449792098999023438e+01
3.450991821289062500e+01
3.350584793090820312e+01
3.264896011352539062e+01
3.291621017456054688e+01
3.324470901489257812e+01
3.321307373046875000e+01
3.362768936157226562e+01
3.416979598999023438e+01
3.577093505859375000e+01
3.612317657470703125e+01
3.535627746582031250e+01
3.411500167846679688e+01
3.322089385986328125e+01
3.352225112915039062e+01
3.366363906860351562e+01
3.358395767211914062e+01
3.386295318603515625e+01
3.435261917114257812e+01
3.511815261840820312e+01
3.411521530151367188e+01
3.359719848632812500e+01
3.407550811767578125e+01
3.488749694824218750e+01
3.516843795776367188e+01
3.405097579956054688e+01
3.313891983032226562e+01
3.384052276611328125e+01
3.369573593139648438e+01
3.353222274780273438e+01
3.250302505493164062e+01
3.420033264160156250e+01
3.421409988403320312e+01
3.386249923706054688e+01
3.308974838256835938e+01
3.365847015380859375e+01
3.451245117187500000e+01
3.465582656860351562e+01
3.421492767333984375e+01
3.324364089965820312e+01
3.413605880737304688e+01
3.399515914916992188e+01
3.513964080810546875e+01
3.570882034301757812e+01
3.581461715698242188e+01
3.491152572631835938e+01
3.413579559326171875e+01
3.294694900512695312e+01
3.308372879028320312e+01
3.336658477783203125e+01
3.359382247924804688e+01
3.253173065185546875e+01
3.287527847290039062e+01
3.292701339721679688e+01
3.298128509521484375e+01
3.190678977966308594e+01
3.285726928710937500e+01
3.411679458618164062e+01
3.519058227539062500e+01
3.475688171386718750e+01
3.302439880371093750e+01
3.288475418090820312e+01
3.307741165161132812e+01
3.468194961547851562e+01
3.481797409057617188e+01
3.460349273681640625e+01
3.586090087890625000e+01
3.576361465454101562e+01
3.438737106323242188e+01
3.301728439331054688e+01
3.437287521362304688e+01
3.512884902954101562e+01
3.533042144775390625e+01
3.433544158935546875e+01
3.512511825561523438e+01
3.452394104003906250e+01
3.409540557861328125e+01
3.244452667236328125e+01
3.368367004394531250e+01
3.414953231811523438e+01
3.452379608154296875e+01
3.274734115600585938e+01
3.269097518920898438e+01
3.302812576293945312e+01
3.368824768066406250e+01
3.352926254272460938e+01
3.381918716430664062e+01
3.356441879272460938e+01
3.389083480834960938e+01
3.435428237915039062e+01
3.444755554199218750e+01
3.376618576049804688e+01
3.317942810058593750e+01
3.318967056274414062e+01
3.291181945800781250e+01
3.360419082641601562e+01
3.292675018310546875e+01
3.333259582519531250e+01
3.307441329956054688e+01
3.353751373291015625e+01
3.266564941406250000e+01
3.296236038208007812e+01
3.295629119873046875e+01
3.371599578857421875e+01
3.364946746826171875e+01
3.372253036499023438e+01
3.418574905395507812e+01
3.444633865356445312e+01
3.393534851074218750e+01
3.181759643554687500e+01
3.194462585449218750e+01
3.190085220336914062e+01
3.290389251708984375e+01
3.320360565185546875e+01
3.179243087768554688e+01
2.981014633178710938e+01
2.866872024536132812e+01
2.986333847045898438e+01
3.095609664916992188e+01
3.220580291748046875e+01
3.306571578979492188e+01
3.333734512329101562e+01
3.481311416625976562e+01
3.458884048461914062e+01
3.501006317138671875e+01
3.365409088134765625e+01
3.490065383911132812e+01
3.465023803710937500e+01
3.497839355468750000e+01
3.539514160156250000e+01
3.522420883178710938e+01
3.409810638427734375e+01
3.290346145629882812e+01
3.137944793701171875e+01
3.123620414733886719e+01
3.300286865234375000e+01
3.659714508056640625e+01
3.802327346801757812e+01
3.620929336547851562e+01
3.457880401611328125e+01
3.366028976440429688e+01
3.328657150268554688e+01
3.169145202636718750e+01
3.133706855773925781e+01
3.082896804809570312e+01
3.130219650268554688e+01
3.177015304565429688e+01
3.316099548339843750e+01
3.491245269775390625e+01
3.506870651245117188e+01
3.389746093750000000e+01
3.315386581420898438e+01
3.272480392456054688e+01
3.308000946044921875e+01
3.406092071533203125e+01
3.455981063842773438e+01
3.265645980834960938e+01
3.039125061035156250e+01
2.990081214904785156e+01
3.255472946166992188e+01
3.401651000976562500e+01
3.670455169677734375e+01
3.631565856933593750e+01
3.518360137939453125e+01
3.177318763732910156e+01
3.198983955383300781e+01
3.112632942199707031e+01
3.071901702880859375e+01
3.119097137451171875e+01
3.150398826599121094e+01
3.115111351013183594e+01
2.976285171508789062e+01
3.026128768920898438e+01
3.163702774047851562e+01
3.267684936523437500e+01
3.021613311767578125e+01
3.081745147705078125e+01
3.294739532470703125e+01
3.660040664672851562e+01
3.812602615356445312e+01
3.763428878784179688e+01
3.782147979736328125e+01
3.659553909301757812e+01
3.631500625610351562e+01
3.529275894165039062e+01
3.516113281250000000e+01
3.331952285766601562e+01
3.437523651123046875e+01
3.425205612182617188e+01
3.532302856445312500e+01
3.468992614746093750e+01
3.260332489013671875e+01
3.128161811828613281e+01
2.968387603759765625e+01
3.042362022399902344e+01
3.080828475952148438e+01
3.182235717773437500e+01
3.280278015136718750e+01
3.669955825805664062e+01
3.746139526367187500e+01
3.700581741333007812e+01
3.752063751220703125e+01
4.051886367797851562e+01
4.027336883544921875e+01
3.387151336669921875e+01
2.983480834960937500e+01
3.028462028503417969e+01
3.426650238037109375e+01
3.506203460693359375e+01
3.327467727661132812e+01
3.165470695495605469e+01
3.338028717041015625e+01
3.143814086914062500e+01
2.859141731262207031e+01
2.558381843566894531e+01
2.699940490722656250e+01
2.997064018249511719e+01
2.911910820007324219e+01
2.963133811950683594e+01
2.496315002441406250e+01
2.621110534667968750e+01
2.866946411132812500e+01
3.359257888793945312e+01
3.711149597167968750e+01
3.783415603637695312e+01
3.783825302124023438e+01
3.492350387573242188e+01
3.617733764648437500e+01
3.425960922241210938e+01
3.489461898803710938e+01
3.485453414916992188e+01
3.651730728149414062e+01
3.225031280517578125e+01
3.157656097412109375e+01
3.059225273132324219e+01
4.129310226440429688e+01
5.238263320922851562e+01
5.056943511962890625e+01
4.803757858276367188e+01
4.045547103881835938e+01
4.149356079101562500e+01
3.722880554199218750e+01
3.322101974487304688e+01
4.001906967163085938e+01
4.090630340576171875e+01
4.784391021728515625e+01
5.623723983764648438e+01
5.932039260864257812e+01
6.041561889648437500e+01
5.790333175659179688e+01
4.974273681640625000e+01
5.484975051879882812e+01
6.570749664306640625e+01
9.250450897216796875e+01
nan
nan
nan
nan
nan
nan
nan
nan
nan
nan
