nan
nan
nan
nan
nan
nan
nan
nan
nan
nan
nan
nan
nan
nan
nan
nan
nan
nan
nan
nan
nan
nan
nan
nan
nan
nan
nan
1.057519836425781250e+02
1.024450683593750000e+02
1.012230911254882812e+02
9.826907348632812500e+01
9.923951721191406250e+01
9.974678802490234375e+01
9.942420196533203125e+01
1.004810867309570312e+02
1.036091537475585938e+02
1.017973632812500000e+02
1.022041854858398438e+02
1.032437820434570312e+02
1.057292022705078125e+02
1.012782287597656250e+02
9.836533355712890625e+01
9.898683929443359375e+01
1.037728652954101562e+02
1.051928329467773438e+02
1.044683609008789062e+02
1.036678314208984375e+02
1.041017303466796875e+02
1.056494827270507812e+02
1.021333847045898438e+02
1.008844451904296875e+02
1.007250061035156250e+02
1.038836898803710938e+02
1.060836791992187500e+02
1.070967178344726562e+02
1.093822708129882812e+02
1.075124359130859375e+02
1.059675140380859375e+02
1.029911499023437500e+02
1.032038726806640625e+02
1.043568649291992188e+02
1.044463958740234375e+02
1.026681671142578125e+02
1.016112747192382812e+02
1.028314895629882812e+02
1.036087493896484375e+02
1.052596206665039062e+02
1.046804504394531250e+02
1.032681808471679688e+02
1.016623306274414062e+02
1.012425460815429688e+02
1.027830657958984375e+02
1.028872756958007812e+02
1.025546569824218750e+02
1.034102554321289062e+02
1.038860397338867188e+02
1.050211257934570312e+02
1.035454788208007812e+02
1.024243240356445312e+02
1.002577972412109375e+02
1.041237487792968750e+02
1.037784729003906250e+02
1.027383193969726562e+02
1.017757415771484375e+02
1.029973373413085938e+02
1.044620590209960938e+02
1.015626831054687500e+02
1.021213302612304688e+02
1.021212005615234375e+02
1.030933151245117188e+02
1.040328445434570312e+02
1.045678939819335938e+02
1.052848815917968750e+02
1.070067062377929688e+02
1.072202606201171875e+02
1.055803604125976562e+02
1.060055313110351562e+02
1.052539215087890625e+02
1.053830795288085938e+02
1.043077621459960938e+02
1.031743469238281250e+02
1.008590850830078125e+02
1.000671234130859375e+02
1.025426559448242188e+02
1.057010574340820312e+02
1.065586929321289062e+02
1.049258728027343750e+02
1.023159255981445312e+02
1.006167831420898438e+02
1.002467651367187500e+02
1.006052322387695312e+02
1.028746871948242188e+02
1.050599212646484375e+02
1.040650100708007812e+02
1.037152404785156250e+02
1.043813018798828125e+02
1.052878265380859375e+02
1.049224777221679688e+02
1.032940979003906250e+02
1.018459091186523438e+02
1.003257522583007812e+02
1.017359008789062500e+02
1.014428558349609375e+02
1.022879638671875000e+02
1.020356979370117188e+02
1.061386718750000000e+02
1.077677841186523438e+02
1.055907745361328125e+02
1.037572479248046875e+02
1.026113967895507812e+02
1.045027389526367188e+02
1.040055847167968750e+02
1.031544494628906250e+02
1.032028732299804688e+02
1.050799331665039062e+02
1.056358184814453125e+02
1.052678985595703125e+02
1.041636581420898438e+02
1.032853317260742188e+02
1.041942977905273438e+02
1.036815490722656250e+02
1.021356811523437500e+02
1.027648696899414062e+02
1.016373901367187500e+02
1.035459060668945312e+02
1.047832946777343750e+02
1.050864944458007812e+02
1.048096008300781250e+02
1.048185577392578125e+02
1.037930603027343750e+02
1.038087081909179688e+02
1.041176071166992188e+02
1.039234390258789062e+02
1.049373626708984375e+02
1.056300506591796875e+02
1.058099517822265625e+02
1.068212585449218750e+02
1.066815109252929688e+02
1.074163436889648438e+02
1.060850906372070312e+02
1.066662979125976562e+02
1.073820648193359375e+02
1.075076980590820312e+02
1.074563522338867188e+02
1.059843521118164062e+02
1.066637725830078125e+02
1.060855865478515625e+02
1.065710983276367188e+02
1.060162200927734375e+02
1.062208633422851562e+02
1.066339797973632812e+02
1.078322067260742188e+02
1.074659194946289062e+02
1.059265594482421875e+02
1.055052642822265625e+02
1.048102798461914062e+02
1.056380462646484375e+02
1.058732376098632812e+02
1.059118804931640625e+02
1.075425262451171875e+02
1.077275619506835938e+02
1.075509719848632812e+02
1.050220718383789062e+02
1.033311462402343750e+02
1.021788101196289062e+02
1.037236633300781250e+02
1.047597198486328125e+02
1.040441284179687500e+02
1.043966369628906250e+02
1.045242538452148438e+02
1.065495376586914062e+02
1.082003936767578125e+02
1.089865417480468750e+02
1.086251068115234375e+02
1.073481216430664062e+02
1.082154617309570312e+02
1.084614715576171875e+02
1.091021347045898438e+02
1.101609573364257812e+02
1.092432708740234375e+02
1.089239044189453125e+02
1.065696563720703125e+02
1.054422225952148438e+02
1.058490753173828125e+02
1.054931488037109375e+02
1.050870971679687500e+02
1.040712280273437500e+02
1.020831604003906250e+02
1.008501739501953125e+02
1.017168655395507812e+02
1.035307159423828125e+02
1.052871856689453125e+02
1.057077560424804688e+02
1.056153182983398438e+02
1.049082183837890625e+02
1.040474472045898438e+02
1.044059066772460938e+02
1.048969192504882812e+02
1.065791168212890625e+02
1.063013000488281250e+02
1.049186096191406250e+02
1.037200012207031250e+02
1.041895751953125000e+02
1.040736618041992188e+02
1.041684265136718750e+02
1.033693237304687500e+02
1.042610321044921875e+02
1.049906692504882812e+02
1.073697891235351562e+02
1.088233413696289062e+02
1.078826522827148438e+02
1.075067062377929688e+02
1.075377960205078125e+02
1.065687713623046875e+02
1.044748229980468750e+02
1.035843200683593750e+02
1.049188308715820312e+02
1.062824707031250000e+02
1.070346221923828125e+02
1.069424133300781250e+02
1.058068389892578125e+02
1.045415573120117188e+02
1.034164962768554688e+02
1.047791824340820312e+02
1.070327987670898438e+02
1.082814941406250000e+02
1.085087051391601562e+02
1.099551239013671875e+02
1.106902770996093750e+02
1.115223388671875000e+02
1.130073699951171875e+02
1.155942687988281250e+02
1.196430587768554688e+02
1.213879852294921875e+02
1.200846405029296875e+02
1.163786010742187500e+02
1.116269760131835938e+02
1.082865905761718750e+02
1.057806701660156250e+02
1.044855804443359375e+02
1.045144042968750000e+02
1.050619125366210938e+02
1.054542770385742188e+02
1.047744979858398438e+02
1.054557723999023438e+02
1.053484344482421875e+02
1.052613449096679688e+02
1.057141418457031250e+02
1.048544158935546875e+02
1.049396514892578125e+02
1.039932098388671875e+02
1.035955200195312500e+02
1.046544570922851562e+02
1.056615219116210938e+02
1.046347045898437500e+02
1.035334243774414062e+02
1.025026016235351562e+02
1.019712524414062500e+02
1.042704925537109375e+02
1.061992187500000000e+02
1.060880737304687500e+02
1.060183486938476562e+02
1.054835586547851562e+02
1.057509841918945312e+02
1.058555679321289062e+02
1.045542068481445312e+02
1.051445159912109375e+02
1.045451354980468750e+02
1.042174606323242188e+02
1.035769729614257812e+02
1.026784057617187500e+02
1.017997360229492188e+02
1.018362045288085938e+02
1.011588897705078125e+02
1.012242431640625000e+02
1.008352661132812500e+02
1.005195159912109375e+02
1.005493316650390625e+02
1.018137817382812500e+02
1.045597076416015625e+02
1.062796630859375000e+02
1.066472320556640625e+02
1.040592269897460938e+02
1.013310546875000000e+02
1.000424499511718750e+02
9.825174713134765625e+01
9.860525512695312500e+01
9.874471282958984375e+01
9.963214111328125000e+01
1.001407012939453125e+02
9.948616027832031250e+01
9.976631927490234375e+01
9.862042236328125000e+01
9.862361145019531250e+01
9.786756134033203125e+01
9.788926696777343750e+01
9.787220764160156250e+01
9.757208251953125000e+01
9.944495391845703125e+01
1.008193893432617188e+02
1.001793899536132812e+02
9.953266906738281250e+01
9.780891418457031250e+01
9.778102111816406250e+01
9.850656890869140625e+01
9.892947387695312500e+01
9.872537231445312500e+01
9.750872039794921875e+01
9.767785644531250000e+01
9.915603637695312500e+01
9.887080383300781250e+01
9.845591735839843750e+01
9.728700256347656250e+01
9.816868591308593750e+01
9.949317169189453125e+01
1.001013031005859375e+02
9.906066131591796875e+01
9.680588531494140625e+01
9.569376373291015625e+01
9.591984558105468750e+01
9.739522552490234375e+01
9.812504577636718750e+01
9.704818725585937500e+01
9.602536773681640625e+01
9.545552825927734375e+01
9.603858184814453125e+01
9.512555694580078125e+01
9.568724822998046875e+01
9.564221191406250000e+01
9.640422058105468750e+01
9.619578552246093750e+01
9.582710266113281250e+01
9.628069305419921875e+01
9.628214263916015625e+01
9.750872039794921875e+01
9.771685791015625000e+01
9.829005432128906250e+01
9.863976287841796875e+01
9.822107696533203125e+01
9.706549072265625000e+01
9.553622436523437500e+01
9.339824676513671875e+01
9.230136871337890625e+01
9.283417510986328125e+01
9.383778381347656250e+01
9.567541503906250000e+01
9.530178833007812500e+01
9.517186737060546875e+01
9.391125488281250000e+01
9.306043243408203125e+01
9.268379974365234375e+01
9.251490020751953125e+01
9.279377746582031250e+01
9.293409729003906250e+01
9.275600433349609375e+01
9.156930541992187500e+01
9.208358001708984375e+01
9.149447631835937500e+01
9.282060241699218750e+01
9.401126098632812500e+01
9.502808380126953125e+01
9.530403900146484375e+01
9.376911163330078125e+01
9.254647827148437500e+01
9.342869567871093750e+01
9.207937622070312500e+01
9.160798645019531250e+01
9.052922821044921875e+01
8.907447814941406250e+01
8.905979156494140625e+01
8.865353393554687500e+01
8.974418640136718750e+01
9.035629272460937500e+01
9.068262481689453125e+01
9.063732910156250000e+01
9.099542999267578125e+01
9.027560424804687500e+01
8.994370269775390625e+01
8.876375579833984375e+01
8.805208587646484375e+01
8.812825012207031250e+01
8.863588714599609375e+01
8.910372161865234375e+01
8.947740936279296875e+01
8.814015197753906250e+01
8.755992889404296875e+01
8.852801513671875000e+01
8.937404632568359375e+01
9.052027893066406250e+01
8.996160125732421875e+01
8.809334564208984375e+01
8.681079101562500000e+01
8.615398406982421875e+01
8.657061004638671875e+01
8.650463104248046875e+01
8.649820709228515625e+01
8.775794219970703125e+01
8.927120208740234375e+01
9.080792236328125000e+01
9.132357025146484375e+01
9.114672088623046875e+01
9.287569427490234375e+01
9.342682647705078125e+01
9.235710906982421875e+01
8.953179931640625000e+01
8.871102905273437500e+01
8.912339782714843750e+01
8.860753631591796875e+01
8.910653686523437500e+01
8.755120849609375000e+01
8.882414245605468750e+01
8.771648406982421875e+01
8.891424560546875000e+01
8.818090820312500000e+01
8.948657989501953125e+01
8.898235321044921875e+01
8.924167633056640625e+01
8.921146392822265625e+01
8.878283691406250000e+01
8.782713317871093750e+01
8.710520935058593750e+01
8.658813476562500000e+01
8.608512878417968750e+01
8.631462860107421875e+01
8.704063415527343750e+01
8.662615203857421875e+01
8.660756683349609375e+01
8.604355621337890625e+01
8.741988372802734375e+01
8.638897705078125000e+01
8.679192352294921875e+01
8.747405242919921875e+01
8.714183044433593750e+01
8.608049011230468750e+01
8.602536010742187500e+01
8.609583282470703125e+01
8.699572753906250000e+01
8.664839935302734375e+01
8.660476684570312500e+01
8.686164855957031250e+01
8.802314758300781250e+01
8.981738281250000000e+01
8.955901336669921875e+01
8.939613342285156250e+01
8.799784851074218750e+01
8.792115020751953125e+01
8.815217590332031250e+01
8.674325561523437500e+01
8.642838287353515625e+01
8.576633453369140625e+01
8.609654235839843750e+01
8.673594665527343750e+01
8.784102630615234375e+01
8.913276672363281250e+01
8.946417999267578125e+01
8.847393798828125000e+01
8.851167297363281250e+01
8.774324035644531250e+01
8.530656433105468750e+01
8.316604614257812500e+01
8.317152404785156250e+01
8.335498046875000000e+01
8.422100830078125000e+01
8.576358032226562500e+01
8.622486877441406250e+01
8.601947784423828125e+01
8.616133117675781250e+01
8.499314117431640625e+01
8.401145935058593750e+01
8.271191406250000000e+01
8.351483154296875000e+01
8.386779785156250000e+01
8.432646942138671875e+01
8.373775482177734375e+01
8.212204742431640625e+01
8.167578125000000000e+01
8.035169219970703125e+01
8.193101501464843750e+01
8.385739898681640625e+01
8.724124145507812500e+01
8.921819305419921875e+01
8.883069610595703125e+01
8.939282226562500000e+01
9.078437042236328125e+01
9.125063323974609375e+01
9.113600921630859375e+01
8.868687438964843750e+01
8.766232299804687500e+01
8.869216918945312500e+01
8.817002868652343750e+01
8.761978912353515625e+01
8.562578582763671875e+01
8.434648132324218750e+01
8.371208953857421875e+01
8.409180450439453125e+01
8.397682189941406250e+01
8.256365203857421875e+01
8.032225036621093750e+01
7.977982330322265625e+01
8.162377929687500000e+01
8.190175628662109375e+01
8.210242462158203125e+01
8.075420379638671875e+01
8.181838989257812500e+01
8.128898620605468750e+01
7.976123809814453125e+01
7.791418457031250000e+01
7.719913482666015625e+01
7.714491271972656250e+01
7.909337615966796875e+01
8.044380187988281250e+01
8.121475219726562500e+01
8.134118652343750000e+01
8.145011138916015625e+01
8.114601898193359375e+01
8.173835754394531250e+01
8.127861785888671875e+01
8.068955230712890625e+01
8.021644592285156250e+01
7.946086120605468750e+01
8.020304870605468750e+01
7.915742492675781250e+01
7.965679931640625000e+01
7.950660705566406250e+01
7.995951843261718750e+01
7.977913665771484375e+01
7.906903076171875000e+01
7.926523590087890625e+01
7.841562652587890625e+01
7.933963012695312500e+01
7.949522399902343750e+01
8.035140228271484375e+01
8.037886810302734375e+01
8.066775512695312500e+01
8.066779327392578125e+01
8.096736145019531250e+01
8.150730133056640625e+01
8.231066894531250000e+01
8.184027099609375000e+01
8.277187347412109375e+01
8.452590942382812500e+01
8.392964172363281250e+01
8.272224426269531250e+01
8.162146759033203125e+01
7.962924194335937500e+01
7.699251556396484375e+01
7.574076843261718750e+01
7.513315582275390625e+01
7.607862091064453125e+01
7.802414703369140625e+01
7.843322753906250000e+01
7.884267425537109375e+01
7.842272186279296875e+01
7.935964202880859375e+01
8.084564971923828125e+01
8.003150939941406250e+01
7.899298095703125000e+01
7.750483703613281250e+01
7.786968994140625000e+01
7.720464324951171875e+01
7.933199310302734375e+01
7.902582550048828125e+01
7.960469055175781250e+01
8.076782226562500000e+01
8.262643432617187500e+01
8.273753356933593750e+01
8.025333404541015625e+01
7.899058532714843750e+01
7.872709655761718750e+01
7.812586212158203125e+01
7.707968902587890625e+01
7.655307006835937500e+01
7.637279510498046875e+01
7.537839508056640625e+01
7.509594726562500000e+01
7.389228820800781250e+01
7.457844543457031250e+01
7.573961639404296875e+01
7.620397949218750000e+01
7.659816741943359375e+01
7.801419830322265625e+01
7.887583923339843750e+01
7.770637512207031250e+01
7.598205566406250000e+01
7.530902099609375000e+01
7.580323028564453125e+01
7.733241271972656250e+01
7.719860839843750000e+01
7.802687835693359375e+01
7.713917541503906250e+01
7.739668273925781250e+01
7.573327636718750000e+01
7.526956939697265625e+01
7.420868682861328125e+01
7.555757904052734375e+01
7.531121826171875000e+01
7.442546844482421875e+01
7.467003631591796875e+01
7.527017211914062500e+01
7.552434539794921875e+01
7.460243988037109375e+01
7.351259613037109375e+01
7.365414428710937500e+01
7.450975036621093750e+01
7.488760375976562500e+01
7.392708587646484375e+01
7.388338470458984375e+01
7.319160461425781250e+01
7.282976531982421875e+01
7.271535491943359375e+01
7.237580871582031250e+01
7.280467224121093750e+01
7.216442108154296875e+01
7.313529968261718750e+01
7.291963195800781250e+01
7.468720245361328125e+01
7.384041595458984375e+01
7.412133789062500000e+01
7.243935394287109375e+01
7.315251922607421875e+01
7.430155181884765625e+01
7.416918945312500000e+01
7.373252868652343750e+01
7.295796203613281250e+01
7.199409484863281250e+01
7.176371002197265625e+01
7.100208282470703125e+01
7.144383239746093750e+01
7.165516662597656250e+01
7.152369689941406250e+01
7.194969177246093750e+01
7.194248962402343750e+01
7.346604156494140625e+01
7.344051361083984375e+01
7.316540527343750000e+01
7.195500946044921875e+01
7.066950988769531250e+01
7.078416442871093750e+01
7.102752685546875000e+01
7.128518676757812500e+01
7.140547943115234375e+01
7.092693328857421875e+01
7.026832580566406250e+01
6.919527435302734375e+01
6.938847351074218750e+01
6.997037506103515625e+01
7.064806365966796875e+01
7.072559356689453125e+01
7.141242218017578125e+01
7.214059448242187500e+01
7.214382934570312500e+01
7.083229827880859375e+01
6.919583129882812500e+01
6.921543121337890625e+01
6.893039703369140625e+01
7.010882568359375000e+01
7.074214172363281250e+01
7.102008819580078125e+01
7.025189971923828125e+01
6.923988342285156250e+01
7.024509429931640625e+01
7.108523559570312500e+01
7.027791595458984375e+01
6.894224548339843750e+01
6.798903656005859375e+01
6.879589843750000000e+01
6.861588287353515625e+01
6.779306793212890625e+01
6.662396240234375000e+01
6.800764465332031250e+01
6.973786163330078125e+01
6.989511108398437500e+01
6.945029449462890625e+01
6.734609985351562500e+01
6.707524871826171875e+01
6.727562713623046875e+01
6.761097717285156250e+01
6.763571929931640625e+01
6.746991729736328125e+01
6.836853790283203125e+01
6.939679718017578125e+01
7.044496154785156250e+01
7.031240081787109375e+01
6.863202667236328125e+01
6.764816284179687500e+01
6.762007904052734375e+01
6.695179748535156250e+01
6.520692443847656250e+01
6.439122772216796875e+01
6.561942291259765625e+01
6.684220886230468750e+01
6.712145996093750000e+01
6.725579833984375000e+01
6.752950286865234375e+01
6.829888916015625000e+01
6.745062255859375000e+01
6.607669830322265625e+01
6.587892913818359375e+01
6.712807464599609375e+01
6.782157897949218750e+01
6.707223510742187500e+01
6.709786224365234375e+01
6.687586212158203125e+01
6.683232116699218750e+01
6.647271728515625000e+01
6.736278533935546875e+01
6.759190368652343750e+01
6.770833587646484375e+01
6.798285675048828125e+01
6.722169494628906250e+01
6.730698394775390625e+01
6.551248931884765625e+01
6.624048614501953125e+01
6.497285461425781250e+01
6.446765136718750000e+01
6.264506149291992188e+01
6.258302688598632812e+01
6.397816085815429688e+01
6.553959655761718750e+01
6.593712615966796875e+01
6.657107543945312500e+01
6.645394897460937500e+01
6.553636932373046875e+01
6.509660339355468750e+01
6.413249969482421875e+01
6.432791900634765625e+01
6.530686950683593750e+01
6.489299774169921875e+01
6.459139251708984375e+01
6.251579666137695312e+01
6.280768203735351562e+01
6.258015060424804688e+01
6.394572830200195312e+01
6.462216949462890625e+01
6.360203170776367188e+01
6.362319183349609375e+01
6.290142059326171875e+01
6.395666503906250000e+01
6.276858139038085938e+01
6.296994018554687500e+01
6.326448059082031250e+01
6.305084991455078125e+01
6.276143264770507812e+01
6.278750610351562500e+01
6.402138519287109375e+01
6.384063339233398438e+01
6.325361251831054688e+01
6.248215866088867188e+01
6.176810836791992188e+01
6.164275360107421875e+01
6.167313385009765625e+01
6.229124450683593750e+01
6.278098297119140625e+01
6.351318359375000000e+01
6.377315521240234375e+01
6.307913208007812500e+01
6.312561798095703125e+01
6.391392517089843750e+01
6.422811126708984375e+01
6.341366577148437500e+01
6.195098114013671875e+01
6.245866012573242188e+01
6.082603454589843750e+01
6.124866485595703125e+01
6.183915328979492188e+01
6.353372192382812500e+01
6.467561340332031250e+01
6.431369018554687500e+01
6.447425079345703125e+01
6.429612731933593750e+01
6.535196685791015625e+01
6.534182739257812500e+01
6.441935729980468750e+01
6.360351562500000000e+01
6.373189926147460938e+01
6.349994659423828125e+01
6.167199707031250000e+01
6.117817687988281250e+01
6.212215805053710938e+01
6.191584777832031250e+01
5.958548355102539062e+01
5.857171249389648438e+01
5.902609634399414062e+01
6.014410018920898438e+01
6.015687561035156250e+01
6.108287048339843750e+01
6.248453903198242188e+01
6.271469116210937500e+01
6.173899078369140625e+01
6.156428146362304688e+01
6.173587799072265625e+01
6.203697967529296875e+01
6.125646972656250000e+01
6.155795288085937500e+01
6.115775680541992188e+01
6.073301696777343750e+01
6.038141632080078125e+01
5.929778289794921875e+01
5.937941360473632812e+01
5.839981079101562500e+01
5.872274017333984375e+01
5.932553100585937500e+01
5.968221282958984375e+01
6.016567993164062500e+01
6.165599441528320312e+01
6.253054046630859375e+01
6.287194061279296875e+01
6.165316390991210938e+01
6.147344207763671875e+01
6.138377380371093750e+01
5.995610809326171875e+01
5.879222106933593750e+01
5.853872299194335938e+01
5.975918579101562500e+01
6.056741714477539062e+01
6.168368148803710938e+01
6.129043960571289062e+01
6.194068908691406250e+01
6.103600311279296875e+01
6.214527511596679688e+01
6.225967407226562500e+01
6.337340545654296875e+01
6.243715286254882812e+01
6.084690856933593750e+01
5.963972854614257812e+01
5.832865524291992188e+01
5.927479171752929688e+01
6.011026763916015625e+01
6.178970718383789062e+01
6.102352523803710938e+01
5.993064117431640625e+01
5.924760818481445312e+01
5.951243591308593750e+01
6.004691314697265625e+01
6.136976242065429688e+01
6.187893676757812500e+01
6.066653823852539062e+01
5.951314544677734375e+01
5.875152969360351562e+01
5.846005630493164062e+01
5.825481796264648438e+01
5.856837844848632812e+01
5.896213912963867188e+01
5.910778427124023438e+01
5.924179840087890625e+01
5.963106155395507812e+01
6.056517028808593750e+01
5.906848144531250000e+01
5.892598342895507812e+01
5.794556045532226562e+01
5.798402786254882812e+01
5.787520217895507812e+01
5.826818847656250000e+01
5.971274948120117188e+01
6.039556884765625000e+01
5.959417724609375000e+01
5.864205932617187500e+01
5.947976684570312500e+01
5.918966674804687500e+01
5.841352081298828125e+01
5.771138000488281250e+01
5.726495361328125000e+01
5.752726364135742188e+01
5.648300933837890625e+01
5.760732650756835938e+01
5.641929626464843750e+01
5.680427169799804688e+01
5.706484603881835938e+01
5.794936370849609375e+01
5.833893203735351562e+01
5.869710922241210938e+01
5.829681015014648438e+01
5.837030029296875000e+01
5.820337295532226562e+01
5.883530426025390625e+01
5.844597244262695312e+01
5.857878112792968750e+01
5.886734771728515625e+01
5.933411788940429688e+01
5.902151870727539062e+01
5.928774642944335938e+01
5.813749694824218750e+01
5.734476852416992188e+01
5.677280426025390625e+01
5.720936203002929688e+01
5.779159164428710938e+01
5.789205932617187500e+01
5.715089797973632812e+01
5.703178405761718750e+01
5.799160766601562500e+01
5.866966247558593750e+01
5.835320663452148438e+01
5.808123016357421875e+01
5.818677902221679688e+01
5.744458007812500000e+01
5.699625778198242188e+01
5.768484878540039062e+01
5.811860275268554688e+01
5.749263000488281250e+01
5.706856918334960938e+01
5.753190612792968750e+01
5.750618362426757812e+01
5.774420547485351562e+01
5.670497131347656250e+01
5.591292953491210938e+01
5.538407516479492188e+01
5.629886627197265625e+01
5.596284866333007812e+01
5.508195495605468750e+01
5.540226364135742188e+01
5.556122589111328125e+01
5.651568603515625000e+01
5.664048767089843750e+01
5.640845108032226562e+01
5.693554306030273438e+01
5.722532653808593750e+01
5.771914291381835938e+01
5.715084457397460938e+01
5.595669937133789062e+01
5.551065444946289062e+01
5.503899383544921875e+01
5.634195327758789062e+01
5.680136108398437500e+01
5.765024948120117188e+01
5.623565673828125000e+01
5.592444229125976562e+01
5.615828323364257812e+01
5.649549865722656250e+01
5.647664260864257812e+01
5.488047027587890625e+01
5.456999206542968750e+01
5.435411071777343750e+01
5.414804077148437500e+01
5.342585372924804688e+01
5.331096649169921875e+01
5.392512130737304688e+01
5.460972976684570312e+01
5.424954605102539062e+01
5.451559066772460938e+01
5.460268783569335938e+01
5.493729400634765625e+01
5.511332702636718750e+01
5.534689331054687500e+01
5.524726867675781250e+01
5.514854431152343750e+01
5.549376678466796875e+01
5.546275329589843750e+01
5.493366241455078125e+01
5.468193817138671875e+01
5.458542633056640625e+01
5.438235092163085938e+01
5.458790206909179688e+01
5.512789916992187500e+01
5.649196624755859375e+01
5.554838943481445312e+01
5.551314163208007812e+01
5.485254287719726562e+01
5.540613937377929688e+01
5.608770751953125000e+01
5.679592132568359375e+01
5.607645416259765625e+01
5.561038970947265625e+01
5.461967849731445312e+01
5.355348205566406250e+01
5.371945190429687500e+01
5.375727462768554688e+01
5.425668334960937500e+01
5.393082427978515625e+01
5.461348342895507812e+01
5.465746688842773438e+01
5.526640319824218750e+01
5.576123428344726562e+01
5.476918792724609375e+01
5.358991622924804688e+01
5.353740310668945312e+01
5.322266769409179688e+01
5.327509307861328125e+01
5.329299163818359375e+01
5.239730453491210938e+01
5.120442581176757812e+01
5.062105178833007812e+01
5.167738342285156250e+01
5.226770019531250000e+01
5.213961410522460938e+01
5.231268310546875000e+01
5.177493286132812500e+01
5.133600234985351562e+01
5.096014022827148438e+01
5.116787719726562500e+01
5.153777313232421875e+01
5.208205413818359375e+01
5.226514434814453125e+01
5.133913040161132812e+01
5.211796188354492188e+01
5.230322647094726562e+01
5.318918609619140625e+01
5.318304443359375000e+01
5.296744918823242188e+01
5.417538452148437500e+01
5.328088760375976562e+01
5.359849548339843750e+01
5.346021270751953125e+01
5.452573776245117188e+01
5.563694763183593750e+01
5.683673095703125000e+01
5.648451232910156250e+01
5.465094757080078125e+01
5.211151885986328125e+01
5.146509933471679688e+01
5.137473297119140625e+01
5.216622543334960938e+01
5.156698226928710938e+01
5.204409790039062500e+01
5.302603149414062500e+01
5.204447174072265625e+01
5.041624069213867188e+01
4.889881896972656250e+01
4.955926895141601562e+01
5.079485702514648438e+01
5.108669281005859375e+01
5.081595230102539062e+01
4.996711730957031250e+01
5.051001739501953125e+01
5.168737030029296875e+01
5.301931381225585938e+01
5.227765274047851562e+01
5.272431182861328125e+01
5.101784896850585938e+01
5.111986160278320312e+01
4.993873596191406250e+01
5.064802551269531250e+01
4.946330261230468750e+01
5.045701599121093750e+01
5.127229690551757812e+01
5.223978042602539062e+01
5.214675903320312500e+01
5.236739349365234375e+01
5.230311965942382812e+01
5.207346725463867188e+01
5.262745666503906250e+01
5.374585342407226562e+01
5.359283447265625000e+01
5.321426010131835938e+01
5.168724441528320312e+01
5.216403961181640625e+01
5.253190994262695312e+01
5.217582702636718750e+01
5.234358978271484375e+01
5.319225692749023438e+01
5.525925827026367188e+01
5.623995590209960938e+01
5.450459671020507812e+01
5.282407760620117188e+01
5.157585906982421875e+01
5.189736557006835938e+01
4.932905578613281250e+01
4.869984054565429688e+01
4.900021743774414062e+01
5.061809539794921875e+01
5.009051132202148438e+01
4.812833023071289062e+01
4.640560531616210938e+01
4.675612640380859375e+01
4.776581954956054688e+01
4.899055099487304688e+01
4.812146377563476562e+01
4.933808135986328125e+01
4.995012283325195312e+01
5.000236129760742188e+01
4.895059585571289062e+01
4.900450134277343750e+01
5.037918472290039062e+01
5.000453186035156250e+01
5.088613510131835938e+01
5.657949066162109375e+01
5.726116943359375000e+01
5.741651916503906250e+01
5.796383285522460938e+01
5.809283447265625000e+01
5.881523513793945312e+01
5.920932388305664062e+01
5.801426696777343750e+01
5.660227584838867188e+01
5.525222778320312500e+01
5.486857986450195312e+01
5.288198852539062500e+01
5.154933929443359375e+01
5.165355300903320312e+01
5.180645370483398438e+01
5.153064727783203125e+01
5.146959686279296875e+01
5.154616546630859375e+01
5.154347610473632812e+01
5.133149719238281250e+01
5.049367904663085938e+01
5.024425506591796875e+01
5.189478302001953125e+01
5.176538848876953125e+01
5.102500915527343750e+01
4.953574371337890625e+01
4.994317626953125000e+01
4.931517791748046875e+01
4.799196243286132812e+01
4.913053131103515625e+01
5.022224807739257812e+01
5.120853424072265625e+01
5.032556915283203125e+01
5.017455291748046875e+01
5.182731246948242188e+01
5.331916427612304688e+01
5.478481292724609375e+01
5.392753219604492188e+01
5.383752441406250000e+01
5.369667434692382812e+01
5.218560791015625000e+01
5.164591598510742188e+01
5.178295898437500000e+01
5.508542633056640625e+01
5.477630615234375000e+01
5.324008941650390625e+01
5.167955017089843750e+01
5.029122543334960938e+01
4.895970916748046875e+01
4.921968460083007812e+01
4.970707702636718750e+01
5.084132385253906250e+01
5.150512313842773438e+01
5.286241149902343750e+01
5.282854461669921875e+01
5.304678726196289062e+01
5.294377136230468750e+01
5.252070236206054688e+01
5.197441482543945312e+01
5.133758163452148438e+01
5.052877426147460938e+01
5.031997680664062500e+01
5.003713607788085938e+01
4.907780075073242188e+01
4.727068710327148438e+01
4.662072372436523438e+01
4.783398437500000000e+01
4.981459808349609375e+01
4.979923629760742188e+01
5.092304229736328125e+01
5.251119613647460938e+01
5.294041824340820312e+01
5.142013168334960938e+01
5.159888839721679688e+01
5.240559005737304688e+01
5.254346084594726562e+01
5.121233749389648438e+01
5.040988159179687500e+01
4.901568984985351562e+01
4.823945236206054688e+01
4.777750778198242188e+01
4.910668182373046875e+01
5.063099288940429688e+01
5.171718978881835938e+01
5.119565963745117188e+01
5.083037948608398438e+01
5.015234375000000000e+01
5.042315673828125000e+01
4.940557479858398438e+01
4.902264404296875000e+01
4.957279205322265625e+01
4.983827209472656250e+01
5.077715301513671875e+01
5.055286788940429688e+01
5.074270248413085938e+01
5.012532043457031250e+01
4.920627212524414062e+01
4.920154571533203125e+01
5.005430221557617188e+01
5.152577972412109375e+01
5.077786254882812500e+01
5.115052795410156250e+01
5.151616287231445312e+01
5.161983108520507812e+01
5.003499603271484375e+01
5.127054977416992188e+01
5.040309143066406250e+01
4.940631484985351562e+01
4.826269531250000000e+01
4.896302413940429688e+01
4.847938919067382812e+01
4.813020324707031250e+01
4.713164520263671875e+01
4.787674331665039062e+01
4.834250640869140625e+01
4.824700546264648438e+01
4.723448562622070312e+01
4.694791030883789062e+01
4.821111297607421875e+01
4.727952957153320312e+01
4.595470428466796875e+01
4.741554641723632812e+01
4.841625213623046875e+01
4.984451293945312500e+01
5.029962158203125000e+01
5.057961273193359375e+01
4.891716766357421875e+01
4.974758911132812500e+01
5.051098251342773438e+01
5.050208663940429688e+01
5.060350799560546875e+01
5.139960098266601562e+01
5.049659729003906250e+01
4.912152099609375000e+01
4.888975524902343750e+01
4.896305847167968750e+01
4.916217803955078125e+01
4.903912734985351562e+01
5.049946212768554688e+01
5.176748275756835938e+01
5.193672943115234375e+01
5.130609512329101562e+01
5.005625152587890625e+01
5.058498001098632812e+01
5.047145462036132812e+01
4.941270065307617188e+01
4.787282180786132812e+01
4.678521347045898438e+01
4.754506683349609375e+01
4.846264648437500000e+01
4.976204299926757812e+01
4.924617767333984375e+01
4.990480422973632812e+01
4.989161682128906250e+01
5.097662353515625000e+01
4.897521972656250000e+01
4.861025238037109375e+01
4.826302719116210938e+01
4.911626434326171875e+01
4.814332199096679688e+01
4.748072814941406250e+01
4.845359802246093750e+01
4.862843704223632812e+01
4.773284912109375000e+01
4.728178405761718750e+01
4.696238708496093750e+01
4.752919387817382812e+01
4.818033218383789062e+01
5.080147171020507812e+01
5.103875350952148438e+01
4.990854644775390625e+01
4.867156600952148438e+01
4.835730743408203125e+01
4.864159011840820312e+01
4.919699859619140625e+01
4.947807693481445312e+01
4.934766387939453125e+01
5.012468338012695312e+01
5.029836273193359375e+01
4.948500442504882812e+01
4.759135055541992188e+01
4.768910980224609375e+01
4.812077713012695312e+01
4.838628768920898438e+01
4.838054275512695312e+01
4.859772491455078125e+01
4.816024780273437500e+01
4.787346649169921875e+01
4.904498672485351562e+01
4.989234542846679688e+01
4.975694656372070312e+01
4.777118682861328125e+01
4.633381652832031250e+01
4.626417922973632812e+01
4.796005249023437500e+01
4.898948669433593750e+01
4.891838836669921875e+01
4.903386306762695312e+01
4.806387329101562500e+01
4.753598403930664062e+01
4.758528518676757812e+01
4.793722534179687500e+01
4.910098266601562500e+01
4.980169296264648438e+01
5.000449752807617188e+01
4.976031875610351562e+01
5.004775238037109375e+01
4.967529296875000000e+01
4.901804351806640625e+01
4.914492797851562500e+01
4.832953643798828125e+01
4.659017562866210938e+01
4.597859573364257812e+01
4.664471054077148438e+01
4.689057159423828125e+01
4.754236221313476562e+01
4.819869613647460938e+01
4.781239700317382812e+01
4.761109542846679688e+01
4.871025466918945312e+01
4.772031784057617188e+01
4.729949188232421875e+01
4.684831619262695312e+01
4.671071243286132812e+01
4.647747039794921875e+01
4.791072845458984375e+01
4.843266677856445312e+01
4.856094741821289062e+01
4.809450531005859375e+01
4.729161071777343750e+01
4.652759170532226562e+01
4.608334732055664062e+01
4.727359771728515625e+01
4.847391128540039062e+01
4.887171554565429688e+01
4.813052368164062500e+01
4.671228408813476562e+01
4.645674133300781250e+01
4.775040054321289062e+01
4.859024429321289062e+01
4.800266265869140625e+01
4.842869186401367188e+01
4.838755035400390625e+01
4.781861877441406250e+01
4.743257522583007812e+01
4.817223358154296875e+01
4.840592956542968750e+01
4.871834182739257812e+01
4.839286804199218750e+01
4.785293579101562500e+01
4.766403961181640625e+01
4.754484939575195312e+01
4.754524230957031250e+01
4.717255401611328125e+01
4.848729705810546875e+01
4.762749099731445312e+01
4.768987274169921875e+01
4.701267242431640625e+01
4.746974945068359375e+01
4.845753479003906250e+01
4.843061447143554688e+01
4.917681503295898438e+01
4.967338180541992188e+01
4.976328659057617188e+01
4.944019317626953125e+01
4.864169692993164062e+01
4.956427001953125000e+01
4.915926361083984375e+01
4.949121475219726562e+01
4.930218887329101562e+01
5.017277526855468750e+01
5.109999847412109375e+01
5.130668258666992188e+01
5.204700851440429688e+01
5.136891937255859375e+01
5.063362121582031250e+01
4.957097244262695312e+01
5.063314056396484375e+01
5.021156692504882812e+01
5.031795120239257812e+01
4.897322845458984375e+01
4.843069076538085938e+01
4.808650970458984375e+01
4.839279174804687500e+01
4.767205810546875000e+01
4.909052658081054688e+01
4.915903472900390625e+01
4.700457000732421875e+01
4.556657028198242188e+01
4.768687820434570312e+01
4.922224426269531250e+01
4.816018295288085938e+01
4.714783859252929688e+01
4.812799835205078125e+01
4.908399963378906250e+01
4.888887023925781250e+01
4.897111892700195312e+01
4.919960403442382812e+01
5.055863952636718750e+01
5.087350845336914062e+01
4.938650131225585938e+01
4.751634979248046875e+01
4.732096481323242188e+01
4.770643615722656250e+01
4.730634307861328125e+01
4.814139938354492188e+01
4.928116226196289062e+01
4.952882385253906250e+01
4.868454360961914062e+01
4.948804092407226562e+01
4.976159667968750000e+01
4.860215759277343750e+01
4.805539703369140625e+01
4.861638641357421875e+01
4.860949707031250000e+01
4.928153610229492188e+01
5.039210128784179688e+01
5.076177215576171875e+01
5.095165634155273438e+01
5.011589813232421875e+01
4.935834884643554688e+01
4.843898391723632812e+01
4.893130874633789062e+01
5.070209121704101562e+01
5.058381271362304688e+01
4.888324737548828125e+01
4.849681472778320312e+01
4.808703613281250000e+01
4.797117614746093750e+01
4.821308898925781250e+01
4.818811416625976562e+01
4.796715545654296875e+01
4.851900100708007812e+01
4.920184707641601562e+01
5.029974365234375000e+01
5.077752685546875000e+01
5.029576492309570312e+01
5.047945785522460938e+01
5.071897506713867188e+01
4.990263366699218750e+01
4.833264923095703125e+01
4.765164566040039062e+01
4.804250335693359375e+01
4.912030792236328125e+01
4.896027755737304688e+01
4.945333480834960938e+01
4.961551666259765625e+01
4.773805618286132812e+01
4.703343200683593750e+01
4.982282638549804688e+01
5.015653610229492188e+01
4.982212066650390625e+01
4.867726135253906250e+01
4.865455627441406250e+01
4.746551513671875000e+01
4.732173919677734375e+01
4.849879074096679688e+01
5.046878051757812500e+01
5.186955261230468750e+01
5.155714797973632812e+01
5.042943191528320312e+01
5.019866180419921875e+01
4.956827163696289062e+01
4.923083114624023438e+01
4.973946380615234375e+01
5.050121307373046875e+01
5.116741180419921875e+01
5.206597518920898438e+01
5.141694641113281250e+01
5.055580520629882812e+01
4.957149505615234375e+01
4.956774139404296875e+01
4.995716476440429688e+01
4.925326538085937500e+01
4.916582489013671875e+01
4.824481964111328125e+01
4.814033126831054688e+01
4.948929977416992188e+01
4.951341247558593750e+01
4.938819503784179688e+01
4.975784301757812500e+01
5.000824356079101562e+01
4.864426040649414062e+01
4.818672180175781250e+01
4.977839660644531250e+01
5.043764877319335938e+01
5.003804779052734375e+01
5.116800689697265625e+01
5.092229461669921875e+01
5.106993484497070312e+01
5.182949066162109375e+01
5.103023529052734375e+01
5.046932220458984375e+01
5.124875640869140625e+01
5.073911285400390625e+01
4.937180328369140625e+01
4.731921386718750000e+01
4.822182083129882812e+01
5.126146697998046875e+01
5.150501632690429688e+01
5.088385391235351562e+01
5.020211410522460938e+01
5.010092544555664062e+01
4.911242675781250000e+01
4.985873413085937500e+01
5.017360305786132812e+01
5.004652404785156250e+01
5.019715881347656250e+01
4.956683731079101562e+01
4.994670104980468750e+01
4.983321380615234375e+01
4.899459457397460938e+01
4.879343414306640625e+01
4.985600662231445312e+01
4.986936187744140625e+01
4.907436752319335938e+01
5.001391220092773438e+01
5.019784927368164062e+01
5.044116210937500000e+01
5.044684600830078125e+01
4.937113952636718750e+01
4.922754287719726562e+01
4.898227691650390625e+01
4.824655914306640625e+01
4.831106567382812500e+01
4.839706420898437500e+01
4.806779098510742188e+01
4.794670867919921875e+01
4.849847412109375000e+01
4.882997512817382812e+01
4.934980392456054688e+01
4.873402404785156250e+01
4.897183609008789062e+01
4.881371307373046875e+01
4.829272842407226562e+01
4.818651962280273438e+01
4.783346176147460938e+01
4.816379928588867188e+01
4.890112686157226562e+01
4.948531723022460938e+01
4.878860473632812500e+01
4.850753784179687500e+01
5.007815933227539062e+01
5.196044921875000000e+01
5.162248992919921875e+01
5.029527282714843750e+01
5.052938842773437500e+01
5.061510467529296875e+01
4.992816543579101562e+01
4.673756408691406250e+01
4.655816268920898438e+01
4.753423690795898438e+01
4.727346801757812500e+01
4.734838485717773438e+01
4.755476760864257812e+01
4.577286529541015625e+01
4.564268493652343750e+01
4.603597259521484375e+01
4.483565521240234375e+01
4.428952407836914062e+01
4.572182846069335938e+01
4.592122268676757812e+01
4.828163909912109375e+01
5.002682876586914062e+01
5.111479187011718750e+01
5.154248046875000000e+01
4.847462463378906250e+01
4.646203613281250000e+01
4.694856262207031250e+01
4.819405746459960938e+01
4.813388442993164062e+01
4.711021804809570312e+01
4.908620452880859375e+01
5.128732681274414062e+01
5.034187316894531250e+01
4.870357131958007812e+01
4.757499313354492188e+01
4.919489288330078125e+01
5.294945907592773438e+01
5.448461151123046875e+01
5.406029129028320312e+01
5.350101089477539062e+01
5.154578781127929688e+01
4.974736022949218750e+01
4.921887207031250000e+01
4.876639556884765625e+01
4.870026016235351562e+01
4.988490295410156250e+01
5.096348190307617188e+01
5.110874938964843750e+01
5.007064819335937500e+01
4.859847640991210938e+01
4.907452392578125000e+01
4.871072387695312500e+01
4.818774795532226562e+01
4.929160308837890625e+01
5.043535614013671875e+01
4.933272933959960938e+01
4.912157821655273438e+01
4.990476608276367188e+01
4.959397125244140625e+01
4.852740097045898438e+01
4.960683059692382812e+01
5.090163421630859375e+01
5.207931518554687500e+01
5.219993972778320312e+01
5.043158340454101562e+01
5.010848617553710938e+01
4.926407241821289062e+01
4.859779739379882812e+01
4.966120910644531250e+01
5.052787780761718750e+01
5.096745681762695312e+01
5.095897674560546875e+01
4.993753433227539062e+01
5.189656829833984375e+01
5.216550827026367188e+01
4.999950790405273438e+01
4.937789535522460938e+01
4.959509658813476562e+01
5.069749450683593750e+01
5.083628082275390625e+01
5.038717269897460938e+01
4.903889083862304688e+01
4.944910812377929688e+01
5.015497589111328125e+01
4.909321212768554688e+01
4.953623962402343750e+01
5.076163864135742188e+01
5.092016601562500000e+01
4.964250564575195312e+01
4.886940002441406250e+01
4.868640899658203125e+01
4.849649429321289062e+01
4.926798629760742188e+01
4.850728225708007812e+01
4.827328872680664062e+01
4.975838470458984375e+01
4.913493347167968750e+01
4.878086853027343750e+01
5.075429916381835938e+01
5.050551986694335938e+01
5.050620651245117188e+01
4.989533996582031250e+01
4.853374862670898438e+01
4.818174362182617188e+01
4.837517547607421875e+01
5.018932342529296875e+01
5.041273498535156250e+01
4.935533142089843750e+01
4.726841735839843750e+01
4.636221694946289062e+01
4.888236999511718750e+01
5.035301589965820312e+01
4.955801010131835938e+01
4.810562515258789062e+01
4.714012908935546875e+01
4.901342391967773438e+01
5.026811599731445312e+01
4.999392700195312500e+01
4.930675506591796875e+01
4.814177703857421875e+01
4.785602188110351562e+01
4.806977844238281250e+01
4.731047821044921875e+01
4.913736343383789062e+01
5.020249176025390625e+01
4.850117874145507812e+01
4.775851821899414062e+01
4.942412567138671875e+01
4.906938934326171875e+01
4.996979141235351562e+01
4.889655303955078125e+01
4.558623504638671875e+01
4.621538543701171875e+01
4.662784194946289062e+01
4.659824371337890625e+01
4.892988204956054688e+01
4.854067230224609375e+01
4.833491516113281250e+01
4.862865447998046875e+01
4.916795349121093750e+01
4.907430648803710938e+01
4.835212326049804688e+01
4.872957992553710938e+01
4.961921310424804688e+01
4.836947250366210938e+01
4.763790130615234375e+01
4.686035919189453125e+01
4.730231094360351562e+01
4.846392059326171875e+01
4.878531265258789062e+01
4.698488998413085938e+01
4.578292083740234375e+01
4.610147476196289062e+01
4.719194793701171875e+01
4.948995971679687500e+01
4.975440979003906250e+01
4.721360778808593750e+01
4.580704498291015625e+01
4.691838836669921875e+01
4.725587081909179688e+01
4.652796936035156250e+01
4.535974121093750000e+01
4.489841461181640625e+01
4.527243423461914062e+01
4.585105133056640625e+01
4.655368804931640625e+01
4.643103027343750000e+01
4.469987869262695312e+01
4.632890701293945312e+01
4.764140701293945312e+01
4.602638244628906250e+01
4.552324676513671875e+01
4.656231689453125000e+01
4.735620880126953125e+01
4.804445266723632812e+01
4.803185272216796875e+01
4.651348876953125000e+01
4.437624359130859375e+01
4.603580093383789062e+01
4.755120086669921875e+01
4.783083343505859375e+01
4.768491363525390625e+01
4.651303863525390625e+01
4.582382965087890625e+01
4.607622528076171875e+01
4.693357467651367188e+01
4.658530807495117188e+01
4.681122589111328125e+01
4.773171234130859375e+01
4.809348297119140625e+01
4.830031585693359375e+01
4.835289764404296875e+01
4.828237533569335938e+01
4.804669570922851562e+01
4.738431930541992188e+01
4.706989288330078125e+01
4.765212249755859375e+01
4.752413177490234375e+01
4.783538436889648438e+01
4.786040115356445312e+01
4.768349456787109375e+01
4.725969696044921875e+01
4.655165863037109375e+01
4.621051788330078125e+01
4.853223800659179688e+01
5.021618270874023438e+01
4.898567581176757812e+01
4.733364868164062500e+01
4.746348953247070312e+01
4.643534088134765625e+01
4.590322113037109375e+01
4.612033462524414062e+01
4.684812927246093750e+01
4.680584716796875000e+01
4.622684478759765625e+01
4.597879028320312500e+01
4.659865570068359375e+01
4.748326492309570312e+01
4.701659011840820312e+01
4.660050201416015625e+01
4.729821777343750000e+01
4.706821441650390625e+01
4.602618789672851562e+01
4.639955520629882812e+01
4.577739715576171875e+01
4.616720962524414062e+01
4.688475799560546875e+01
4.751620864868164062e+01
4.862252807617187500e+01
4.749151992797851562e+01
4.432342910766601562e+01
4.415123748779296875e+01
4.582057952880859375e+01
4.666848373413085938e+01
4.705697250366210938e+01
4.639696884155273438e+01
4.601966857910156250e+01
4.767399215698242188e+01
4.900060272216796875e+01
4.848389053344726562e+01
4.809262847900390625e+01
4.746015167236328125e+01
4.624648284912109375e+01
4.531011581420898438e+01
4.519799423217773438e+01
4.444213485717773438e+01
4.582181549072265625e+01
4.763886642456054688e+01
4.674290084838867188e+01
4.587758255004882812e+01
4.633969497680664062e+01
4.499263763427734375e+01
4.573478317260742188e+01
4.742085266113281250e+01
4.598643875122070312e+01
4.545755386352539062e+01
4.518703842163085938e+01
4.540398788452148438e+01
4.537742614746093750e+01
4.443510437011718750e+01
4.421159362792968750e+01
4.348708343505859375e+01
4.514517974853515625e+01
4.693737030029296875e+01
4.657814788818359375e+01
4.602796554565429688e+01
4.566925811767578125e+01
4.524232101440429688e+01
4.598311614990234375e+01
4.645979690551757812e+01
4.657463073730468750e+01
4.589025115966796875e+01
4.515666961669921875e+01
4.488679504394531250e+01
4.467391204833984375e+01
4.585709381103515625e+01
4.647058105468750000e+01
4.549189758300781250e+01
4.577585601806640625e+01
4.589991378784179688e+01
4.555786895751953125e+01
4.599567794799804688e+01
4.574468994140625000e+01
4.680519866943359375e+01
4.703856658935546875e+01
4.703886032104492188e+01
4.780511093139648438e+01
4.756419372558593750e+01
4.757442092895507812e+01
4.778079605102539062e+01
4.695593261718750000e+01
4.636223983764648438e+01
4.611642837524414062e+01
4.506957244873046875e+01
4.546408843994140625e+01
4.606676864624023438e+01
4.591452407836914062e+01
4.507955551147460938e+01
4.383634185791015625e+01
4.316041564941406250e+01
4.362646484375000000e+01
4.464099502563476562e+01
4.531948089599609375e+01
4.637783813476562500e+01
4.694700241088867188e+01
4.550607299804687500e+01
4.417322921752929688e+01
4.325764846801757812e+01
4.383971405029296875e+01
4.449737548828125000e+01
4.462892913818359375e+01
4.515399932861328125e+01
4.533961486816406250e+01
4.519456481933593750e+01
4.395285415649414062e+01
4.303023910522460938e+01
4.378868865966796875e+01
4.419935226440429688e+01
4.554753494262695312e+01
4.547611999511718750e+01
4.482049179077148438e+01
4.594375991821289062e+01
4.670385742187500000e+01
4.540137100219726562e+01
4.357167053222656250e+01
4.369179916381835938e+01
4.409672164916992188e+01
4.340853500366210938e+01
4.214144134521484375e+01
4.165849304199218750e+01
4.218663787841796875e+01
4.424735260009765625e+01
4.483372497558593750e+01
4.426519775390625000e+01
4.411572647094726562e+01
4.408872604370117188e+01
4.539923095703125000e+01
4.559816741943359375e+01
4.465244674682617188e+01
4.354327392578125000e+01
4.275551605224609375e+01
4.351349258422851562e+01
4.423441314697265625e+01
4.404582214355468750e+01
4.446579742431640625e+01
4.459745407104492188e+01
4.451884078979492188e+01
4.436608123779296875e+01
4.437146377563476562e+01
4.474906921386718750e+01
4.518157577514648438e+01
4.555186462402343750e+01
4.713256454467773438e+01
4.743158340454101562e+01
4.554893493652343750e+01
4.348767852783203125e+01
4.255706024169921875e+01
4.256471633911132812e+01
4.302246475219726562e+01
4.447376251220703125e+01
4.473242187500000000e+01
4.486596679687500000e+01
4.399010467529296875e+01
4.321280288696289062e+01
4.461278915405273438e+01
4.619850158691406250e+01
4.492250442504882812e+01
4.136575698852539062e+01
4.113666152954101562e+01
4.380174636840820312e+01
4.423706054687500000e+01
4.191542434692382812e+01
4.373857498168945312e+01
4.469483947753906250e+01
4.174016952514648438e+01
4.211662292480468750e+01
4.346487808227539062e+01
4.212049484252929688e+01
4.095228958129882812e+01
3.949394226074218750e+01
4.040001296997070312e+01
4.366378402709960938e+01
4.283671188354492188e+01
4.225115966796875000e+01
4.320568084716796875e+01
4.170161056518554688e+01
3.907720565795898438e+01
3.988808059692382812e+01
4.227422714233398438e+01
4.509824371337890625e+01
4.260959625244140625e+01
4.031863403320312500e+01
4.537650680541992188e+01
5.071585083007812500e+01
4.822941589355468750e+01
4.477228927612304688e+01
4.852693939208984375e+01
4.648896789550781250e+01
3.922019958496093750e+01
3.893635177612304688e+01
4.138663101196289062e+01
4.133498764038085938e+01
3.853401184082031250e+01
3.837005996704101562e+01
4.039193344116210938e+01
4.002376556396484375e+01
3.887972259521484375e+01
3.992078399658203125e+01
4.085435485839843750e+01
3.928201293945312500e+01
3.878894805908203125e+01
4.190744400024414062e+01
4.220885086059570312e+01
4.166773605346679688e+01
4.317444229125976562e+01
4.097747421264648438e+01
4.074682617187500000e+01
4.062812423706054688e+01
4.088800430297851562e+01
4.471640014648437500e+01
4.714456939697265625e+01
4.460474777221679688e+01
4.272893524169921875e+01
4.031621170043945312e+01
3.933419418334960938e+01
4.070922088623046875e+01
4.177515029907226562e+01
3.937573623657226562e+01
3.487216949462890625e+01
3.512238311767578125e+01
3.694519424438476562e+01
4.131053543090820312e+01
3.742743682861328125e+01
3.889692306518554688e+01
4.098349761962890625e+01
3.737456130981445312e+01
3.535324096679687500e+01
3.439171218872070312e+01
3.798425292968750000e+01
4.913707351684570312e+01
5.753225326538085938e+01
4.727830886840820312e+01
4.236111450195312500e+01
4.042603683471679688e+01
5.172343826293945312e+01
6.841801452636718750e+01
4.898438262939453125e+01
2.522369575500488281e+01
3.361115264892578125e+01
6.019844436645507812e+01
7.242612457275390625e+01
7.461759948730468750e+01
5.056175231933593750e+01
3.521878051757812500e+01
3.380649566650390625e+01
4.034276580810546875e+01
5.842306518554687500e+01
5.117460250854492188e+01
3.375028610229492188e+01
3.786353302001953125e+01
6.368699264526367188e+01
nan
nan
nan
